64 28
0000000000000000000000000000
0000000000000000000000000001
0000000000000000000010000000
0000000000000000000010000011
0000000000000010000000000000
0000000000000010000000000101
0000000000000010000110000000
0000000000000010000110000111
0000000001000000000000000000
0000000001000000000000001001
0000000001000000001010000000
0000000001000000001010001011
0000000001000110000000000000
0000000001000110000000001101
0000000001000110001110000000
0000000001000110001110001111
0010000000000000000000000000
0010000000000000000000100001
0010000000000000100010000000
0010000000000000100010100011
0010000000010010000000000000
0010000000010010000000100101
0010000000010010100110000000
0010000000010010100110100111
0010000101000000000000000000
0010000101000000000000101001
0010000101000000101010000000
0010000101000000101010101011
0010000101010110000000000000
0010000101010110000000101101
0010000101010110101110000000
0010000101010110101110101111
1000000000000000000000000000
1000000000000000000001000001
1000000000000001000010000000
1000000000000001000011000011
1000000000100010000000000000
1000000000100010000001000101
1000000000100011000110000000
1000000000100011000111000111
1000001001000000000000000000
1000001001000000000001001001
1000001001000001001010000000
1000001001000001001011001011
1000001001100110000000000000
1000001001100110000001001101
1000001001100111001110000000
1000001001100111001111001111
1111110000000000000000000000
1111110000000000000001110001
1111110000000001110010000000
1111110000000001110011110011
1111110000111010000000000000
1111110000111010000001110101
1111110000111011110110000000
1111110000111011110111110111
1111111111000000000000000000
1111111111000000000001111001
1111111111000001111010000000
1111111111000001111011111011
1111111111111110000000000000
1111111111111110000001111101
1111111111111111111110000000
1111111111111111111111111111
