127 29
00000000000000000000000000001
00000000000000000000000000010
00000000000000000000000000011
00000000000000000000100000000
00000000000000000000100000001
00000000000000000000100000110
00000000000000000000100000111
00000000000000100000000000000
00000000000000100000000000001
00000000000000100000000001010
00000000000000100000000001011
00000000000000100001100000000
00000000000000100001100000001
00000000000000100001100001110
00000000000000100001100001111
00000000010000000000000000000
00000000010000000000000000001
00000000010000000000000010010
00000000010000000000000010011
00000000010000000010100000000
00000000010000000010100000001
00000000010000000010100010110
00000000010000000010100010111
00000000010001100000000000000
00000000010001100000000000001
00000000010001100000000011010
00000000010001100000000011011
00000000010001100011100000000
00000000010001100011100000001
00000000010001100011100011110
00000000010001100011100011111
00000100000000000000000000000
00000100000000000000000000001
00000100000000000000000100010
00000100000000000000000100011
00000100000000000100100000000
00000100000000000100100000001
00000100000000000100100100110
00000100000000000100100100111
00000100000010100000000000000
00000100000010100000000000001
00000100000010100000000101010
00000100000010100000000101011
00000100000010100101100000000
00000100000010100101100000001
00000100000010100101100101110
00000100000010100101100101111
00000100110000000000000000000
00000100110000000000000000001
00000100110000000000000110010
00000100110000000000000110011
00000100110000000110100000000
00000100110000000110100000001
00000100110000000110100110110
00000100110000000110100110111
00000100110011100000000000000
00000100110011100000000000001
00000100110011100000000111010
00000100110011100000000111011
00000100110011100111100000000
00000100110011100111100000001
00000100110011100111100111110
00000100110011100111100111111
00100000000000000000000000000
00100000000000000000000000001
00100000000000000000001000010
00100000000000000000001000011
00100000000000001000100000000
00100000000000001000100000001
00100000000000001000101000110
00100000000000001000101000111
00100000000100100000000000000
00100000000100100000000000001
00100000000100100000001001010
00100000000100100000001001011
00100000000100101001100000000
00100000000100101001100000001
00100000000100101001101001110
00100000000100101001101001111
00100001010000000000000000000
00100001010000000000000000001
00100001010000000000001010010
00100001010000000000001010011
00100001010000001010100000000
00100001010000001010100000001
00100001010000001010101010110
00100001010000001010101010111
00100001010101100000000000000
00100001010101100000000000001
00100001010101100000001011010
00100001010101100000001011011
00100001010101101011100000000
00100001010101101011100000001
00100001010101101011101011110
00100001010101101011101011111
00101100000000000000000000000
00101100000000000000000000001
00101100000000000000001100010
00101100000000000000001100011
00101100000000001100100000000
00101100000000001100100000001
00101100000000001100101100110
00101100000000001100101100111
00101100000110100000000000000
00101100000110100000000000001
00101100000110100000001101010
00101100000110100000001101011
00101100000110101101100000000
00101100000110101101100000001
00101100000110101101101101110
00101100000110101101101101111
00101101110000000000000000000
00101101110000000000000000001
00101101110000000000001110010
00101101110000000000001110011
00101101110000001110100000000
00101101110000001110100000001
00101101110000001110101110110
00101101110000001110101110111
00101101110111100000000000000
00101101110111100000000000001
00101101110111100000001111010
00101101110111100000001111011
00101101110111101111100000000
00101101110111101111100000001
00101101110111101111101111110
00101101110111101111101111111
