64 28
0000000000000000000000000000
0000000000000000000000000001
0000000000000000000010000000
0000000000000000000010000011
0000000001000000000000000000
0000000001000000000000001001
0000000001000000001010000000
0000000001000000001010001011
0000010000000000000000000000
0000010000000000000000010001
0000010000000000010010000000
0000010000000000010010010011
0000010011000000000000000000
0000010011000000000000011001
0000010011000000011010000000
0000010011000000011010011011
0010000000000000000000000000
0010000000000000000000100001
0010000000000000100010000000
0010000000000000100010100011
0010000101000000000000000000
0010000101000000000000101001
0010000101000000101010000000
0010000101000000101010101011
0010110000011010000000000000
0010110000011010000000110101
0010110000011010110110000000
0010110000011010110110110111
0010110111011110000000000000
0010110111011110000000111101
0010110111011110111110000000
0010110111011110111110111111
1000000000000000000000000000
1000000000000000000001000001
1000000000000001000010000000
1000000000000001000011000011
1000001001100110000000000000
1000001001100110000001001101
1000001001100111001110000000
1000001001100111001111001111
1001010000000000000000000000
1001010000000000000001010001
1001010000000001010010000000
1001010000000001010011010011
1001011011101110000000000000
1001011011101110000001011101
1001011011101111011110000000
1001011011101111011111011111
1110000000110010000000000000
1110000000110010000001100101
1110000000110011100110000000
1110000000110011100111100111
1110001101000000000000000000
1110001101000000000001101001
1110001101000001101010000000
1110001101000001101011101011
1111110000000000000000000000
1111110000000000000001110001
1111110000000001110010000000
1111110000000001110011110011
1111111111111110000000000000
1111111111111110000001111101
1111111111111111111110000000
1111111111111111111111111111
