72 28
0000000000000000000000000000
0000000000000000000000000001
0000000000000000000010000000
0000000000000000000010000011
0000000000000010000000000000
0000000000000010000000000101
0000000000000010000110000000
0000000000000010000110000111
0000000001000000000000000000
0000000001000000000000001001
0000000001000000001010000000
0000000001000000001010001011
0000000001000110000000000000
0000000001000110000000001101
0000000001000110001110000000
0000000001000110001110001111
0000010000000000000000000000
0000010000000000000000010001
0000010000000000010010000000
0000010000000000010010010011
0000010000001010000000000000
0000010000001010000000010101
0000010000001010010110000000
0000010000001010010110010111
0010000000000000000000000000
0010000000000000000000100001
0010000000000000100010000000
0010000000000000100010100011
0010000101000000000000000000
0010000101000000000000101001
0010000101000000101010000000
0010000101000000101010101011
0010110000000000000000000000
0010110000000000000000110001
0010110000000000110010000000
0010110000000000110010110011
0010110111011110000000000000
0010110111011110000000111101
0010110111011110111110000000
0010110111011110111110111111
1000000000000000000000000000
1000000000000000000001000001
1000000000100010000000000000
1000000000100010000001000101
1000001001000000000000000000
1000001001000000000001001001
1000001001100110000000000000
1000001001100110000001001101
1001010000000000000000000000
1001010000000000000001010001
1001010000101010000000000000
1001010000101010000001010101
1001011011000001011010000000
1001011011000001011011011011
1001011011101111011110000000
1001011011101111011111011111
1110000000000001100010000000
1110000000000001100011100011
1110000000110010000000000000
1110000000110010000001100101
1110001101000001101010000000
1110001101000001101011101011
1110001101110110000000000000
1110001101110110000001101101
1111110000000001110010000000
1111110000000001110011110011
1111110000111010000000000000
1111110000111010000001110101
1111111111000000000000000000
1111111111000000000001111001
1111111111111111111110000000
1111111111111111111111111111
