64 28
0000000000000000000000000000
0000000000000000000010000000
0000000000000010000000000000
0000000000000010000110000000
0000000001000000000000000000
0000000001000000001010000000
0000000001000110000000000000
0000000001000110001110000000
0000010000000000000000000000
0000010000000000010010000000
0000010000001010000000000000
0000010000001010010110000000
0000010011000000000000011001
0000010011000000011010011011
0000010011001110000000011101
0000010011001110011110011111
0010000000000000000000000000
0010000000000000100010000000
0010000000010010000000100101
0010000000010010100110100111
0010000101000000000000000000
0010000101000000101010000000
0010000101010110000000101101
0010000101010110101110101111
0010110000000000000000000000
0010110000000000110010000000
0010110000011010000000110101
0010110000011010110110110111
0010110111000000000000111001
0010110111000000111010111011
0010110111011110000000000000
0010110111011110111110000000
1000000000000000000000000000
1000000000000001000011000011
1000000000100010000000000000
1000000000100011000111000111
1000001001000000000000000000
1000001001000001001011001011
1000001001100110000000000000
1000001001100111001111001111
1001010000000000000000000000
1001010000000001010011010011
1001010000101010000000000000
1001010000101011010111010111
1001011011000000000001011001
1001011011000001011010000000
1001011011101110000001011101
1001011011101111011110000000
1110000000000000000001100001
1110000000000001100010000000
1110000000110010000000000000
1110000000110011100111100111
1110001101000000000001101001
1110001101000001101010000000
1110001101110110000000000000
1110001101110111101111101111
1111110000000000000001110001
1111110000000001110010000000
1111110000111010000000000000
1111110000111011110111110111
1111111111000000000000000000
1111111111000001111011111011
1111111111111110000001111101
1111111111111111111110000000
