80 28
0000000000000000000000000000
0000000000000000000000000001
0000000000000000000010000000
0000000000000000000010000011
0000000000000010000000000000
0000000000000010000000000101
0000000000000010000110000000
0000000000000010000110000111
0000000001000000000000000000
0000000001000000000000001001
0000000001000000001010000000
0000000001000000001010001011
0000000001000110000000000000
0000000001000110000000001101
0000000001000110001110000000
0000000001000110001110001111
0000010000000000000000000000
0000010000000000000000010001
0000010000000000010010000000
0000010000000000010010010011
0000010000001010000000000000
0000010000001010000000010101
0000010000001010010110000000
0000010000001010010110010111
0000010011000000000000000000
0000010011000000000000011001
0000010011000000011010000000
0000010011000000011010011011
0000010011001110000000000000
0000010011001110000000011101
0000010011001110011110000000
0000010011001110011110011111
0010000000000000000000000000
0010000000000000000000100001
0010000000000000100010000000
0010000000000000100010100011
0010000000010010000000000000
0010000000010010000000100101
0010000000010010100110000000
0010000000010010100110100111
0010000101000000000000000000
0010000101000000000000101001
0010000101000000101010000000
0010000101000000101010101011
0010000101010110000000000000
0010000101010110000000101101
0010000101010110101110000000
0010000101010110101110101111
1000000000000000000000000000
1000000000000000000001000001
1000000000000001000010000000
1000000000000001000011000011
1000000000100010000000000000
1000000000100010000001000101
1000000000100011000110000000
1000000000100011000111000111
1001010000000000000000000000
1001010000000000000001010001
1001010000000001010010000000
1001010000000001010011010011
1001010000101010000000000000
1001010000101010000001010101
1001010000101011010110000000
1001010000101011010111010111
1110001101000000000000000000
1110001101000000000001101001
1110001101000001101010000000
1110001101000001101011101011
1110001101110110000000000000
1110001101110110000001101101
1110001101110111101110000000
1110001101110111101111101111
1111110000000000000000000000
1111110000000000000001110001
1111110000000001110010000000
1111110000000001110011110011
1111110000111010000000000000
1111110000111010000001110101
1111110000111011110110000000
1111110000111011110111110111
