127 29
00000000000000000000000000001
00000000000000000000000000010
00000000000000000000000000011
00000000000000000000100000000
00000000000000000000100000001
00000000000000000000100000110
00000000000000000000100000111
00000000000000100000000000000
00000000000000100000000000001
00000000000000100000000001010
00000000000000100000000001011
00000000000000100001100000000
00000000000000100001100000001
00000000000000100001100001110
00000000000000100001100001111
00000000010000000000000000000
00000000010000000000000000001
00000000010000000000000010010
00000000010000000000000010011
00000000010000000010100000000
00000000010000000010100000001
00000000010000000010100010110
00000000010000000010100010111
00000000010001100000000000000
00000000010001100000000000001
00000000010001100000000011010
00000000010001100000000011011
00000000010001100011100000000
00000000010001100011100000001
00000000010001100011100011110
00000000010001100011100011111
00000100000000000000000000000
00000100000000000000000000001
00000100000000000000000100010
00000100000000000000000100011
00000100000000000100100000000
00000100000000000100100000001
00000100000000000100100100110
00000100000000000100100100111
00000100000010100000000000000
00000100000010100000000000001
00000100000010100000000101010
00000100000010100000000101011
00000100000010100101100000000
00000100000010100101100000001
00000100000010100101100101110
00000100000010100101100101111
00000100110000000000000000000
00000100110000000000000000001
00000100110000000000000110010
00000100110000000000000110011
00000100110000000110100000000
00000100110000000110100000001
00000100110000000110100110110
00000100110000000110100110111
00000100110011100000000000000
00000100110011100000000000001
00000100110011100000000111010
00000100110011100000000111011
00000100110011100111100000000
00000100110011100111100000001
00000100110011100111100111110
00000100110011100111100111111
00100000000000000000000000000
00100000000000000000001000010
00100000000000001000100000000
00100000000000001000101000110
00100000000100100000000000000
00100000000100100000001001010
00100000000100101001100000000
00100000000100101001101001110
00100001010000000000000000000
00100001010000000000001010010
00100001010000001010100000000
00100001010000001010101010110
00100001010101100000000000000
00100001010101100000001011010
00100001010101101011100000000
00100001010101101011101011110
00101100000000000000000000000
00101100000000000000001100010
00101100000000001100100000000
00101100000000001100101100110
00101100000110100000000000000
00101100000110100000001101010
00101100000110101101100000000
00101100000110101101101101110
00101101110000000000000000000
00101101110000000000001110010
00101101110000001110100000000
00101101110000001110101110110
00101101110111100000000000000
00101101110111100000001111010
00101101110111101111100000000
00101101110111101111101111110
10000000000000000000000000000
10000000000000000000010000010
10000000000000010000100000000
10000000000000010000110000110
10000000001000100000000000000
10000000001000100000010001010
10000000001000110001100000000
10000000001000110001110001110
10000010010000000000000000000
10000010010000000000010010010
10000010010000010010100000000
10000010010000010010110010110
10000010011001100000000000000
10000010011001100000010011010
10000010011001110011100000000
10000010011001110011110011110
10010100000000000000000000000
10010100000000000000010100010
10010100000000010100100000000
10010100000000010100110100110
10010100001010100000000000000
10010100001010100000010101010
10010100001010110101100000000
10010100001010110101110101110
10010110110000000000000000000
10010110110000000000010110010
10010110110000010110100000000
10010110110000010110110110110
10010110111011100000000000000
10010110111011100000010111010
10010110111011110111100000000
10010110111011110111110111110
