48 28
0000000000000000000000000000
0000000000000000000000000001
0000000000000000000010000000
0000000000000000000010000011
0000000000000010000000000000
0000000000000010000000000101
0000000000000010000110000000
0000000000000010000110000111
0000000001000000000000000000
0000000001000000000000001001
0000000001000000001010000000
0000000001000000001010001011
0000000001000110000000000000
0000000001000110000000001101
0000000001000110001110000000
0000000001000110001110001111
1000000000000000000000000000
1000000000000000000001000001
1000000000000001000010000000
1000000000000001000011000011
1000000000100010000000000000
1000000000100010000001000101
1000000000100011000110000000
1000000000100011000111000111
1001011011000000000000000000
1001011011000000000001011001
1001011011000001011010000000
1001011011000001011011011011
1001011011101110000000000000
1001011011101110000001011101
1001011011101111011110000000
1001011011101111011111011111
1110000000000000000000000000
1110000000000000000001100001
1110000000000001100010000000
1110000000000001100011100011
1110000000110010000000000000
1110000000110010000001100101
1110000000110011100110000000
1110000000110011100111100111
1111110000000000000000000000
1111110000000000000001110001
1111110000000001110010000000
1111110000000001110011110011
1111110000111010000000000000
1111110000111010000001110101
1111110000111011110110000000
1111110000111011110111110111
