56 28
0000000000000000000000000000
0000000000000000000000000001
0000000000000000000010000000
0000000000000000000010000011
0000000000000010000000000000
0000000000000010000000000101
0000000000000010000110000000
0000000000000010000110000111
0010000000000000000000000000
0010000000000000000000100001
0010000000000000100010000000
0010000000000000100010100011
0010000101010110000000000000
0010000101010110000000101101
0010000101010110101110000000
0010000101010110101110101111
0010110000011010000000000000
0010110000011010000000110101
0010110000011010110110000000
0010110000011010110110110111
0010110111011110000000000000
0010110111011110000000111101
0010110111011110111110000000
0010110111011110111110111111
1000000000000000000000000000
1000000000000000000001000001
1000000000100010000000000000
1000000000100010000001000101
1000001001000001001010000000
1000001001000001001011001011
1000001001100111001110000000
1000001001100111001111001111
1001010000000001010010000000
1001010000000001010011010011
1001010000101011010110000000
1001010000101011010111010111
1001011011000001011010000000
1001011011000001011011011011
1001011011101111011110000000
1001011011101111011111011111
1110000000000001100010000000
1110000000000001100011100011
1110000000110010000000000000
1110000000110010000001100101
1110001101000000000000000000
1110001101000000000001101001
1110001101110111101110000000
1110001101110111101111101111
1111110000000000000000000000
1111110000000000000001110001
1111110000111011110110000000
1111110000111011110111110111
1111111111000000000000000000
1111111111000000000001111001
1111111111111111111110000000
1111111111111111111111111111
