32 28
0000000000000000000000000000
0000000000000000000000000001
0000000000000000000010000000
0000000000000000000010000011
0000000000000010000000000000
0000000000000010000000000101
0000000000000010000110000000
0000000000000010000110000111
0000000001000000000000000000
0000000001000000000000001001
0000000001000000001010000000
0000000001000000001010001011
0000000001000110000000000000
0000000001000110000000001101
0000000001000110001110000000
0000000001000110001110001111
0000010000000000000000000000
0000010000000000000000010001
0000010000000000010010000000
0000010000000000010010010011
0000010000001010000000000000
0000010000001010000000010101
0000010000001010010110000000
0000010000001010010110010111
0000010011000000000000000000
0000010011000000000000011001
0000010011000000011010000000
0000010011000000011010011011
0000010011001110000000000000
0000010011001110000000011101
0000010011001110011110000000
0000010011001110011110011111
