265680 82
123 205 432
2
0 1 80 44 17 26 35 53 62 71 81 2 10 11 12 13 14 15 16 18 4 19 20 21 22 23 24 25 27 5 28 29 30 31 32 33 34 36 6 37 38 39 40 41 42 43 45 3 46 47 48 49 50 51 52 54 7 55 56 57 58 59 60 61 63 8 64 65 66 67 68 69 70 72 9 73 74 75 76 77 78 79
1 3 2 0 5 7 8 4 9 6 20 65 42 54 36 33 62 19 35 64 70 71 50 16 11 32 80 72 22 75 31 39 44 53 13 48 51 78 58 30 55 69 46 56 25 49 12 59 18 79 28 14 60 15 34 77 73 37 76 66 61 52 23 41 17 24 47 26 29 63 10 81 74 43 27 68 38 40 57 45 67 21
42
2 1
22 64 76 55 6 57 4 71 48 42 77 24 19 81 45 21 32 37 53 12 46 15 0 38 11 25 27 26 43 59 33 41 16 30 69 79 39 17 23 36 66 31 9 28 58 14 20 51 8 70 68 47 80 18 56 3 54 5 44 29 61 60 62 75 1 72 40 74 50 34 49 7 65 78 67 63 2 10 73 35 52 13
3 1
32 73 46 59 49 17 56 12 53 21 13 81 78 41 23 65 38 43 42 58 33 35 61 27 44 24 74 14 19 31 2 62 79 45 71 9 47 8 63 67 40 10 64 5 25 20 30 60 1 51 34 4 22 37 57 6 55 66 28 80 36 52 29 16 18 76 54 70 26 77 39 50 69 48 68 11 15 72 7 0 3 75
3 1
54 2 28 68 31 69 57 62 52 0 32 61 44 7 6 27 81 19 74 35 5 71 77 55 75 3 34 59 1 24 4 30 43 38 40 17 16 11 70 50 26 41 48 10 49 21 73 63 56 12 72 8 51 79 9 67 42 14 53 15 22 37 13 65 78 47 46 23 25 20 33 45 39 66 76 29 18 60 80 58 64 36
4 1
34 74 52 75 39 76 45 31 47 27 37 67 64 16 22 62 51 54 61 40 15 48 11 19 79 1 23 77 30 73 53 12 58 4 72 81 33 70 63 36 26 10 9 3 38 8 5 6 18 50 24 55 35 78 32 13 0 29 17 25 60 21 68 69 7 57 46 14 20 44 41 71 56 65 59 80 66 42 28 49 43 2
4 2
13 81 43 3 18 53 28 49 70 55 78 16 51 0 79 80 11 54 4 67 58 38 33 25 30 23 44 74 6 56 24 52 35 22 47 32 73 64 21 45 77 66 63 2 26 39 60 34 48 7 68 12 31 5 17 9 29 65 20 62 46 72 59 42 37 57 41 19 50 71 8 69 61 36 27 76 75 40 10 14 15 1
32 4 43 48 1 69 46 38 31 72 24 64 68 35 76 66 37 25 81 59 45 49 63 54 10 17 34 40 60 73 78 8 0 42 26 13 56 16 7 58 27 80 33 2 47 20 6 44 3 21 51 50 70 71 23 61 36 57 39 19 28 55 67 22 11 65 15 62 12 5 52 53 9 29 77 79 14 74 30 75 41 18
4 2
18 13 45 71 11 29 39 9 66 7 15 4 19 1 47 10 20 55 0 12 16 58 23 22 72 63 43 37 35 5 48 79 57 41 61 28 56 27 52 6 78 33 69 26 49 2 67 14 30 44 50 64 38 53 59 17 36 32 21 54 77 34 70 25 51 76 8 46 74 42 62 3 24 75 68 73 65 60 40 31 81 80
70 67 44 7 52 78 76 3 51 71 19 38 15 46 73 12 20 58 62 10 16 55 41 33 43 36 72 54 61 40 31 30 42 23 35 34 25 59 11 65 29 22 32 24 2 49 13 75 79 45 53 8 4 50 27 21 63 69 17 37 60 28 18 56 66 39 64 1 80 57 0 9 26 14 81 47 6 77 5 48 68 74
5 1
57 46 26 19 29 22 32 62 77 66 48 16 55 78 69 53 4 0 21 70 64 23 37 65 61 8 41 76 7 60 30 27 24 33 45 20 67 54 15 31 42 36 3 28 18 47 79 52 25 12 56 14 75 58 68 9 17 50 72 6 11 59 71 80 73 44 49 2 5 63 40 43 38 81 39 34 74 10 1 13 51 35
6 2
16 60 64 17 39 44 57 46 52 15 14 66 24 36 10 9 0 3 51 27 31 29 53 54 12 58 72 19 28 21 59 20 48 73 68 79 13 70 78 4 63 69 80 74 5 55 7 47 32 56 76 18 8 22 23 45 49 6 25 30 1 75 65 40 2 62 11 77 34 41 37 81 26 33 43 61 50 67 38 35 42 71
3 4 13 38 11 44 35 22 19 37 76 1 71 29 72 62 78 16 63 56 7 36 20 12 54 68 10 52 28 2 80 53 73 48 58 74 64 65 0 60 51 40 59 79 47 34 31 5 75 27 14 41 49 46 81 25 8 43 45 67 66 32 70 69 21 9 39 42 55 18 15 23 50 61 6 33 26 30 17 57 77 24
6 2
27 72 17 24 61 41 56 20 14 52 73 65 35 49 8 33 25 2 63 34 7 29 39 55 3 16 46 0 32 21 40 60 28 15 19 12 81 80 67 22 30 5 62 75 78 45 26 48 47 13 51 50 9 74 54 23 6 71 68 76 31 4 42 18 79 11 70 38 58 77 66 57 1 10 53 43 59 69 44 64 37 36
49 5 30 73 69 1 62 77 79 63 50 19 18 70 76 40 56 33 12 11 61 32 72 23 51 42 53 66 47 48 2 75 21 17 71 52 37 36 74 41 15 39 25 78 60 55 67 28 29 0 10 24 35 26 54 45 16 65 80 64 44 20 6 9 59 57 27 46 81 4 13 34 22 3 38 31 14 7 43 8 58 68
8 1
39 64 69 12 73 27 33 54 6 29 59 15 72 19 14 62 49 0 78 66 60 61 71 53 25 76 80 38 58 16 3 77 65 24 5 79 51 43 44 37 30 26 1 7 42 18 32 17 45 35 75 41 81 9 47 40 57 48 74 13 11 10 68 2 34 52 70 67 22 36 21 20 4 55 46 8 50 56 31 23 63 28
8 2
28 5 45 68 15 1 43 65 39 35 60 46 72 19 23 4 67 64 25 13 47 55 74 14 50 18 59 75 0 53 69 38 78 42 54 9 81 41 31 8 61 37 33 6 56 2 11 20 76 49 24 66 80 29 34 21 44 58 57 26 10 40 77 73 17 7 51 16 3 30 71 70 12 63 22 27 48 62 32 79 52 36
0 15 77 22 54 56 35 79 10 21 8 14 76 36 11 1 48 73 43 32 46 9 3 27 42 55 59 23 66 72 81 37 19 60 44 6 13 31 70 50 52 58 24 18 34 64 20 75 16 65 39 51 40 67 4 25 5 71 41 26 33 68 63 62 45 49 28 53 61 78 38 57 29 17 80 47 12 2 69 7 74 30
8 2
28 41 77 54 76 46 78 49 33 36 63 73 25 37 53 20 24 55 39 21 15 19 72 42 16 12 66 27 0 40 52 80 56 8 69 71 9 13 62 18 29 1 23 43 75 57 5 70 50 7 48 65 30 14 3 17 32 45 68 79 64 74 38 10 60 51 26 81 58 34 47 35 22 11 61 44 4 2 6 59 31 67
43 38 61 41 29 21 44 53 77 39 57 46 79 30 59 23 50 19 76 17 72 5 67 15 71 49 80 28 27 4 13 65 56 34 33 70 40 45 1 9 36 3 81 0 6 37 11 48 47 25 16 68 63 7 60 73 32 10 66 14 54 2 64 52 62 31 58 22 51 74 35 24 20 55 69 75 18 8 78 12 26 42
9 2
17 45 6 67 30 41 29 70 1 46 26 19 47 35 27 14 42 36 25 77 49 16 50 57 9 48 28 15 10 2 58 60 55 68 80 74 0 39 64 53 23 43 21 5 71 8 24 79 18 72 62 44 7 37 66 63 34 40 4 38 81 69 22 32 59 54 65 78 73 75 52 51 20 33 13 61 76 11 3 12 56 31
61 42 10 7 9 56 26 44 16 37 13 8 48 2 57 23 11 69 49 1 12 77 5 66 53 72 35 40 74 28 46 63 68 31 50 6 75 4 0 30 54 34 19 80 3 21 39 18 20 47 41 78 51 58 27 73 22 65 24 36 32 38 43 33 17 14 15 70 60 64 71 67 79 81 29 59 76 45 52 25 62 55
9 2
80 48 3 15 19 81 67 23 25 1 7 79 4 44 6 2 72 56 46 12 37 49 73 10 8 24 70 29 52 78 77 59 0 75 63 71 34 42 43 21 28 31 20 60 66 18 45 30 9 39 33 54 40 16 74 17 55 26 11 41 38 62 68 36 5 35 13 14 61 22 57 65 53 69 51 50 76 47 27 58 32 64
19 27 22 73 51 49 50 81 14 78 5 65 74 56 75 69 57 77 2 54 28 23 18 64 67 6 41 61 43 62 44 53 4 24 79 34 11 52 42 7 38 72 40 20 55 15 3 13 29 10 25 32 60 70 0 30 47 59 71 16 37 1 48 58 21 36 17 33 9 45 31 63 26 46 80 8 76 66 68 35 12 39
9 2
47 35 69 34 18 66 23 19 0 5 11 73 37 65 43 16 25 50 67 42 28 41 54 40 64 15 32 57 39 17 45 81 71 13 74 51 38 55 52 20 6 72 7 61 56 76 60 8 2 49 29 1 36 24 68 12 79 77 75 70 63 14 58 46 53 33 9 4 22 48 78 26 21 10 3 62 30 27 59 44 31 80
25 77 56 53 20 63 36 50 16 60 35 51 67 3 59 41 72 22 28 29 37 0 42 38 65 21 23 10 55 68 69 14 40 74 24 27 71 4 26 12 52 47 17 70 45 48 58 15 44 49 54 57 32 13 7 18 76 11 66 31 75 78 5 62 33 34 46 39 19 79 81 6 8 1 64 9 2 73 80 30 61 43
9 2
45 80 28 38 0 34 58 77 30 3 59 70 72 23 19 2 69 11 47 27 25 44 51 75 32 48 60 14 15 10 67 68 63 6 52 31 66 21 9 16 62 56 57 42 37 4 64 76 20 49 73 81 5 26 1 41 55 43 33 29 53 7 65 24 71 40 74 8 35 39 17 46 79 78 36 13 18 61 50 12 54 22
25 77 56 53 20 63 36 50 16 60 35 51 67 3 59 41 72 22 28 29 37 0 42 38 65 21 23 10 55 68 69 14 40 74 24 27 71 4 26 12 52 47 17 70 45 48 58 15 44 49 54 57 32 13 7 18 76 11 66 31 75 78 5 62 33 34 46 39 19 79 81 6 8 1 64 9 2 73 80 30 61 43
9 2
17 57 1 76 7 28 18 24 32 34 78 60 59 13 56 36 67 41 73 8 16 5 53 3 4 81 65 55 21 46 58 10 19 9 33 79 38 61 15 14 68 0 12 72 80 43 51 52 30 37 40 29 69 75 27 54 39 2 48 42 63 49 25 11 26 64 35 20 50 47 71 77 45 6 44 22 23 70 31 66 74 62
20 23 76 31 71 80 29 77 69 24 2 43 54 13 63 42 22 16 46 52 75 44 17 78 70 32 28 38 74 35 49 57 47 7 4 6 12 50 59 60 48 67 55 56 65 14 79 25 61 68 58 66 81 41 36 15 11 3 37 27 72 40 8 45 5 21 73 53 30 62 9 34 39 51 26 0 10 33 1 18 64 19
9 2
32 19 72 71 59 3 20 63 28 2 17 42 51 24 73 29 65 55 70 36 23 80 40 6 77 21 56 39 41 61 4 45 48 66 34 14 1 81 53 76 69 8 62 60 7 47 43 31 0 37 18 57 75 79 33 10 78 12 67 30 46 15 11 44 16 64 54 68 58 22 50 5 9 35 52 74 27 13 26 38 25 49
74 53 13 11 51 62 59 58 78 77 81 27 20 54 7 0 36 49 60 79 30 70 41 4 33 18 69 3 26 32 12 10 52 72 34 44 38 47 16 71 8 56 39 80 68 17 21 55 75 45 43 23 29 65 2 37 22 6 14 57 25 48 76 67 19 1 9 73 35 28 46 42 24 63 15 61 5 66 40 64 50 31
9 2
24 28 39 56 54 66 19 81 8 60 72 52 68 18 59 38 3 40 48 73 10 33 34 69 27 23 22 0 31 21 58 1 30 29 26 55 4 42 51 71 76 12 79 14 65 35 9 53 13 57 74 15 62 77 36 45 16 64 32 43 46 5 11 70 49 75 61 7 41 25 78 2 20 6 80 44 17 47 63 37 50 67
7 4 5 2 9 3 0 6 8 1 78 15 52 64 40 41 71 75 49 24 70 74 32 33 81 21 58 67 54 50 53 36 47 80 30 48 46 10 12 66 44 11 72 17 14 18 31 22 57 45 69 68 38 34 60 13 39 35 77 76 28 16 51 42 55 59 56 73 62 29 79 61 63 27 25 43 65 26 37 20 23 19
9 2
45 23 41 31 3 79 43 63 40 7 34 27 2 50 38 59 54 8 26 15 13 65 72 36 52 28 80 64 56 5 67 4 46 37 48 62 1 44 77 71 17 12 66 47 33 57 70 6 10 35 20 73 55 51 69 24 25 0 78 19 30 21 49 9 11 61 75 60 39 16 32 68 74 53 22 42 76 14 81 29 18 58
61 42 10 7 9 56 26 44 16 37 13 8 48 2 57 23 11 69 49 1 12 77 5 66 53 72 35 40 74 28 46 63 68 31 50 6 75 4 0 30 54 34 19 80 3 21 39 18 20 47 41 78 51 58 27 73 22 65 24 36 32 38 43 33 17 14 15 70 60 64 71 67 79 81 29 59 76 45 52 25 62 55
12 2
3 57 36 30 20 74 62 8 76 81 29 24 50 60 26 61 32 31 39 18 25 17 55 44 33 4 51 9 38 54 0 21 65 11 58 5 41 75 45 19 37 2 1 49 64 28 52 12 70 59 47 14 78 13 10 72 71 42 77 43 53 79 73 67 23 16 56 69 48 63 68 66 22 6 35 40 7 34 46 15 80 27
64 42 23 32 52 78 31 53 19 61 29 79 26 76 70 33 44 40 7 66 63 73 6 30 81 5 77 11 24 80 2 22 36 45 14 69 3 21 9 60 55 16 43 1 41 15 35 68 50 57 58 47 67 18 54 17 39 59 48 49 56 38 72 74 65 0 8 4 51 46 34 13 75 37 20 62 71 12 25 27 10 28
12 2
42 75 8 30 72 43 34 53 63 17 79 13 73 68 3 35 66 51 10 49 44 32 38 54 52 81 5 71 21 48 14 77 28 50 80 59 0 27 60 20 12 7 36 26 39 23 61 29 47 62 64 9 76 41 45 55 70 16 56 15 22 78 19 2 33 25 57 4 11 1 58 37 67 40 31 69 24 74 46 18 6 65
70 35 74 32 79 45 18 42 38 59 40 51 80 75 26 68 36 69 6 29 25 54 64 30 61 20 14 55 43 19 23 33 3 31 67 1 16 71 8 39 10 66 7 28 81 5 47 46 52 78 63 11 48 56 21 27 53 58 57 9 77 24 76 50 22 65 41 34 15 17 0 37 73 72 2 13 62 60 49 4 12 44
16 2
10 47 29 44 62 81 73 67 24 18 0 50 14 72 12 22 26 74 9 31 25 56 15 53 8 20 16 38 48 2 49 19 42 37 66 77 43 33 27 68 57 55 32 36 3 58 80 1 28 30 11 76 52 23 79 41 21 40 45 60 59 64 4 75 61 69 34 7 39 65 71 70 13 6 17 63 51 35 78 54 46 5
9 80 39 42 79 20 63 64 68 0 67 74 17 70 14 54 26 12 44 59 5 61 45 57 47 49 16 65 75 81 46 55 37 56 50 38 58 32 35 2 76 71 3 48 18 22 30 24 43 25 34 72 77 60 15 31 33 23 36 19 53 21 73 6 7 27 66 10 8 78 13 41 51 62 11 28 40 52 69 4 1 29
18 3
56 65 54 73 34 42 55 51 52 18 30 20 23 71 26 7 21 35 46 45 74 49 48 64 2 4 59 6 8 0 72 66 53 17 25 33 69 50 1 58 80 13 63 31 40 57 9 47 77 16 75 15 28 67 24 27 29 19 68 14 78 76 60 5 12 38 43 32 39 81 61 41 10 79 11 37 70 22 62 3 44 36
55 14 19 25 79 7 56 5 32 11 76 9 16 33 1 42 12 41 74 2 46 64 22 49 45 3 38 29 53 27 61 44 8 13 73 71 68 78 26 81 43 17 15 40 31 24 20 47 77 23 60 63 67 28 57 0 6 54 69 65 50 30 75 51 21 59 80 52 36 58 72 35 70 34 18 62 10 48 37 4 66 39
18 27 10 53 33 19 38 76 71 56 2 26 43 52 20 70 75 25 0 5 14 50 58 66 30 17 11 1 41 46 24 64 73 4 35 34 81 49 6 48 62 28 57 12 60 63 29 47 39 37 21 61 13 3 72 65 9 42 22 74 44 51 40 45 31 55 23 79 77 69 15 8 54 32 59 16 7 68 80 67 78 36
18 3
70 32 54 6 36 31 3 34 22 14 25 66 13 12 9 51 29 18 17 77 48 46 8 49 28 10 45 75 24 16 64 5 1 41 7 35 4 72 80 50 60 33 62 58 59 26 21 68 20 23 39 15 63 79 2 81 65 76 43 44 40 69 42 52 30 56 11 67 47 61 0 74 37 78 71 27 57 19 73 53 38 55
26 63 49 64 78 29 72 11 44 55 70 7 81 14 13 28 33 52 32 66 50 21 69 62 43 45 0 65 15 5 37 41 18 16 77 46 40 30 68 79 36 31 54 24 8 25 35 57 53 2 20 58 17 48 42 9 71 47 51 61 73 59 23 1 3 27 19 67 38 22 10 56 6 60 75 74 80 34 4 39 76 12
49 22 27 78 81 19 14 51 50 73 54 41 64 40 6 29 34 20 61 5 17 80 1 74 33 75 65 2 66 15 60 58 39 24 16 57 72 55 47 32 13 11 56 77 52 62 68 38 69 0 8 7 44 63 10 37 42 35 31 79 30 18 45 53 12 26 28 67 46 48 71 70 36 9 23 25 76 43 3 59 21 4
18 3
45 80 28 38 0 34 58 77 30 3 59 70 72 23 19 2 69 11 47 27 25 44 51 75 32 48 60 14 15 10 67 68 63 6 52 31 66 21 9 16 62 56 57 42 37 4 64 76 20 49 73 81 5 26 1 41 55 43 33 29 53 7 65 24 71 40 74 8 35 39 17 46 79 78 36 13 18 61 50 12 54 22
28 5 45 68 15 1 43 65 39 35 60 46 72 19 23 4 67 64 25 13 47 55 74 14 50 18 59 75 0 53 69 38 78 42 54 9 81 41 31 8 61 37 33 6 56 2 11 20 76 49 24 66 80 29 34 21 44 58 57 26 10 40 77 73 17 7 51 16 3 30 71 70 12 63 22 27 48 62 32 79 52 36
52 14 13 76 5 4 16 68 36 18 78 70 46 2 1 23 6 17 9 54 62 32 42 15 44 40 41 80 75 50 74 77 21 69 45 61 8 63 47 58 25 26 22 51 24 34 12 38 65 49 29 43 0 56 19 60 53 81 39 73 55 35 20 37 79 48 67 66 7 33 11 72 71 59 30 28 3 31 10 64 27 57
18 3
68 35 31 49 61 17 11 7 77 70 25 6 42 64 75 44 59 5 38 66 78 72 56 58 29 10 39 67 62 24 33 2 60 30 51 1 76 50 18 26 55 74 12 71 15 80 81 63 48 3 37 34 69 65 57 40 22 54 23 16 32 4 28 47 13 53 19 27 0 52 9 43 21 79 41 14 36 8 20 73 45 46
51 13 77 11 53 74 62 59 78 58 69 3 81 1 22 36 16 72 27 61 31 41 14 43 39 40 79 18 49 73 76 20 68 44 60 63 15 46 57 24 25 21 50 23 33 75 37 64 48 28 42 0 55 4 67 52 80 38 9 7 34 19 6 35 47 66 65 54 32 10 71 70 17 29 5 45 30 2 8 26 56 12
13 81 43 3 18 53 28 49 70 55 78 16 51 0 79 80 11 54 4 67 58 38 33 25 30 23 44 74 6 56 24 52 35 22 47 32 73 64 21 45 77 66 63 2 26 39 60 34 48 7 68 12 31 5 17 9 29 65 20 62 46 72 59 42 37 57 41 19 50 71 8 69 61 36 27 76 75 40 10 14 15 1
18 3
52 14 13 76 5 4 16 68 36 18 78 70 46 2 1 23 6 17 9 54 62 32 42 15 44 40 41 80 75 50 74 77 21 69 45 61 8 63 47 58 25 26 22 51 24 34 12 38 65 49 29 43 0 56 19 60 53 81 39 73 55 35 20 37 79 48 67 66 7 33 11 72 71 59 30 28 3 31 10 64 27 57
53 0 79 11 31 18 75 73 50 4 6 65 63 45 56 33 78 17 77 54 41 58 60 30 72 55 62 24 16 36 69 9 51 74 2 26 57 46 37 32 22 61 25 21 80 64 38 12 70 19 81 39 14 1 49 42 52 29 43 68 40 20 35 47 13 3 7 59 67 23 76 44 27 66 15 10 48 5 28 34 71 8
75 10 21 51 28 52 53 80 24 16 1 32 42 70 77 19 9 17 56 15 46 2 62 30 8 47 60 50 4 68 23 78 11 49 58 40 59 41 61 65 35 37 12 79 73 48 20 25 45 33 27 3 5 6 74 63 18 67 34 36 26 38 22 55 76 39 71 57 29 69 13 66 81 44 54 0 64 14 31 43 7 72
18 3
2 57 0 54 31 68 62 28 52 69 61 42 38 21 59 75 79 32 34 67 37 13 41 58 76 55 45 65 7 46 77 4 17 49 18 50 48 20 12 71 73 22 11 63 81 26 29 72 36 33 35 60 8 80 3 25 78 1 23 14 51 10 6 43 64 27 70 19 5 9 66 39 47 40 74 15 24 30 56 16 53 44
4 69 56 55 0 49 16 39 41 45 81 66 47 29 25 43 6 70 71 52 65 76 67 23 46 14 57 35 34 13 62 78 42 48 28 27 68 50 60 7 75 8 32 15 80 9 24 12 33 5 37 72 19 61 59 3 2 26 74 54 38 53 30 73 64 20 11 22 36 1 17 18 51 63 58 40 21 79 31 77 44 10
74 47 0 65 56 20 29 1 11 38 17 80 69 16 36 76 63 67 60 32 55 43 70 78 75 37 51 54 72 73 24 23 61 27 26 48 50 68 71 12 46 44 52 79 66 18 62 7 59 3 14 34 53 42 33 5 58 28 4 35 45 19 40 13 64 49 41 10 25 39 81 9 57 6 2 30 77 15 31 21 8 22
18 3
17 1 63 58 38 52 66 68 19 51 33 76 79 25 13 6 8 53 64 16 28 11 2 39 70 14 80 3 54 34 9 69 4 67 60 44 12 23 32 37 47 81 45 48 62 77 31 57 72 50 61 30 55 0 20 5 18 40 27 73 29 49 35 22 56 24 15 10 74 46 65 26 43 75 7 59 21 42 41 36 71 78
11 1 25 31 24 41 36 64 62 39 50 0 15 63 22 12 35 21 68 44 29 17 14 51 4 2 77 69 60 20 37 3 70 49 54 16 6 30 65 9 57 5 71 73 19 80 58 47 59 33 10 23 78 76 34 81 74 40 46 48 28 67 8 13 7 38 79 61 18 27 32 42 75 43 56 72 53 26 52 66 45 55
48 1 45 20 71 50 40 33 34 73 68 23 12 24 70 47 60 43 41 29 3 39 77 11 13 65 32 28 27 19 75 44 26 7 8 69 79 76 80 21 6 18 63 17 31 2 62 15 0 52 5 59 49 72 58 61 81 66 54 51 16 55 46 42 78 25 57 74 10 35 14 4 53 9 67 30 37 22 64 36 38 56
18 3
11 75 40 81 38 16 39 63 70 67 37 0 69 57 19 45 5 23 74 14 53 80 60 17 32 44 35 64 36 73 55 56 24 33 66 26 28 10 4 6 2 78 72 62 25 15 77 50 68 76 47 58 61 20 54 30 31 13 51 71 22 52 43 7 27 79 34 9 48 12 8 59 42 29 18 1 49 46 41 65 21 3
62 5 69 30 63 1 79 49 77 73 53 50 26 51 66 55 17 16 19 18 80 37 29 75 48 64 12 71 57 22 3 54 61 33 74 40 58 21 76 78 35 65 46 47 59 81 42 43 24 7 11 13 68 10 31 15 56 28 36 44 67 32 0 4 25 41 14 60 52 2 72 27 70 9 34 23 38 8 39 6 20 45
58 41 68 65 10 30 55 21 26 62 4 60 24 43 56 75 39 81 31 74 76 7 51 79 12 80 8 37 50 47 5 18 42 33 54 61 73 27 64 16 46 1 32 13 63 78 40 29 77 71 28 22 70 59 34 6 14 67 0 53 11 35 9 44 38 3 66 57 2 72 52 49 69 36 19 15 20 48 45 23 25 17
24 2
44 35 19 11 38 3 4 37 13 22 39 59 18 10 21 17 63 30 78 7 56 64 46 70 80 77 29 74 79 65 54 66 55 26 51 52 36 2 41 8 58 6 1 28 34 47 75 67 31 45 50 0 42 20 15 69 60 43 27 5 53 23 12 25 72 33 76 49 73 71 81 32 14 24 40 9 48 16 62 57 68 61
36 67 71 61 27 16 46 31 8 73 13 43 76 10 62 75 5 41 20 60 18 32 74 77 54 47 80 4 81 30 29 7 21 58 50 63 0 64 65 39 68 17 57 11 51 70 6 25 72 79 34 44 59 69 24 78 66 42 33 52 19 3 14 35 37 38 56 1 40 53 45 2 48 9 22 15 12 23 55 49 26 28
24 2
11 64 71 43 5 69 53 16 37 2 32 80 3 34 19 72 23 1 35 50 17 75 22 57 63 79 25 51 13 4 54 9 59 26 48 41 0 76 56 42 30 68 44 77 62 40 70 8 28 73 81 49 66 24 45 46 58 7 61 65 55 38 39 6 20 10 15 21 18 29 60 31 52 27 67 74 47 12 78 33 36 14
5 20 27 12 59 0 16 62 10 40 8 32 3 73 34 18 6 22 15 49 1 38 17 72 60 48 31 2 71 61 33 26 11 30 14 46 74 56 21 41 9 39 55 43 53 51 35 80 25 19 54 45 63 44 50 42 37 68 65 4 24 29 7 52 78 58 70 76 57 75 66 28 23 13 36 69 67 77 64 81 47 79
27 3
51 81 29 1 71 8 64 32 79 75 44 12 13 11 70 25 0 73 33 23 39 24 4 80 31 67 78 10 63 72 38 21 60 69 68 49 54 28 52 41 36 20 6 61 27 58 35 62 48 46 47 16 30 14 40 57 43 76 66 34 7 56 50 37 42 9 45 15 59 18 53 22 2 77 26 65 55 17 74 5 19 3
43 77 13 73 34 46 24 14 35 60 42 15 25 67 75 29 56 40 20 0 47 10 59 51 44 72 30 64 26 11 28 27 70 39 58 57 3 74 63 62 81 50 21 19 6 22 55 18 48 76 69 61 37 9 1 5 80 8 4 45 53 23 33 78 31 32 71 2 66 41 65 68 12 36 52 7 79 54 38 49 16 17
11 16 54 51 79 44 68 47 27 41 4 81 3 1 18 17 13 43 78 29 38 58 8 72 66 73 53 22 60 40 9 45 62 74 49 64 23 32 75 52 19 30 34 15 71 57 6 63 48 42 28 12 65 69 80 24 67 31 76 35 50 25 37 7 59 39 55 77 46 26 33 5 36 61 70 20 21 56 14 10 2 0
27 3
68 75 38 12 4 62 24 56 42 77 20 29 67 9 55 10 60 27 28 31 15 48 17 69 32 8 50 22 78 59 73 81 6 46 0 57 79 36 47 64 14 1 25 35 63 70 65 2 49 21 80 39 74 7 23 40 53 43 45 11 61 16 71 76 51 33 52 3 34 54 58 5 30 72 66 41 44 13 18 37 26 19
25 71 34 41 4 67 13 32 47 53 81 49 1 56 10 31 80 54 17 55 19 74 69 28 9 38 57 23 27 21 76 40 77 79 42 16 64 39 0 46 15 62 2 61 45 73 37 68 66 52 43 33 11 24 18 20 6 60 30 48 26 50 3 70 65 36 59 75 8 78 72 12 63 44 29 5 58 7 22 51 35 14
21 51 11 36 4 46 15 55 66 81 78 63 79 31 69 28 1 77 32 17 18 58 9 56 10 74 5 13 6 76 25 27 20 80 49 12 43 57 29 60 23 64 52 3 47 68 26 59 45 70 62 16 72 14 7 54 40 67 0 44 75 41 65 2 61 50 73 37 48 53 34 33 42 8 30 39 38 19 24 35 71 22
36 2
77 2 29 17 0 72 16 51 73 48 35 7 8 14 15 50 80 76 75 47 12 74 39 1 11 10 79 6 9 23 32 52 57 65 60 67 46 37 54 34 66 38 55 68 43 58 62 26 69 3 13 24 5 81 64 45 30 56 42 36 22 78 59 63 41 18 61 25 70 28 44 4 31 20 53 33 49 71 40 19 27 21
3 9 8 0 5 4 7 6 2 1 16 64 77 50 42 45 10 69 66 48 46 24 25 59 21 22 72 70 52 49 36 73 76 68 41 54 30 58 65 61 74 34 14 67 78 15 20 62 19 29 13 75 28 80 35 55 71 79 37 23 81 39 47 63 11 38 18 43 33 17 27 56 26 31 40 51 32 12 44 57 53 60
36 2
79 29 39 48 4 52 10 19 65 40 6 75 21 14 13 24 76 54 18 7 32 12 23 22 15 33 72 69 78 1 80 53 20 25 37 58 68 34 51 2 9 59 46 45 61 43 42 64 3 67 73 38 5 31 17 77 81 70 35 41 63 44 66 60 47 8 62 49 36 27 57 74 26 50 71 11 16 55 28 0 30 56
63 58 43 16 4 54 28 73 22 26 70 39 24 49 6 19 47 15 35 69 5 48 41 46 38 33 13 76 53 18 60 8 64 1 20 55 65 0 56 57 61 31 68 67 45 36 10 74 80 9 21 52 30 14 34 29 12 72 25 2 51 78 42 71 7 44 40 59 75 17 23 37 11 32 3 62 81 77 66 27 50 79
41 1
36 37 35 49 57 40 39 26 18 73 76 28 25 16 30 0 9 1 43 48 45 69 38 11 41 81 20 70 66 22 23 72 27 15 13 61 68 19 74 4 55 29 65 78 5 63 2 56 42 47 14 52 6 21 59 31 17 8 24 10 3 67 80 44 7 71 54 34 77 12 60 58 46 50 51 79 33 75 53 64 32 62
54 4
37 50 45 15 14 13 55 63 58 42 20 70 53 5 4 3 68 40 76 72 10 34 46 62 29 33 64 48 30 24 28 81 51 25 21 75 36 0 49 61 17 65 9 78 80 2 22 71 27 38 1 32 52 12 66 6 79 59 8 57 74 39 23 7 26 41 54 77 16 73 11 47 19 69 60 35 18 67 43 56 44 31
77 60 63 56 16 36 50 20 25 53 45 57 64 13 76 28 4 71 68 81 7 38 34 39 67 8 42 44 15 37 79 43 62 75 22 58 5 29 21 23 73 70 26 31 27 10 49 69 66 46 6 61 52 9 80 74 3 11 35 65 1 51 32 2 12 59 48 24 18 47 41 17 78 40 55 33 14 0 72 30 54 19
10 47 29 44 62 81 73 67 24 18 0 50 14 72 12 22 26 74 9 31 25 56 15 53 8 20 16 38 48 2 49 19 42 37 66 77 43 33 27 68 57 55 32 36 3 58 80 1 28 30 11 76 52 23 79 41 21 40 45 60 59 64 4 75 61 69 34 7 39 65 71 70 13 6 17 63 51 35 78 54 46 5
65 58 48 0 78 64 25 54 50 5 44 24 36 42 23 41 32 66 61 51 73 35 33 43 30 46 13 45 29 70 11 39 72 55 74 60 53 15 1 76 7 37 26 14 69 47 6 27 71 8 49 68 52 12 40 22 59 79 38 77 21 81 4 17 9 3 63 57 19 10 28 2 16 80 75 34 31 56 62 67 20 18
54 4
45 80 28 38 0 34 58 77 30 3 59 70 72 23 19 2 69 11 47 27 25 44 51 75 32 48 60 14 15 10 67 68 63 6 52 31 66 21 9 16 62 56 57 42 37 4 64 76 20 49 73 81 5 26 1 41 55 43 33 29 53 7 65 24 71 40 74 8 35 39 17 46 79 78 36 13 18 61 50 12 54 22
25 77 56 53 20 63 36 50 16 60 35 51 67 3 59 41 72 22 28 29 37 0 42 38 65 21 23 10 55 68 69 14 40 74 24 27 71 4 26 12 52 47 17 70 45 48 58 15 44 49 54 57 32 13 7 18 76 11 66 31 75 78 5 62 33 34 46 39 19 79 81 6 8 1 64 9 2 73 80 30 61 43
52 14 13 76 5 4 16 68 36 18 78 70 46 2 1 23 6 17 9 54 62 32 42 15 44 40 41 80 75 50 74 77 21 69 45 61 8 63 47 58 25 26 22 51 24 34 12 38 65 49 29 43 0 56 19 60 53 81 39 73 55 35 20 37 79 48 67 66 7 33 11 72 71 59 30 28 3 31 10 64 27 57
28 5 45 68 15 1 43 65 39 35 60 46 72 19 23 4 67 64 25 13 47 55 74 14 50 18 59 75 0 53 69 38 78 42 54 9 81 41 31 8 61 37 33 6 56 2 11 20 76 49 24 66 80 29 34 21 44 58 57 26 10 40 77 73 17 7 51 16 3 30 71 70 12 63 22 27 48 62 32 79 52 36
72 2
70 32 54 6 36 31 3 34 22 14 25 66 13 12 9 51 29 18 17 77 48 46 8 49 28 10 45 75 24 16 64 5 1 41 7 35 4 72 80 50 60 33 62 58 59 26 21 68 20 23 39 15 63 79 2 81 65 76 43 44 40 69 42 52 30 56 11 67 47 61 0 74 37 78 71 27 57 19 73 53 38 55
42 38 17 26 47 22 49 41 23 15 61 56 29 31 5 3 28 59 46 50 12 69 58 1 10 76 70 0 11 68 30 33 34 21 52 35 53 51 24 19 8 27 73 37 32 13 72 75 55 65 64 78 20 45 6 80 62 2 57 14 63 40 18 66 71 4 9 39 44 36 60 74 16 25 77 81 7 67 48 43 79 54
72 2
76 21 43 70 74 58 15 33 48 17 47 42 14 18 39 37 3 66 44 38 19 78 59 23 54 31 52 60 80 11 55 50 7 71 25 32 12 35 45 20 29 81 73 61 79 36 46 16 0 30 49 72 56 69 22 57 8 34 40 64 75 28 41 26 67 1 2 51 5 62 4 6 24 68 77 53 63 10 13 65 9 27
58 3 27 1 75 24 65 73 59 70 36 61 78 28 53 39 52 64 51 26 43 68 77 50 5 55 19 2 13 62 49 34 66 63 31 47 10 72 67 15 45 71 74 20 60 40 46 35 79 30 23 18 16 14 81 25 69 57 0 8 44 11 29 33 17 6 32 38 21 56 9 41 37 7 42 4 80 22 12 48 76 54
