515100 102
68 75 85 150 170 255 300 303 340 404 425 606
2
0 1 100 101 2 3 4 5 6 7 8 9 10 11 12 13 14 15 16 17 18 19 20 21 22 23 24 25 26 27 28 29 30 31 32 33 34 35 36 37 38 39 40 41 42 43 44 45 46 47 48 49 50 51 52 53 54 55 56 57 58 59 60 61 62 63 64 65 66 67 68 69 70 71 72 73 74 75 76 77 78 79 80 81 82 83 84 85 86 87 88 89 90 91 92 93 94 95 96 97 98 99
1 52 51 83 28 14 22 70 62 41 15 49 59 61 87 81 66 90 31 54 3 101 78 89 16 44 82 39 74 7 76 57 13 19 97 12 8 25 88 40 27 56 96 91 37 92 11 73 63 46 85 53 0 2 33 93 9 18 55 35 79 32 36 95 65 77 24 60 42 45 29 50 43 86 4 34 100 64 6 67 38 10 98 20 21 71 47 5 80 94 99 72 69 58 23 48 68 75 26 17 30 84
25
2 1
28 98 71 19 17 70 95 23 75 22 30 33 82 63 44 93 96 4 51 3 31 56 9 7 55 77 45 41 0 80 10 20 60 11 73 39 78 58 65 35 40 27 54 83 14 26 97 64 90 101 74 18 76 92 42 24 21 59 37 57 32 88 79 13 47 38 94 69 89 67 5 2 84 34 50 8 52 25 36 62 29 100 12 43 72 99 86 91 61 68 48 87 53 15 66 6 16 46 1 85 81 49
3 1
88 23 82 27 10 0 94 2 13 31 63 89 42 58 73 20 44 81 24 90 70 46 71 40 65 41 21 87 30 67 91 38 53 69 22 48 80 98 9 17 1 101 84 29 86 74 26 11 92 59 62 54 75 76 83 14 64 6 8 95 50 99 60 4 72 18 78 43 66 79 15 34 56 55 77 96 32 45 68 33 93 39 7 51 12 61 16 3 5 47 97 28 35 36 57 49 52 19 100 85 37 25
4 2
40 41 67 35 26 65 82 64 90 39 18 52 68 69 79 98 76 74 10 22 97 47 19 56 37 58 4 93 28 70 81 36 87 96 60 3 31 24 80 9 0 1 72 101 57 50 78 21 85 94 45 100 11 53 88 77 23 44 25 62 34 84 59 71 7 5 83 2 12 13 29 63 42 91 17 99 16 55 46 14 38 30 6 66 61 48 92 32 54 95 8 73 86 27 49 89 33 20 15 75 51 43
79 32 88 43 80 94 17 31 68 23 76 96 90 60 40 100 18 6 16 61 63 99 84 9 70 66 38 89 53 37 30 7 1 52 69 101 64 29 26 56 14 87 77 3 57 86 62 75 91 65 92 98 33 28 67 72 39 44 83 78 13 19 46 20 36 49 25 54 8 34 24 97 55 85 82 47 10 42 59 0 4 81 74 58 22 73 45 41 2 27 12 48 50 95 5 93 11 71 51 21 15 35
5 1
75 5 46 71 15 24 90 56 65 9 34 14 36 98 101 19 69 53 95 51 78 67 41 74 3 91 60 31 4 17 12 42 35 55 16 50 88 37 97 87 57 0 18 22 54 32 84 86 33 8 80 28 81 73 70 21 40 59 10 7 99 52 100 72 47 94 96 48 26 58 62 1 23 93 83 43 92 30 64 25 45 38 68 63 76 49 20 89 77 6 39 13 2 29 85 27 11 61 79 82 44 66
6 2
41 78 15 28 49 25 51 84 87 26 86 79 98 5 1 75 17 54 27 83 71 11 74 72 59 13 97 52 37 46 50 55 19 90 76 7 23 3 39 101 53 77 30 99 34 61 58 85 20 89 42 66 18 80 16 96 12 43 29 100 64 69 73 82 67 22 6 60 47 45 8 48 36 92 65 2 44 0 14 21 40 33 93 32 35 68 94 70 91 4 81 95 62 63 10 88 31 9 56 57 24 38
98 29 94 65 45 90 101 85 8 11 75 9 41 81 46 86 18 52 16 19 42 26 37 82 62 33 21 54 74 1 48 67 83 25 91 68 93 22 66 51 57 12 20 80 95 4 14 84 30 69 71 39 17 99 27 64 77 40 78 92 96 89 24 72 55 3 38 31 35 49 87 50 63 100 28 10 88 56 58 97 43 13 23 32 47 7 15 70 76 61 5 34 59 36 2 44 60 79 0 53 73 6
10 1
88 20 55 66 49 100 31 86 90 85 35 101 62 98 51 44 12 17 76 74 19 0 21 75 24 13 94 93 16 25 45 80 58 72 78 47 68 54 40 61 30 36 50 28 63 83 92 15 14 95 84 33 87 1 89 34 32 91 96 64 57 10 46 7 73 23 18 22 77 8 59 42 53 5 48 38 56 82 97 29 2 41 71 9 81 65 39 4 69 43 27 99 37 67 6 79 11 26 52 70 60 3
10 2
74 58 2 39 4 55 91 68 43 12 69 82 11 29 92 100 53 34 48 7 47 46 44 6 95 73 23 42 8 31 70 17 1 81 13 5 76 96 99 14 16 18 33 36 56 27 19 51 0 15 62 101 24 90 9 59 37 26 88 86 85 25 84 98 79 32 40 3 21 50 63 20 89 64 41 77 28 93 30 61 49 45 54 80 10 38 35 60 65 75 66 57 67 72 97 94 22 52 78 87 83 71
49 58 4 5 2 3 69 89 56 34 91 31 17 54 86 48 97 12 100 75 60 93 36 50 66 78 62 33 37 82 61 11 88 27 9 39 22 28 101 35 52 83 42 44 43 81 77 87 15 0 23 99 40 94 13 67 8 84 1 92 20 30 26 64 63 65 24 55 72 6 79 85 68 98 80 19 96 46 25 70 74 45 29 41 57 71 14 47 32 7 95 10 59 21 53 90 76 16 73 51 18 38
10 2
79 63 50 59 85 15 43 40 65 70 80 71 62 72 77 2 99 27 57 83 92 88 76 7 44 9 60 96 73 48 17 74 87 16 34 97 5 58 39 53 12 52 51 49 11 100 78 28 47 13 36 75 22 1 86 18 10 81 101 4 19 21 23 38 41 61 32 24 56 0 20 67 6 29 95 14 64 42 31 93 91 90 30 89 3 84 37 45 8 26 55 68 25 94 69 46 82 33 98 35 66 54
12 99 2 81 18 36 75 93 30 9 89 87 0 77 72 50 63 88 4 91 92 27 101 94 100 70 56 21 31 46 8 28 71 38 98 53 5 64 33 97 79 86 49 51 45 44 29 74 95 42 15 43 54 35 52 85 26 59 76 57 68 96 69 16 37 82 67 66 60 62 25 32 14 78 47 6 58 13 73 40 83 3 65 80 90 55 41 11 17 10 84 19 20 7 23 48 61 39 34 1 24 22
12 2
77 16 86 57 27 38 47 52 10 0 31 68 43 35 3 17 48 94 70 63 95 37 11 101 2 51 85 88 53 40 5 8 42 91 92 82 56 98 30 23 99 45 76 90 58 50 25 62 1 83 41 46 55 66 36 7 54 14 64 72 34 67 6 78 44 33 28 81 22 89 73 69 97 18 100 80 32 9 19 74 84 61 13 93 75 96 24 20 4 71 12 65 60 49 15 87 26 59 21 29 79 39
76 60 43 79 30 95 32 63 51 47 56 82 12 40 37 62 67 77 68 59 69 74 99 96 24 54 80 89 85 73 4 41 6 57 93 70 45 14 71 84 13 31 94 2 55 36 50 9 49 48 46 8 97 75 25 44 10 33 72 19 1 83 15 7 78 98 101 16 18 20 35 38 58 29 21 53 0 17 64 3 26 92 11 61 39 28 90 88 87 27 86 100 81 34 42 5 23 52 65 22 91 66
17 1
70 62 53 82 88 4 43 85 45 67 38 68 76 41 55 21 24 20 78 61 10 14 75 86 19 74 81 35 17 101 36 34 27 2 23 66 9 30 5 98 96 31 15 97 51 58 13 46 57 18 22 71 54 12 8 11 77 91 56 64 94 65 87 47 89 28 44 50 79 48 25 63 83 33 95 39 29 26 72 73 100 1 52 40 42 16 90 92 80 0 32 59 60 6 3 93 37 99 49 69 7 84
20 2
70 60 58 83 39 90 14 37 29 48 78 35 55 94 6 65 24 36 75 95 52 82 101 93 16 40 91 47 72 8 41 32 31 97 44 11 17 7 87 4 25 30 79 92 34 74 46 27 9 61 77 88 20 80 57 12 85 54 2 63 1 49 64 59 62 15 68 71 66 81 0 67 28 76 45 18 73 50 10 42 53 69 21 3 84 56 96 38 51 100 5 26 43 23 13 19 86 33 99 98 89 22
37 51 58 54 91 32 82 67 99 52 46 74 29 38 77 61 18 33 16 45 62 81 87 23 47 96 68 73 35 12 86 49 5 17 85 28 79 0 13 57 88 64 78 69 94 19 10 24 100 31 75 1 9 60 3 71 83 39 2 76 53 15 20 92 41 65 101 7 26 43 72 55 70 27 11 50 59 14 42 36 89 21 6 56 97 34 30 22 40 80 93 4 63 90 44 98 25 84 95 8 48 66
25 1
62 45 36 47 27 41 48 39 12 79 89 1 51 37 40 76 54 46 6 57 50 101 61 53 31 67 70 56 0 18 28 95 68 59 66 80 60 71 14 2 100 24 49 84 16 43 69 15 94 32 77 10 87 86 3 44 8 29 26 35 82 65 9 22 11 17 74 55 73 88 19 34 52 33 90 96 85 98 42 25 72 81 78 99 63 4 21 20 97 30 75 13 92 38 64 91 23 58 83 7 5 93
34 2
58 34 99 8 82 62 48 74 3 78 88 41 80 47 83 56 52 71 85 70 33 75 73 68 69 97 100 43 101 50 87 32 31 20 1 39 77 98 38 35 76 11 63 27 86 79 96 13 6 65 29 81 16 57 54 94 15 53 0 72 61 60 5 42 91 49 92 95 23 24 19 17 59 22 7 21 40 36 9 45 12 51 4 14 89 18 44 30 10 84 93 64 66 90 55 67 46 25 37 2 26 28
61 51 26 46 85 97 56 15 27 66 86 43 73 92 84 7 31 82 38 63 99 32 23 22 88 35 2 8 98 78 95 16 21 70 83 25 65 37 18 100 52 68 79 11 71 48 3 76 45 93 54 1 40 55 50 53 6 59 62 57 72 0 58 19 67 36 9 64 41 101 33 44 60 12 94 75 47 87 29 42 91 96 17 34 14 4 10 77 24 90 89 80 13 49 74 30 81 5 28 20 39 69
50 1
21 76 96 58 5 45 1 36 84 98 16 17 82 28 78 10 30 12 65 2 53 94 23 47 91 8 72 64 79 18 33 25 89 6 50 74 3 44 95 32 85 67 87 19 69 15 80 81 99 13 61 0 52 92 39 101 43 48 83 41 86 42 9 100 38 51 77 57 34 24 60 29 31 26 7 75 62 93 27 70 4 35 22 90 71 66 68 37 73 63 40 20 46 59 97 88 55 11 56 14 49 54
50 2
80 90 29 47 66 94 54 12 99 50 45 24 7 27 37 31 64 17 51 52 61 28 92 67 11 60 36 13 21 2 72 15 95 56 44 85 26 14 75 55 98 68 49 57 34 10 59 3 78 42 9 18 19 53 6 39 33 43 63 46 25 20 71 58 16 76 4 23 41 89 73 62 30 70 93 38 65 96 48 87 0 101 86 91 88 35 82 79 84 69 1 83 22 74 5 32 77 100 40 8 97 81
76 60 43 79 30 95 32 63 51 47 56 82 12 40 37 62 67 77 68 59 69 74 99 96 24 54 80 89 85 73 4 41 6 57 93 70 45 14 71 84 13 31 94 2 55 36 50 9 49 48 46 8 97 75 25 44 10 33 72 19 1 83 15 7 78 98 101 16 18 20 35 38 58 29 21 53 0 17 64 3 26 92 11 61 39 28 90 88 87 27 86 100 81 34 42 5 23 52 65 22 91 66
50 2
1 0 14 13 12 11 10 9 8 7 6 5 4 3 2 101 100 99 98 97 96 95 94 93 92 91 90 89 88 87 86 85 84 83 82 81 80 79 78 77 76 75 74 73 72 71 70 69 68 67 66 65 64 63 62 61 60 59 58 57 56 55 54 53 52 51 50 49 48 47 46 45 44 43 42 41 40 39 38 37 36 35 34 33 32 31 30 29 28 27 26 25 24 23 22 21 20 19 18 17 16 15
15 1 40 28 58 99 95 42 98 18 81 72 56 96 65 0 16 48 9 26 36 74 55 100 54 59 19 90 3 51 88 71 75 60 82 76 20 39 70 37 2 45 7 79 52 41 64 66 17 94 53 29 44 50 24 22 12 78 4 25 33 85 77 91 46 14 47 93 80 89 38 31 11 86 21 32 35 62 57 43 68 10 34 84 83 61 73 101 30 69 27 63 97 67 49 6 13 92 8 5 23 87
51 1
19 69 12 67 6 98 24 38 0 88 74 48 56 17 62 63 33 52 46 3 47 65 27 39 80 60 95 18 34 66 57 59 87 94 101 29 31 22 54 70 93 28 8 49 61 23 41 85 42 36 55 25 26 71 32 40 14 100 1 50 64 90 82 21 76 75 5 86 92 35 91 73 11 99 58 78 43 20 4 72 81 79 51 44 37 9 7 16 84 68 45 10 30 89 77 15 97 53 96 2 83 13
60 2
4 34 3 32 20 89 60 33 46 41 71 64 84 45 79 17 66 26 16 86 0 47 51 83 61 13 15 62 37 9 57 10 2 99 50 69 88 39 36 28 81 29 101 76 23 25 77 55 87 91 1 52 22 12 72 21 59 93 54 74 67 97 92 5 78 49 18 6 35 68 42 31 58 14 56 40 90 8 11 73 95 75 100 44 53 19 85 94 38 63 43 65 27 30 48 98 82 24 80 7 96 70
15 1 40 28 58 99 95 42 98 18 81 72 56 96 65 0 16 48 9 26 36 74 55 100 54 59 19 90 3 51 88 71 75 60 82 76 20 39 70 37 2 45 7 79 52 41 64 66 17 94 53 29 44 50 24 22 12 78 4 25 33 85 77 91 46 14 47 93 80 89 38 31 11 86 21 32 35 62 57 43 68 10 34 84 83 61 73 101 30 69 27 63 97 67 49 6 13 92 8 5 23 87
60 2
92 56 67 13 66 34 91 49 29 33 70 87 63 36 37 101 45 41 97 59 75 42 28 76 23 22 74 26 25 72 20 6 73 89 51 7 3 47 11 12 85 61 78 15 19 99 57 14 82 35 81 5 60 32 52 71 58 84 1 44 54 17 50 39 79 10 93 68 2 100 65 86 8 53 27 30 24 18 21 95 40 62 83 48 46 80 55 38 69 9 98 31 94 4 0 64 90 77 96 16 88 43
80 90 29 47 66 94 54 12 99 50 45 24 7 27 37 31 64 17 51 52 61 28 92 67 11 60 36 13 21 2 72 15 95 56 44 85 26 14 75 55 98 68 49 57 34 10 59 3 78 42 9 18 19 53 6 39 33 43 63 46 25 20 71 58 16 76 4 23 41 89 73 62 30 70 93 38 65 96 48 87 0 101 86 91 88 35 82 79 84 69 1 83 22 74 5 32 77 100 40 8 97 81
100 2
47 48 96 40 27 22 82 58 50 74 42 33 72 89 71 97 46 25 59 75 76 86 5 83 81 17 29 4 54 26 63 44 65 11 100 35 77 88 43 94 3 67 10 38 31 87 16 0 1 79 8 64 57 85 28 92 101 52 7 18 60 95 84 30 51 32 69 41 91 66 78 14 12 90 9 19 20 36 70 49 98 24 6 23 62 53 21 45 37 13 73 68 55 99 39 61 2 15 80 93 34 56
49 58 4 5 2 3 69 89 56 34 91 31 17 54 86 48 97 12 100 75 60 93 36 50 66 78 62 33 37 82 61 11 88 27 9 39 22 28 101 35 52 83 42 44 43 81 77 87 15 0 23 99 40 94 13 67 8 84 1 92 20 30 26 64 63 65 24 55 72 6 79 85 68 98 80 19 96 46 25 70 74 45 29 41 57 71 14 47 32 7 95 10 59 21 53 90 76 16 73 51 18 38
101 1
30 100 34 90 81 15 49 40 96 71 91 69 7 4 86 36 52 10 54 27 38 64 31 2 14 45 74 101 88 93 63 70 50 89 55 17 68 8 18 48 1 87 83 51 73 21 19 72 97 25 77 24 32 35 84 65 46 95 98 6 53 5 33 58 11 9 57 79 47 43 0 82 12 22 62 13 75 41 80 60 67 37 42 29 56 85 16 28 99 66 92 3 76 20 78 94 44 26 23 61 39 59
202 2
36 46 15 59 34 98 65 74 75 9 62 95 89 99 19 2 81 76 27 14 72 32 60 79 97 45 29 18 86 26 49 94 21 52 4 43 0 57 42 47 44 91 38 35 40 25 1 39 78 30 61 88 33 56 96 64 53 37 85 3 22 50 10 68 55 6 101 80 63 83 93 87 20 73 7 8 17 84 48 23 67 16 92 69 77 58 28 71 51 12 100 41 82 70 31 11 54 24 5 13 90 66
67 8 2 15 39 61 95 24 1 29 23 83 74 16 70 3 13 27 55 41 57 53 54 10 7 78 28 17 26 9 85 40 98 75 56 44 71 76 99 4 31 19 100 77 35 90 66 49 58 47 97 68 65 21 22 18 34 20 48 62 72 5 59 101 92 52 46 0 51 80 14 36 60 73 12 33 37 43 25 84 69 88 86 11 79 30 82 94 81 93 45 96 64 89 87 6 91 50 32 38 42 63
505 2
78 92 8 40 93 87 15 70 79 18 2 59 74 57 86 3 22 28 64 88 37 9 14 76 53 27 90 46 58 26 69 20 0 54 98 29 5 19 10 35 60 51 65 41 72 16 1 50 101 44 12 24 80 43 17 94 56 61 33 82 6 42 48 67 84 13 96 11 68 52 91 100 55 83 77 30 62 47 97 38 75 71 63 81 21 34 45 4 31 85 39 66 25 36 49 89 7 99 95 32 73 23
94 17 8 11 27 86 82 79 32 29 25 84 100 3 45 92 78 76 49 10 16 28 77 2 23 12 89 21 65 70 64 55 24 91 54 42 59 5 53 31 39 74 36 81 63 96 0 43 93 97 7 38 60 44 71 61 13 85 26 98 50 40 67 51 73 4 14 18 68 1 15 48 30 75 37 72 80 58 6 52 69 57 20 87 56 47 41 46 90 22 99 88 9 34 83 95 101 62 35 33 19 66
1010 2
69 76 10 61 42 38 20 68 31 11 32 100 28 82 40 96 33 41 56 43 46 72 55 27 74 87 94 44 50 52 30 24 48 37 79 91 29 64 81 16 54 66 8 97 21 15 93 95 101 51 58 71 18 90 73 99 2 89 4 12 49 5 63 17 45 13 34 14 77 25 7 3 84 35 60 59 88 80 47 22 83 26 70 92 0 67 36 6 39 9 78 1 53 75 19 62 23 98 65 57 86 85
60 74 80 11 87 101 92 17 42 33 47 23 54 98 1 32 83 26 94 6 62 25 99 76 38 43 15 64 88 24 30 49 66 95 78 93 50 34 73 82 37 65 59 12 44 29 79 20 57 53 45 63 3 16 27 86 13 67 21 48 7 18 31 71 89 81 77 14 55 5 90 22 75 69 97 52 61 100 84 41 56 39 68 85 4 10 46 70 19 91 96 58 35 9 72 28 40 8 51 2 0 36
2525 2
61 22 36 87 53 50 85 98 33 30 96 47 46 56 82 40 8 15 39 93 62 48 80 88 13 76 0 55 97 92 83 72 2 31 84 24 74 66 4 71 32 60 94 5 10 57 16 49 65 69 41 20 38 58 6 29 19 64 54 77 25 45 63 42 14 18 34 67 26 73 78 89 23 51 12 79 17 9 59 99 52 81 11 100 91 86 28 1 7 70 95 3 35 21 90 44 68 75 43 101 27 37
62 45 36 47 27 41 48 39 12 79 89 1 51 37 40 76 54 46 6 57 50 101 61 53 31 67 70 56 0 18 28 95 68 59 66 80 60 71 14 2 100 24 49 84 16 43 69 15 94 32 77 10 87 86 3 44 8 29 26 35 82 65 9 22 11 17 74 55 73 88 19 34 52 33 90 96 85 98 42 25 72 81 78 99 63 4 21 20 97 30 75 13 92 38 64 91 23 58 83 7 5 93
