6072 24
33 44 46 66 69
2
0 1 22 23 2 3 4 5 6 7 8 9 10 11 12 13 14 15 16 17 18 19 20 21
1 13 11 17 19 4 12 22 3 23 6 15 10 0 20 2 14 8 9 5 16 7 21 18
11
2 1
3 18 23 0 9 21 14 15 10 4 8 13 17 11 6 7 22 12 1 20 19 5 16 2
3 1
11 3 8 5 12 1 17 23 14 18 22 13 19 0 2 9 6 16 15 4 7 10 21 20
4 1
7 3 20 19 6 9 10 18 1 11 16 21 0 14 22 23 4 13 12 8 15 5 17 2
4 2
20 14 4 12 2 11 17 23 10 22 8 5 3 16 1 19 13 6 21 15 0 18 9 7
2 17 0 8 20 13 14 9 3 7 12 16 10 5 6 21 11 1 19 18 4 15 23 22
4 2
18 19 15 8 10 11 16 12 3 21 4 5 7 22 17 2 6 14 0 1 23 9 13 20
23 11 12 9 13 19 17 15 21 3 22 1 2 4 16 7 14 6 20 5 18 8 10 0
6 1
4 2 7 5 17 22 19 13 12 3 16 15 9 6 11 23 21 10 20 1 14 0 8 18
6 2
8 0 16 12 13 7 19 23 1 11 6 15 20 18 21 9 17 2 4 10 3 22 14 5
9 11 4 7 2 12 14 3 15 0 21 1 5 17 6 8 18 13 16 22 23 10 19 20
6 2
5 17 3 6 0 4 2 12 21 14 22 8 23 10 20 18 1 16 19 15 9 11 13 7
10 2 1 16 22 13 17 21 12 18 0 23 8 5 15 14 3 6 9 20 19 7 4 11
11 1
3 20 6 5 7 11 14 19 8 15 4 9 12 16 18 17 10 1 23 2 21 22 0 13
22 2
5 20 18 4 3 0 11 23 16 17 12 6 10 15 19 13 8 9 2 14 1 22 21 7
15 22 19 4 3 8 14 10 5 23 7 12 11 18 6 0 20 21 13 2 16 17 1 9
23 1
5 15 20 11 18 10 2 9 22 12 14 0 16 13 17 23 21 19 3 7 4 1 6 8
