14880 32
40 48 62 80 120
2
0 1 30 31 2 3 4 5 6 7 8 9 10 11 12 13 14 15 16 17 18 19 20 21 22 23 24 25 26 27 28 29
1 17 23 29 3 31 9 14 10 21 18 2 12 25 15 7 24 0 8 20 27 6 22 11 26 28 16 19 13 4 5 30
25
2 1
25 4 23 8 1 15 27 11 3 12 16 7 9 19 24 5 10 20 22 13 17 26 18 2 14 0 21 6 29 28 31 30
3 1
30 19 11 5 22 7 17 3 15 26 1 25 9 13 31 29 20 18 6 10 24 0 23 4 16 2 12 27 14 8 21 28
4 1
16 8 21 26 12 28 3 17 13 5 29 14 2 15 24 1 18 20 23 27 31 4 6 0 30 9 22 10 25 19 11 7
4 2
24 26 13 16 17 23 11 18 22 14 25 6 28 2 9 27 3 4 7 20 19 29 8 5 0 10 1 15 12 21 31 30
22 16 6 26 19 12 2 29 24 31 15 13 5 11 30 10 1 20 21 4 17 18 0 28 8 27 3 25 23 7 14 9
4 2
9 4 15 12 1 21 29 14 22 0 31 28 3 24 7 2 26 27 20 30 18 5 8 25 13 23 16 17 11 6 19 10
25 27 31 14 17 18 24 12 19 23 15 26 7 29 3 10 28 4 5 8 21 20 30 9 6 0 11 1 16 13 22 2
5 1
0 20 27 16 19 5 25 12 22 30 13 1 29 17 10 31 15 26 11 9 21 18 24 3 2 7 14 8 4 6 28 23
6 2
25 27 31 14 17 18 24 12 19 23 15 26 7 29 3 10 28 4 5 8 21 20 30 9 6 0 11 1 16 13 22 2
24 29 30 9 26 31 7 6 13 3 15 28 25 8 20 10 17 16 22 27 14 23 18 21 0 12 4 19 11 1 2 5
8 1
7 6 22 26 23 16 14 19 1 0 24 29 27 20 17 21 4 18 3 12 15 5 11 13 30 2 8 28 31 10 25 9
8 2
1 0 9 8 7 6 5 4 3 2 31 30 29 28 27 26 25 24 23 22 21 20 19 18 17 16 15 14 13 12 11 10
8 7 27 24 17 15 20 1 0 25 30 28 21 18 22 5 19 4 13 16 6 12 14 31 3 9 29 2 11 26 10 23
8 2
28 20 13 16 18 0 12 21 4 22 7 31 23 19 3 8 24 10 15 29 25 17 11 26 14 27 6 1 30 2 5 9
6 29 27 8 14 12 0 9 3 7 22 17 5 25 4 16 15 11 24 20 19 31 10 30 18 13 28 2 26 1 23 21
10 2
19 31 23 9 22 0 30 7 18 16 5 10 15 4 2 13 20 1 28 11 27 24 12 21 14 17 25 3 6 29 8 26
14 13 5 8 17 2 16 29 3 30 23 21 26 1 0 31 6 4 27 24 28 11 25 10 19 22 12 18 20 7 9 15
12 2
22 15 31 27 10 6 5 17 26 16 4 29 14 18 12 1 9 7 13 24 30 28 0 25 19 23 8 3 21 11 20 2
10 3 26 21 9 29 8 20 19 15 28 24 23 5 14 4 22 17 2 6 30 1 27 25 31 12 18 16 0 13 7 11
12 2
10 3 26 21 9 29 8 20 19 15 28 24 23 5 14 4 22 17 2 6 30 1 27 25 31 12 18 16 0 13 7 11
2 5 9 27 26 12 18 30 4 0 6 31 1 3 7 19 25 11 10 28 20 23 21 22 24 29 8 13 15 16 14 17
15 1
14 29 17 18 27 5 1 20 12 3 2 21 28 24 19 15 22 11 10 31 23 0 8 16 25 26 7 30 4 9 13 6
16 2
21 18 27 11 5 23 19 1 17 22 0 20 16 4 28 12 13 25 3 30 2 31 29 24 15 10 8 7 9 6 14 26
24 29 30 9 26 31 7 6 13 3 15 28 25 8 20 10 17 16 22 27 14 23 18 21 0 12 4 19 11 1 2 5
16 2
9 4 15 12 1 21 29 14 22 0 31 28 3 24 7 2 26 27 20 30 18 5 8 25 13 23 16 17 11 6 19 10
15 29 9 6 30 0 4 18 17 21 11 19 7 25 3 23 27 26 10 1 14 8 5 24 16 2 13 22 31 12 28 20
16 1
22 10 5 12 3 15 18 2 19 1 11 4 23 25 6 31 26 7 9 28 21 0 13 30 14 17 29 20 27 24 16 8
24 2
16 6 19 23 4 17 10 24 30 21 1 8 7 27 2 26 20 25 15 14 0 31 22 28 12 5 18 29 3 13 11 9
12 20 30 25 11 15 23 29 14 26 13 4 0 10 8 5 31 27 24 22 1 28 19 6 18 3 9 17 21 7 2 16
24 2
16 8 21 26 12 28 3 17 13 5 29 14 2 15 24 1 18 20 23 27 31 4 6 0 30 9 22 10 25 19 11 7
25 4 23 8 1 15 27 11 3 12 16 7 9 19 24 5 10 20 22 13 17 26 18 2 14 0 21 6 29 28 31 30
30 2
1 0 9 8 7 6 5 4 3 2 31 30 29 28 27 26 25 24 23 22 21 20 19 18 17 16 15 14 13 12 11 10
24 28 20 22 6 15 4 17 9 8 23 26 29 14 13 5 18 7 16 30 2 25 3 10 0 21 11 31 1 12 19 27
31 1
11 23 22 29 10 8 27 2 7 26 24 5 12 1 20 3 19 16 4 13 6 9 17 25 28 21 30 18 15 31 14 0
60 2
6 29 27 8 14 12 0 9 3 7 22 17 5 25 4 16 15 11 24 20 19 31 10 30 18 13 28 2 26 1 23 21
17 30 20 15 14 25 0 7 11 13 26 31 23 24 16 21 4 6 10 1 22 3 2 27 9 28 18 12 5 29 19 8
60 2
2 14 0 13 20 31 29 18 23 28 17 15 26 3 1 11 24 10 7 25 4 27 30 8 16 19 12 21 9 6 22 5
14 8 28 18 11 4 24 21 16 23 7 5 27 3 22 2 1 12 13 26 9 10 0 20 30 19 25 17 15 29 6
93 2
26 23 27 0 25 21 9 3 17 18 30 8 5 7 6 4 29 20 15 13 12 14 11 19 31 2 16 10 28 24 1 22
5 18 20 15 27 16 6 30 23 17 7 26 8 3 2 13 0 25 29 31 14 19 11 12 4 9 22 24 28 1 10 21
155 2
1 5 4 7 31 22 23 18 11 17 21 19 27 2 28 9 6 20 30 13 3 25 12 0 26 8 15 24 10 29 14 16
19 31 23 9 22 0 30 7 18 16 5 10 15 4 2 13 20 1 28 11 27 24 12 21 14 17 25 3 6 29 8 26
