102660 60
87 116 118 145 174 177 236 290 295
2
0 1 58 59 2 3 4 5 6 7 8 9 10 11 12 13 14 15 16 17 18 19 20 21 22 23 24 25 26 27 28 29 30 31 32 33 34 35 36 37 38 39 40 41 42 43 44 45 46 47 48 49 50 51 52 53 54 55 56 57
1 31 30 39 25 47 49 14 38 6 21 17 5 56 43 57 20 36 8 48 28 33 3 59 54 35 45 37 16 41 32 0 2 10 42 4 11 58 18 22 23 52 46 7 24 51 34 12 55 9 15 26 29 13 44 19 53 50 27 40
13
2 1
46 8 24 55 41 47 34 49 1 35 11 10 23 50 58 17 26 15 53 45 48 33 29 12 2 32 16 56 38 22 52 42 25 21 6 9 59 39 28 37 54 4 31 44 43 19 0 5 20 7 13 57 30 18 40 3 27 51 14 36
3 1
58 46 57 29 12 56 19 6 4 55 9 44 8 50 41 22 1 14 11 7 43 31 23 15 3 39 35 32 0 24 5 54 38 2 37 49 42 40 27 48 34 17 47 53 18 13 16 36 25 26 45 52 59 20 21 10 30 33 28 51
4 2
37 7 6 47 44 16 2 1 35 36 48 50 45 21 27 49 5 30 24 56 26 13 51 31 18 46 20 14 39 53 17 23 57 52 54 8 9 0 42 28 58 55 38 59 4 12 25 3 10 15 11 22 33 29 34 41 19 32 40 43
24 13 49 59 27 17 15 21 25 54 33 38 29 1 44 6 30 5 37 58 32 7 31 51 0 8 57 4 41 12 16 22 20 10 36 46 34 18 11 55 56 28 50 47 14 53 35 43 52 2 42 23 48 45 9 39 40 26 19 3
5 1
44 27 17 45 30 46 11 28 49 51 1 24 37 21 31 6 55 42 8 5 29 16 7 40 50 34 47 0 20 22 43 2 25 41 26 54 58 52 33 4 12 53 14 48 10 56 36 32 39 35 15 3 23 57 18 59 9 38 19 13
6 1
50 17 41 49 27 16 51 40 18 26 13 30 55 56 9 14 20 4 1 7 34 15 43 45 42 46 44 8 3 35 31 10 29 39 48 19 28 38 57 36 32 6 59 23 21 25 22 24 52 33 2 0 5 47 53 58 11 12 37 54
6 2
17 5 9 58 39 1 31 28 24 2 48 40 32 20 56 52 49 0 41 22 13 55 19 54 8 59 57 44 7 51 34 6 12 35 30 33 53 42 43 4 11 18 37 38 27 47 50 45 10 16 46 29 15 36 23 21 14 26 3 25
18 45 43 19 37 10 53 26 44 20 47 49 35 2 22 27 40 55 21 56 38 0 58 6 15 11 50 24 46 4 12 54 34 32 33 30 31 29 9 51 59 17 39 13 52 48 57 5 1 25 7 42 8 23 36 41 3 28 14 16
6 2
32 9 53 4 3 55 40 17 49 1 13 20 42 10 54 52 48 7 22 23 11 30 18 19 34 51 47 45 31 57 21 28 0 50 24 59 44 38 37 46 6 43 12 41 36 27 39 26 16 8 33 25 15 2 14 5 58 29 56 35
21 35 37 48 40 39 3 46 26 56 2 42 20 38 24 31 4 5 15 11 23 44 28 12 33 45 41 51 52 25 32 18 36 14 54 58 30 10 53 17 16 8 19 47 0 29 55 49 6 43 34 57 22 13 50 7 59 27 1 9
10 1
17 56 59 2 42 21 0 32 37 27 16 48 3 24 51 39 20 5 38 33 58 18 30 47 44 54 19 29 26 43 55 15 40 35 10 53 34 22 49 12 25 57 46 36 41 1 52 31 13 14 23 6 28 4 8 7 11 45 9 50
10 2
28 31 48 41 20 22 46 38 10 30 8 57 25 53 24 40 59 23 56 44 4 52 5 17 14 12 27 26 0 50 9 1 33 32 47 45 42 54 7 55 15 3 36 58 19 35 6 34 2 51 29 49 21 13 37 39 18 11 43 16
41 17 12 7 38 40 33 3 9 8 48 22 2 19 26 23 34 1 53 13 54 30 11 15 42 52 14 59 37 58 21 57 44 6 16 43 47 28 4 45 5 0 24 35 32 39 56 36 10 50 49 55 25 18 20 51 46 31 29 27
10 2
15 41 34 5 40 3 58 23 42 26 59 38 27 43 48 0 52 37 45 39 31 24 54 7 21 36 9 12 57 44 47 20 35 49 2 32 25 17 11 19 4 1 8 13 29 18 55 30 14 33 56 53 16 51 22 46 50 28 6 10
17 28 59 15 22 38 50 40 14 24 26 20 16 45 8 3 12 0 55 35 11 36 4 41 9 34 10 48 1 33 42 37 58 29 25 19 21 31 5 53 7 23 30 44 43 13 49 52 27 46 6 56 47 39 57 18 51 54 32 2
29 1
1 11 43 36 23 37 58 16 46 28 8 13 41 39 34 15 25 17 54 21 12 0 40 48 22 42 49 38 56 2 3 32 26 45 4 31 14 50 35 47 53 6 9 51 24 57 33 30 7 20 10 19 5 27 29 52 18 44 59 55
58 2
15 41 34 5 40 3 58 23 42 26 59 38 27 43 48 0 52 37 45 39 31 24 54 7 21 36 9 12 57 44 47 20 35 49 2 32 25 17 11 19 4 1 8 13 29 18 55 30 14 33 56 53 16 51 22 46 50 28 6 10
36 44 51 42 27 56 58 45 12 25 14 40 8 55 10 35 22 24 53 38 29 26 16 31 17 9 21 4 46 20 43 23 33 32 52 15 0 50 19 41 11 39 3 30 1 7 28 48 47 57 37 2 34 18 59 13 5 49 6 54
59 1
16 4 3 10 17 36 37 26 46 49 44 9 15 45 28 14 35 22 20 13 25 2 24 8 57 38 1 30 27 23 59 47 39 31 19 55 51 48 0 40 21 12 54 18 53 7 58 56 43 6 50 33 5 11 34 29 32 52 41 42
