443520 22
99 495
3
1 2 3 4 5 6 7 8 9 10 0 12 13 14 15 16 17 18 19 20 21 11
3 7 0 4 8 1 5 9 2 6 10 14 18 11 15 19 12 16 20 13 17
20 9 12 16 18 1 6 5 17 7 21 13 3 15 14 19 2 4 8 11 0 10
70
2 1
9 1 2 3 17 14 19 7 12 0 10 16 8 21 5 18 11 4 15 6 20 13
3 1
0 16 12 15 17 11 21 7 6 9 4 19 14 1 2 20 13 10 18 5 3 8
4 2
0 13 17 15 12 11 21 7 8 18 14 5 4 1 10 3 16 2 9 19 20 6
0 4 5 18 1 2 14 7 8 15 21 17 13 12 6 9 16 11 3 19 20 10
4 2
7 10 18 5 21 3 6 0 20 15 1 17 12 13 14 9 16 11 2 19 8 4
17 3 4 1 2 10 6 11 15 20 5 7 12 13 14 8 16 0 21 19 9 18
4 2
0 2 1 20 4 16 19 7 13 9 10 14 21 8 11 18 5 17 15 6 3 12
9 1 2 3 17 14 19 7 12 0 10 16 8 21 5 18 11 4 15 6 20 13
4 2
20 1 14 3 12 21 11 16 8 18 17 6 4 13 2 15 7 10 9 19 0 5
18 8 6 3 12 5 2 16 1 20 10 14 4 19 11 15 7 17 0 13 9
4 1
8 0 12 13 21 18 6 20 10 17 1 19 3 2 14 16 11 9 5 15 4 7
4 1
3 2 11 0 10 16 14 17 19 15 5 13 7 1 8 9 4 21 18 6 20 12
5 1
12 17 19 2 21 16 1 8 20 7 10 6 4 11 9 0 3 13 18 5 14 15
7 1
8 4 6 12 0 20 14 5 15 1 10 13 21 3 19 16 9 18 11 7 2 17
8 3
12 1 15 3 4 5 14 8 7 9 19 11 0 20 6 2 21 18 17 10 13 16
16 4 2 11 1 5 14 7 8 9 13 3 21 10 6 15 0 18 17 20 19 12
19 4 15 3 1 9 14 7 8 5 12 11 10 21 6 2 20 17 18 0 16 13
8 3
0 7 3 2 8 9 6 1 4 5 10 15 16 19 14 11 12 18 17 13
0 2 1 7 11 13 6 3 15 19 10 4 17 5 14 8 18 12 16 9
0 16 18 17 19 15 6 12 13 11 10 9 7 8 14 5 1 3 2 4
8 2
18 8 19 3 16 10 4 13 5 9 1 6 21 14 17 20 11 7 0 12 15 2
18 4 14 9 5 11 10 2 6 3 16 1 7 21 12 15 8 19 0 13 20 17
8 3
20 1 14 3 12 21 11 16 8 18 17 6 4 13 2 15 7 10 9 19 0 5
18 8 6 3 12 5 2 16 1 20 10 14 4 19 11 15 7 17 0 13 9
0 8 14 3 16 10 11 12 1 9 5 6 7 19 2 15 4 21 18 13 20 17
8 2
12 2 4 7 15 9 6 11 3 5 13 8 21 20 14 1 0 18 17 10 19 16
10 8 3 2 7 5 6 4 1 9 0 15 13 12 14 11 19 17 18 16 21 20
8 2
19 2 10 0 11 5 14 15 3 17 16 20 7 4 6 21 1 9 18 8 13 12
10 8 3 2 7 5 6 4 1 9 0 15 13 12 14 11 19 17 18 16 21 20
8 2
21 15 4 8 3 19 6 11 2 13 20 1 17 5 14 7 18 16 12 9 10 0
0 1 3 2 8 12 14 7 4 16 20 11 5 18 6 15 9 19 13 17 10
8 2
0 15 4 8 2 9 14 11 3 5 20 7 16 13 6 1 12 17 18 19 10
12 2 4 7 15 9 6 11 3 5 13 8 21 20 14 1 0 18 17 10 19 16
8 2
12 2 4 7 15 9 6 11 3 5 13 8 21 20 14 1 0 18 17 10 19 16
11 13 10 0 19 18 6 16 12 17 15 21 7 4 14 20 8 9 5 1 2 3
8 2
3 7 21 0 4 17 14 1 8 9 11 10 12 16 6 20 13 5 18 19 15 2
15 7 6 0 12 2 10 13 8 18 5 14 4 16 21 20 1 11 9 19 3 17
8 1
12 2 0 10 11 9 14 15 3 18 13 21 8 1 6 20 4 5 17 7 16 19
8 2
0 19 6 18 4 12 2 7 11 9 10 8 5 14 13 20 21 17 3 1 15 16
17 3 20 1 9 5 19 7 21 4 10 11 13 12 14 18 16 0 15 6 2 8
9 2
0 14 11 20 2 16 8 19 17 9 1 4 12 7 10 15 21 6 3 13 18 5
9 8 2 20 4 10 5 13 16 15 6 11 12 19 17 0 1 21 3 7 18 14
10 2
9 1 2 3 17 14 19 7 12 0 10 16 8 21 5 18 11 4 15 6 20 13
18 14 2 3 16 1 12 6 19 0 11 17 8 21 13 9 10 4 20 7 15 5
11 1
14 2 0 4 15 1 7 8 5 18 21 17 11 6 9 10 20 16 13 12 3 19
16 4
0 8 14 3 16 10 11 12 1 9 5 6 7 19 2 15 4 21 18 13 20 17
0 14 8 3 21 7 13 5 2 9 12 19 10 6 1 15 17 16 18 11 20 4
0 10 7 3 6 8 4 2 5 9 1 16 14 21 12 15 11 19 18 17 20 13
0 11 13 3 5 4 8 21 6 9 16 1 17 2 19 15 10 12 18 14 20 7
16 4
21 1 3 2 4 17 6 7 8 18 20 15 19 16 14 11 13 5 9 12 10 0
0 7 3 2 8 9 6 1 4 5 10 15 16 19 14 11 12 18 17 13
10 8 3 2 7 5 6 4 1 9 0 15 13 12 14 11 19 17 18 16 21 20
10 7 15 11 8 17 6 1 4 18 0 3 12 13 14 2 16 5 9 19 21 20
16 2
8 0 12 13 21 18 6 20 10 17 1 19 3 2 14 16 11 9 5 15 4 7
12 2 4 7 15 9 6 11 3 5 13 8 21 20 14 1 0 18 17 10 19 16
16 2
12 15 8 1 2 18 6 3 11 17 13 4 20 21 14 7 10 9 5 0 19 16
3 13 0 10 19 9 6 16 12 5 2 20 1 8 14 21 4 18 17 7 15 11
16 3
18 5 19 9 4 1 16 13 8 3 10 11 21 7 17 15 6 14 0 2 20 12
0 8 14 3 16 10 11 12 1 9 5 6 7 19 2 15 4 21 18 13 20 17
18 4 14 9 5 11 10 2 6 3 16 1 7 21 12 15 8 19 0 13 20 17
16 2
4 10 12 13 20 9 6 21 0 5 7 19 11 15 14 16 3 18 17 2 8 1
3 13 0 10 19 9 6 16 12 5 2 20 1 8 14 21 4 18 17 7 15 11
16 2
20 10 12 3 14 13 16 11 5 18 19 4 6 21 7 15 2 1 9 17 0 8
9 21 12 3 2 8 16 6 17 0 1 4 11 10 7 15 14 19 20 5 18 13
16 3
20 10 12 3 14 13 16 11 5 18 19 4 6 21 7 15 2 1 9 17 0 8
9 6 1 3 5 7 19 21 11 0 12 13 17 14 8 15 10 16 20 2 18 4
0 8 14 3 16 10 11 12 1 9 5 6 7 19 2 15 4 21 18 13 20 17
16 3
3 21 19 12 0 5 14 20 10 9 15 16 4 8 6 13 1 18 17 7 2 11
12 1 15 3 4 5 14 8 7 9 19 11 0 20 6 2 21 18 17 10 13 16
16 4 2 11 1 5 14 7 8 9 13 3 21 10 6 15 0 18 17 20 19 12
16 3
0 2 1 20 4 16 19 7 13 9 10 14 21 8 11 18 5 17 15 6 3 12
9 1 2 3 17 14 19 7 12 0 10 16 8 21 5 18 11 4 15 6 20 13
18 7 10 20 17 13 6 2 16 15 1 14 11 8 21 0 5 4 9 19 3 12
16 2
8 0 12 13 21 18 6 20 10 17 1 19 3 2 14 16 11 9 5 15 4 7
11 13 10 0 19 18 6 16 12 17 15 21 7 4 14 20 8 9 5 1 2 3
16 2
12 2 4 7 15 9 6 11 3 5 13 8 21 20 14 1 0 18 17 10 19 16
13 2 8 1 15 17 6 11 3 18 12 4 0 10 14 7 21 5 9 20 16 19
16 2
3 14 2 0 4 19 11 12 21 15 7 5 13 10 17 20 1 16 9 6 18 8
0 17 8 3 21 5 6 7 2 15 11 10 19 13 16 9 14 1 20 12 18 4
16 3
0 15 4 8 2 9 14 11 3 5 20 7 16 13 6 1 12 17 18 19 10
12 2 4 7 15 9 6 11 3 5 13 8 21 20 14 1 0 18 17 10 19 16
10 8 3 2 7 5 6 4 1 9 0 15 13 12 14 11 19 17 18 16 21 20
16 2
8 19 10 21 13 18 14 16 12 17 4 0 3 15 6 20 11 5 9 2 1 7
10 8 3 2 7 5 6 4 1 9 0 15 13 12 14 11 19 17 18 16 21 20
16 2
3 7 21 0 4 17 14 1 8 9 11 10 12 16 6 20 13 5 18 19 15 2
9 10 6 18 14 4 8 19 17 3 7 13 1 12 2 20 11 21 0 16 15 5
16 2
0 14 17 9 7 21 16 5 10 3 6 19 2 12 11 15 8 13 20 1 18 4
3 2 11 0 10 16 14 17 19 15 5 13 7 1 8 9 4 21 18 6 20 12
20 2
12 0 2 15 21 1 14 10 20 7 13 11 5 9 6 3 17 8 4 18 16 19
5 0 4 7 21 11 14 10 20 15 17 1 12 16 6 8 13 3 2 19 9 18
32 4
0 15 4 8 2 9 14 11 3 5 20 7 16 13 6 1 12 17 18 19 10
12 2 4 7 15 9 6 11 3 5 13 8 21 20 14 1 0 18 17 10 19 16
0 7 3 2 8 9 6 1 4 5 10 15 16 19 14 11 12 18 17 13
19 4 15 3 1 9 14 7 8 5 12 11 10 21 6 2 20 17 18 0 16 13
32 3
12 1 15 3 4 5 14 8 7 9 19 11 0 20 6 2 21 18 17 10 13 16
21 1 3 2 4 17 6 7 8 18 20 15 19 16 14 11 13 5 9 12 10 0
0 7 3 2 8 9 6 1 4 5 10 15 16 19 14 11 12 18 17 13
32 3
0 1 4 3 2 7 13 5 21 20 11 10 19 6 14 18 16 17 15 12 9 8
0 2 16 3 14 11 10 19 17 15 5 6 7 12 8 9 21 4 20 13 18 1
0 17 8 3 21 5 6 7 2 15 11 10 19 13 16 9 14 1 20 12 18 4
32 3
8 0 12 13 21 18 6 20 10 17 1 19 3 2 14 16 11 9 5 15 4 7
12 15 8 1 2 18 6 3 11 17 13 4 20 21 14 7 10 9 5 0 19 16
11 13 10 0 19 18 6 16 12 17 15 21 7 4 14 20 8 9 5 1 2 3
32 2
3 20 12 19 10 9 14 21 0 5 15 13 1 7 6 16 4 17 18 8 2 11
12 2 4 7 15 9 6 11 3 5 13 8 21 20 14 1 0 18 17 10 19 16
32 2
0 14 17 9 7 21 16 5 10 3 6 19 2 12 11 15 8 13 20 1 18 4
15 7 6 20 5 4 10 11 16 18 12 21 2 8 14 0 17 13 3 19 9 1
32 2
8 19 10 21 13 18 14 16 12 17 4 0 3 15 6 20 11 5 9 2 1 7
0 7 3 2 8 9 6 1 4 5 10 15 16 19 14 11 12 18 17 13
32 3
8 0 12 13 21 18 6 20 10 17 1 19 3 2 14 16 11 9 5 15 4 7
12 2 4 7 15 9 6 11 3 5 13 8 21 20 14 1 0 18 17 10 19 16
0 7 3 2 8 9 6 1 4 5 10 15 16 19 14 11 12 18 17 13
32 3
9 1 6 15 21 7 2 5 13 0 16 11 17 8 14 3 10 12 18 19 20 4
3 16 7 0 13 2 4 8 5 15 19 10 11 21 17 9 14 1 18 12 20 6
3 2 11 0 10 16 14 17 19 15 5 13 7 1 8 9 4 21 18 6 20 12
32 2
3 11 2 9 17 16 6 10 13 15 21 19 7 8 1 0 4 5 20 14 18 12
3 2 11 0 10 16 14 17 19 15 5 13 7 1 8 9 4 21 18 6 20 12
32 2
0 15 4 8 2 9 14 11 3 5 20 7 16 13 6 1 12 17 18 19 10
8 0 12 13 21 18 6 20 10 17 1 19 3 2 14 16 11 9 5 15 4 7
32 3
8 19 10 21 13 18 14 16 12 17 4 0 3 15 6 20 11 5 9 2 1 7
0 15 4 8 2 9 14 11 3 5 20 7 16 13 6 1 12 17 18 19 10
10 8 3 2 7 5 6 4 1 9 0 15 13 12 14 11 19 17 18 16 21 20
55 2
18 0 14 3 4 21 12 1 13 2 17 8 11 6 20 5 9 15 19 7 16 10
2 19 18 1 15 13 5 14 4 3 11 8 12 21 0 10 9 6 7 16 20 17
56 2
7 4 17 8 3 21 10 13 18 0 5 2 15 12 14 19 1 6 20 9 16 11
0 13 11 3 12 17 14 16 19 9 21 2 4 1 6 15 7 5 18 8 20 10
64 3
15 1 12 3 4 5 10 21 16 9 6 11 2 17 19 0 8 13 20 14 18 7
0 14 17 9 7 21 16 5 10 3 6 19 2 12 11 15 8 13 20 1 18 4
15 13 19 9 17 12 1 10 11 3 5 2 7 14 6 0 4 21 18 8 20 16
64 4
8 0 12 13 21 18 6 20 10 17 1 19 3 2 14 16 11 9 5 15 4 7
12 2 4 7 15 9 6 11 3 5 13 8 21 20 14 1 0 18 17 10 19 16
21 1 3 2 4 17 6 7 8 18 20 15 19 16 14 11 13 5 9 12 10 0
13 2 8 1 15 17 6 11 3 18 12 4 0 10 14 7 21 5 9 20 16 19
64 3
0 15 4 8 2 9 14 11 3 5 20 7 16 13 6 1 12 17 18 19 10
12 2 4 7 15 9 6 11 3 5 13 8 21 20 14 1 0 18 17 10 19 16
13 4 3 15 1 17 14 7 8 18 16 2 0 20 6 11 21 9 5 10 12 19
64 2
15 12 11 20 10 16 5 6 4 18 7 17 14 1 2 0 21 19 3 13 9 8
15 7 6 20 5 4 10 11 16 18 12 21 2 8 14 0 17 13 3 19 9 1
64 2
8 19 10 21 13 18 14 16 12 17 4 0 3 15 6 20 11 5 9 2 1 7
8 12 20 0 16 9 14 13 19 5 4 21 2 11 6 10 15 17 18 3 1 7
64 2
8 0 12 13 21 18 6 20 10 17 1 19 3 2 14 16 11 9 5 15 4 7
3 20 12 19 10 9 14 21 0 5 15 13 1 7 6 16 4 17 18 8 2 11
64 3
8 19 10 21 13 18 14 16 12 17 4 0 3 15 6 20 11 5 9 2 1 7
0 15 4 8 2 9 14 11 3 5 20 7 16 13 6 1 12 17 18 19 10
8 0 12 13 21 18 6 20 10 17 1 19 3 2 14 16 11 9 5 15 4 7
80 2
17 3 19 16 15 7 6 2 11 4 18 12 10 21 14 13 0 1 8 20 5 9
7 19 10 21 12 2 6 16 13 15 4 20 5 17 14 0 9 3 11 18 1 8
80 2
15 20 0 14 19 11 3 6 4 18 10 1 12 2 17 16 13 7 8 9 21 5
16 18 15 19 11 20 8 7 17 14 10 1 4 0 3 13 2 5 12 21 6 9
128 3
11 20 19 12 10 17 14 21 0 18 2 16 8 4 6 13 7 9 5 1 15 3
0 15 4 8 2 9 14 11 3 5 20 7 16 13 6 1 12 17 18 19 10
3 21 19 12 0 5 14 20 10 9 15 16 4 8 6 13 1 18 17 7 2 11
160 2
11 9 20 0 17 4 6 18 5 7 3 10 19 16 14 21 13 8 1 12 15 2
16 17 7 1 9 20 6 5 18 21 12 8 11 15 14 4 3 0 10 2 19 13
160 2
18 12 7 20 4 1 14 11 21 0 6 13 8 19 17 15 10 16 3 2 9 5
18 19 5 9 14 21 2 10 17 3 13 7 1 11 8 15 12 4 0 16 20 6
320 2
19 21 3 11 0 1 14 20 10 7 16 15 17 18 6 2 5 8 4 9 13 12
12 2 0 10 11 9 14 15 3 18 13 21 8 1 6 20 4 5 17 7 16 19
