3420 20
36 38 45
2
0 1 18 19 2 3 4 5 6 7 8 9 10 11 12 13 14 15 16 17
1 11 10 16 13 3 19 4 8 18 12 0 2 7 14 9 5 6 15 17
12
2 1
2 17 0 10 19 7 11 5 13 16 3 6 14 8 12 18 9 1 15 4
3 1
18 10 5 13 4 7 0 2 19 11 16 14 12 17 9 8 1 3 6 15
4 2
11 17 13 6 7 14 3 4 15 19 16 0 18 2 5 8 10 1 12 9
9 8 18 10 5 4 16 14 1 0 3 19 13 12 7 17 6 15 2 11
5 1
19 9 7 2 10 11 0 16 13 4 14 6 15 12 1 17 18 8 3 5
6 2
9 7 19 6 18 11 3 1 17 0 13 5 16 10 15 14 12 8 4 2
9 8 18 10 5 4 16 14 1 0 3 19 13 12 7 17 6 15 2 11
9 1
14 17 0 19 12 1 6 15 9 5 11 3 18 13 10 2 8 4 16 7
10 2
13 12 10 19 6 15 4 14 9 8 2 18 1 0 7 5 17 16 11 3
14 11 7 10 15 18 8 2 6 12 3 1 9 16 0 4 13 19 5 17
10 2
16 9 3 17 8 4 15 0 12 6 7 5 11 14 2 18 19 13 1 10
8 17 6 9 16 19 2 12 0 3 11 10 7 18 15 14 4 1 13 5
10 1
17 12 16 15 0 8 4 9 11 19 5 6 10 18 2 7 3 1 14 13
12 2
16 8 2 5 0 18 17 9 14 12 10 15 7 6 1 19 4 13 3 11
14 11 7 10 15 18 8 2 6 12 3 1 9 16 0 4 13 19 5 17
18 2
16 17 12 13 18 8 19 10 5 14 7 15 2 3 9 11 0 1 4 6
16 14 17 4 3 19 15 11 9 8 13 7 18 10 1 6 0 2 12 5
19 1
5 3 18 16 15 2 14 7 17 1 13 0 9 19 12 6 11 10 8 4
