51888 48
69 92 94 138 141 184 188
2
0 1 46 47 2 3 4 5 6 7 8 9 10 11 12 13 14 15 16 17 18 19 20 21 22 23 24 25 26 27 28 29 30 31 32 33 34 35 36 37 38 39 40 41 42 43 44 45
1 25 7 33 42 27 4 43 46 15 31 10 14 21 26 28 3 47 13 40 5 18 35 45 36 0 12 20 9 37 23 11 29 16 17 41 38 32 24 19 39 22 6 2 8 30 44 34
14
2 1
26 27 17 46 7 36 12 4 20 30 42 43 6 31 34 32 29 2 25 39 8 38 40 44 37 18 0 1 35 16 9 13 15 45 14 28 5 24 21 19 22 47 10 11 23 33 3 41
3 1
11 31 21 33 18 37 28 30 36 41 38 15 13 43 25 0 39 8 40 7 23 32 46 26 22 44 20 16 42 10 19 35 2 34 3 1 17 45 29 27 4 47 6 12 14 5 24 9
4 1
5 46 33 27 42 40 29 25 35 3 7 13 8 32 23 31 12 14 4 1 6 15 36 45 0 47 37 39 20 28 19 43 38 44 2 16 26 22 11 9 24 18 41 21 34 17 30 10
4 2
36 32 42 4 3 17 24 40 46 33 29 34 39 35 22 28 44 5 19 18 26 37 14 43 6 45 20 30 15 10 27 47 1 9 11 13 0 21 41 12 7 38 2 23 16 25 8 31
39 35 28 11 34 45 7 6 20 27 43 3 36 32 37 42 38 25 31 47 8 22 21 29 40 17 46 9 2 23 33 18 13 30 4 1 12 14 16 0 24 44 15 10 41 5 26 19
4 2
1 0 21 20 19 18 17 16 15 14 13 12 11 10 9 8 7 6 5 4 3 2 47 46 45 44 43 42 41 40 39 38 37 36 35 34 33 32 31 30 29 28 27 26 25 24 23 22
2 21 0 36 41 15 27 34 18 29 11 10 13 12 40 5 35 42 8 28 33 1 39 45 46 37 31 6 19 9 47 26 44 20 7 16 3 25 43 22 14 4 17 38 32 23 24 30
6 1
47 14 33 27 29 39 11 15 42 31 26 9 24 17 45 18 38 23 43 16 44 37 6 35 30 19 46 4 22 32 34 28 40 0 5 8 41 2 36 12 3 25 13 20 7 10 1 21
6 2
27 0 10 19 45 18 8 22 44 4 46 30 13 33 28 20 14 11 35 36 23 41 29 15 43 32 40 1 16 7 17 34 47 12 39 5 3 24 26 31 38 42 21 37 6 9 2 25
36 3 45 1 10 22 16 18 28 46 4 31 20 15 44 13 6 34 7 27 12 32 5 33 26 41 24 19 8 35 39 11 21 23 17 29 0 40 43 30 37 25 47 38 14 2 9 42
6 2
9 22 8 12 30 40 42 36 2 0 13 16 3 10 44 20 11 33 21 28 15 18 1 29 41 35 37 47 19 23 4 39 34 17 32 25 7 26 46 31 5 24 6 45 14 43 38 27
7 46 23 41 35 36 24 40 21 5 15 19 6 27 26 47 34 38 2 32 13 29 17 18 12 30 43 20 16 8 39 4 11 1 28 31 9 44 22 25 0 42 3 14 45 37 33 10
8 1
17 38 26 5 47 32 1 14 25 16 43 42 31 6 22 36 28 10 20 35 45 27 19 33 3 24 13 12 39 30 41 0 23 8 4 29 46 18 11 40 34 7 2 21 15 44 37 9
8 2
14 39 43 24 29 10 16 33 40 22 5 26 30 45 0 17 6 15 34 35 46 25 9 41 3 21 11 42 32 4 12 44 28 7 18 19 38 47 36 1 8 23 27 2 31 13 20 37
39 35 28 11 34 45 7 6 20 27 43 3 36 32 37 42 38 25 31 47 8 22 21 29 40 17 46 9 2 23 33 18 13 30 4 1 12 14 16 0 24 44 15 10 41 5 26 19
8 2
23 36 46 39 21 40 14 45 19 38 20 13 28 11 6 41 22 26 44 8 10 4 16 0 27 30 17 24 12 34 25 47 35 42 29 32 1 43 9 3 5 15 33 37 18 7 2 31
6 31 43 18 22 37 0 9 44 7 26 27 38 17 47 33 41 13 3 34 24 42 4 36 20 45 10 11 30 39 28 1 46 15 19 40 23 5 12 29 35 16 21 2 8 25 32 14
23 1
17 21 12 41 46 15 5 30 37 28 45 22 11 3 4 36 29 13 7 20 24 19 14 18 31 25 9 2 34 35 27 16 39 10 47 8 33 23 38 43 26 6 0 44 42 40 1 32
46 2
14 39 43 24 29 10 16 33 40 22 5 26 30 45 0 17 6 15 34 35 46 25 9 41 3 21 11 42 32 4 12 44 28 7 18 19 38 47 36 1 8 23 27 2 31 13 20 37
28 11 38 8 32 24 39 35 3 16 18 1 14 22 12 34 9 26 10 44 41 29 13 30 5 27 17 25 0 21 23 36 4 46 15 7 31 47 2 6 43 20 45 40 19 42 33 37
47 1
23 39 36 22 19 8 43 40 26 7 28 13 42 1 33 21 38 32 14 16 17 10 18 25 5 4 15 35 31 27 47 12 11 37 44 6 45 46 2 30 24 41 29 0 20 3 34 9
