262080 65
35 39 40 45 52 70 78 80 90 91 104 105 117 120 140 156 160 180 182 208 210 234 240 273 280 312 315 320 360 364 416 420 468 480
2
0 1 63 27 45 17 25 32 40 47 55 64 2 11 12 13 14 15 16 18 5 19 20 21 22 23 24 26 6 28 3 29 30 31 33 7 34 35 36 37 38 39 41 8 42 43 44 46 4 48 9 49 50 51 52 53 54 56 10 57 58 59 60 61 62
1 2 0 3 4 8 5 10 6 7 9 17 23 53 34 39 42 57 58 13 45 20 62 50 35 52 31 24 16 26 55 29 15 59 37 27 60 14 41 32 51 61 28 36 49 21 44 33 40 46 12 48 63 19 30 54 22 11 64 47 43 38 56 25 18
71
2 1
6 24 63 34 49 26 0 45 13 20 53 60 17 8 32 21 58 12 35 46 9 15 42 44 1 31 5 59 61 54 57 25 14 37 3 18 62 33 43 41 52 39 22 38 23 7 19 55 56 4 64 51 40 10 29 47 48 30 16 27 11 28 36 2 50
3 1
31 1 20 54 49 14 15 17 27 9 41 43 37 0 38 45 23 58 64 30 32 16 42 21 50 40 29 33 12 60 53 13 2 8 10 48 4 28 5 52 61 34 47 57 24 6 35 22 46 36 44 39 51 19 56 18 3 11 7 62 26 25 63 59 55
4 2
28 20 52 24 31 49 41 26 57 37 39 38 58 54 23 21 40 55 48 25 1 15 61 14 3 19 7 33 0 51 53 4 62 27 47 43 64 9 11 10 16 6 46 35 60 63 42 34 18 5 50 29 2 30 13 17 59 8 12 56 44 22 32 45 36
62 40 12 49 15 24 56 36 13 43 18 14 2 8 11 4 20 27 10 51 16 31 46 38 5 29 64 17 32 25 45 21 28 55 60 37 7 35 23 48 1 59 61 9 47 30 22 44 39 3 50 19 58 63 57 33 6 54 52 41 34 42 0 53 26
4 2
5 29 34 32 46 0 33 63 35 54 23 48 60 37 39 22 19 59 38 16 51 61 15 10 62 40 45 41 49 1 64 42 3 6 2 8 53 13 18 14 25 27 31 57 58 26 4 52 11 28 50 20 47 36 9 56 55 43 44 17 12 21 24 7 30
3 19 44 0 61 32 17 30 9 8 11 10 47 43 18 42 29 6 14 1 25 46 31 48 28 20 53 56 24 16 7 22 5 59 58 54 45 57 39 38 51 55 15 13 2 36 21 12 23 62 50 40 60 26 35 41 27 37 34 33 52 4 49 64 63
4 2
34 19 58 38 29 8 36 59 5 43 39 49 35 46 22 50 26 64 28 1 48 63 14 47 53 61 16 27 18 4 54 60 40 45 0 12 6 44 3 10 32 62 57 9 37 33 13 23 20 11 15 52 51 24 30 56 55 42 2 7 31 25 41 21 17
37 17 47 8 54 38 45 39 3 31 59 55 26 40 41 20 35 1 21 64 15 18 62 58 25 24 12 27 63 30 29 9 46 36 44 16 33 0 5 7 13 14 52 60 34 6 32 2 50 56 48 57 42 61 4 11 49 51 23 10 43 53 22 28 19
4 2
22 6 11 31 24 15 1 35 63 64 44 2 14 53 12 5 59 19 47 17 41 49 0 58 4 55 43 51 61 33 54 3 42 29 48 7 37 36 52 60 56 20 32 26 10 57 62 18 34 21 50 27 38 13 30 25 40 45 23 16 39 28 46 8 9
62 40 12 49 15 24 56 36 13 43 18 14 2 8 11 4 20 27 10 51 16 31 46 38 5 29 64 17 32 25 45 21 28 55 60 37 7 35 23 48 1 59 61 9 47 30 22 44 39 3 50 19 58 63 57 33 6 54 52 41 34 42 0 53 26
4 2
3 10 62 0 55 15 56 19 58 37 1 23 51 17 41 5 16 13 45 7 63 24 43 11 21 31 35 44 47 59 39 25 40 34 33 26 48 9 57 30 32 14 64 22 27 18 53 28 36 60 52 12 50 46 61 4 6 38 8 29 49 54 2 20 42
14 18 44 41 56 40 55 9 21 7 45 64 48 46 0 32 16 53 1 37 22 8 20 42 58 33 38 62 49 39 59 34 15 25 31 57 51 19 26 29 5 3 23 63 2 10 13 60 12 28 54 36 61 17 50 6 4 35 24 30 47 52 27 43 11
4 2
62 40 12 49 15 24 56 36 13 43 18 14 2 8 11 4 20 27 10 51 16 31 46 38 5 29 64 17 32 25 45 21 28 55 60 37 7 35 23 48 1 59 61 9 47 30 22 44 39 3 50 19 58 63 57 33 6 54 52 41 34 42 0 53 26
42 59 23 15 49 31 16 9 30 7 34 58 38 45 52 3 6 29 60 33 56 24 32 2 21 27 37 25 46 17 8 5 22 19 10 64 43 26 12 47 41 40 0 36 48 13 28 39 44 4 50 55 14 57 63 51 20 53 11 1 18 62 61 54 35
4 2
40 4 45 19 1 23 63 62 22 38 42 28 59 57 64 39 50 35 47 3 27 58 8 5 60 52 56 20 11 44 61 34 49 46 31 17 54 48 9 15 0 53 10 43 29 2 33 18 37 32 16 55 25 41 36 51 26 13 21 12 24 30 7 6 14
63 24 51 36 60 21 40 30 31 29 37 14 39 32 11 59 33 53 27 54 47 5 34 58 1 26 25 18 64 9 7 8 13 16 22 41 3 10 44 12 6 35 48 43 38 55 50 20 42 57 46 2 56 17 19 45 52 49 23 15 4 62 61 0 28
4 2
9 27 59 54 28 62 35 56 45 0 61 17 50 43 57 19 37 11 32 15 42 24 47 25 21 23 64 1 4 48 36 34 18 63 31 6 30 16 38 60 46 49 20 13 58 8 40 22 29 41 12 53 55 51 3 52 7 14 44 2 39 10 5 33 26
52 24 6 42 30 31 2 47 14 55 12 49 10 25 8 26 44 41 39 64 54 27 56 43 1 13 15 21 36 46 4 5 60 53 62 59 28 58 38 18 48 17 3 23 16 57 29 7 40 11 61 63 0 33 20 9 22 45 37 35 32 50 34 51 19
4 2
32 16 58 5 21 3 59 64 54 35 48 23 52 57 38 31 1 33 39 29 40 4 42 11 49 51 36 55 62 19 63 15 0 17 44 9 26 43 14 18 20 56 22 37 34 53 61 60 10 24 50 25 12 45 8 27 41 13 2 6 47 46 28 30 7
61 41 38 4 3 21 20 43 45 36 60 52 23 30 58 49 56 25 34 55 6 5 28 12 31 17 35 29 22 27 13 24 46 51 18 26 9 64 2 44 59 1 62 7 39 8 32 48 47 15 50 33 11 54 53 19 16 63 14 40 10 0 42 57 37
4 2
28 20 52 24 31 49 41 26 57 37 39 38 58 54 23 21 40 55 48 25 1 15 61 14 3 19 7 33 0 51 53 4 62 27 47 43 64 9 11 10 16 6 46 35 60 63 42 34 18 5 50 29 2 30 13 17 59 8 12 56 44 22 32 45 36
61 41 38 4 3 21 20 43 45 36 60 52 23 30 58 49 56 25 34 55 6 5 28 12 31 17 35 29 22 27 13 24 46 51 18 26 9 64 2 44 59 1 62 7 39 8 32 48 47 15 50 33 11 54 53 19 16 63 14 40 10 0 42 57 37
4 2
3 19 44 0 61 32 17 30 9 8 11 10 47 43 18 42 29 6 14 1 25 46 31 48 28 20 53 56 24 16 7 22 5 59 58 54 45 57 39 38 51 55 15 13 2 36 21 12 23 62 50 40 60 26 35 41 27 37 34 33 52 4 49 64 63
12 35 62 47 48 60 7 6 29 16 21 46 0 25 22 39 9 30 31 54 43 10 14 61 34 13 41 45 58 8 17 18 52 63 24 1 56 40 42 15 37 26 38 20 49 27 11 3 4 44 50 57 32 55 19 53 36 51 28 64 5 23 2 33 59
5 1
18 35 32 26 9 44 36 33 61 50 25 23 24 45 3 51 34 7 1 14 11 16 56 49 15 57 54 31 47 46 6 2 41 13 64 53 43 20 40 12 42 27 28 59 22 17 52 38 10 37 8 39 63 0 19 5 55 62 29 30 21 4 48 58 60
6 2
52 15 23 24 50 35 47 7 20 32 45 12 11 22 16 1 14 21 41 59 8 17 13 2 3 30 63 49 31 64 25 28 9 61 60 5 40 43 57 44 36 18 58 37 39 10 54 6 62 27 4 53 0 51 46 56 55 38 42 19 34 33 48 26 29
1 0 4 3 2 39 31 24 16 62 54 46 45 44 43 42 8 41 40 38 37 36 35 34 7 33 32 30 29 28 27 6 26 25 23 22 21 20 19 5 18 17 15 14 13 12 11 64 63 61 60 59 58 57 10 56 55 53 52 51 50 49 9 48 47
7 1
51 38 47 14 4 29 0 2 58 62 64 12 1 16 25 57 7 53 18 45 60 5 36 56 32 11 20 24 42 10 48 55 41 13 46 6 21 19 3 59 49 37 54 28 39 27 43 63 50 35 31 52 40 30 61 17 15 44 26 23 9 34 8 33 22
8 3
21 27 18 46 32 61 51 57 26 53 12 47 10 64 44 28 55 40 2 56 33 0 49 60 42 59 8 1 15 41 37 62 4 20 38 45 54 30 34 58 17 29 24 63 14 35 3 11 52 22 50 6 48 9 36 16 19 7 39 25 23 5 31 43 13
23 26 42 48 47 10 43 20 27 56 5 32 61 17 28 44 36 13 24 53 7 60 58 0 18 30 1 8 14 45 25 34 11 57 31 41 16 59 62 49 64 35 2 6 15 29 52 4 3 39 50 63 46 19 55 54 9 33 22 37 21 12 38 51 40
42 59 23 15 49 31 16 9 30 7 34 58 38 45 52 3 6 29 60 33 56 24 32 2 21 27 37 25 46 17 8 5 22 19 10 64 43 26 12 47 41 40 0 36 48 13 28 39 44 4 50 55 14 57 63 51 20 53 11 1 18 62 61 54 35
8 3
22 6 11 31 24 15 1 35 63 64 44 2 14 53 12 5 59 19 47 17 41 49 0 58 4 55 43 51 61 33 54 3 42 29 48 7 37 36 52 60 56 20 32 26 10 57 62 18 34 21 50 27 38 13 30 25 40 45 23 16 39 28 46 8 9
23 26 42 48 47 10 43 20 27 56 5 32 61 17 28 44 36 13 24 53 7 60 58 0 18 30 1 8 14 45 25 34 11 57 31 41 16 59 62 49 64 35 2 6 15 29 52 4 3 39 50 63 46 19 55 54 9 33 22 37 21 12 38 51 40
48 53 15 23 12 11 13 25 56 27 32 5 4 6 24 2 45 43 28 26 30 52 34 3 14 7 19 9 18 36 20 58 10 37 22 55 29 33 49 62 63 54 44 17 42 16 60 61 0 38 50 64 21 1 41 35 8 59 31 57 46 47 39 40 51
8 3
52 9 28 60 10 47 64 59 19 1 4 61 32 51 42 18 35 63 15 8 37 48 38 46 44 57 56 53 2 54 33 39 12 30 49 16 41 20 22 31 43 36 14 40 24 55 23 5 21 34 50 13 0 27 29 45 26 25 62 7 3 11 58 17 6
23 26 42 48 47 10 43 20 27 56 5 32 61 17 28 44 36 13 24 53 7 60 58 0 18 30 1 8 14 45 25 34 11 57 31 41 16 59 62 49 64 35 2 6 15 29 52 4 3 39 50 63 46 19 55 54 9 33 22 37 21 12 38 51 40
61 41 38 4 3 21 20 43 45 36 60 52 23 30 58 49 56 25 34 55 6 5 28 12 31 17 35 29 22 27 13 24 46 51 18 26 9 64 2 44 59 1 62 7 39 8 32 48 47 15 50 33 11 54 53 19 16 63 14 40 10 0 42 57 37
8 3
62 40 12 49 15 24 56 36 13 43 18 14 2 8 11 4 20 27 10 51 16 31 46 38 5 29 64 17 32 25 45 21 28 55 60 37 7 35 23 48 1 59 61 9 47 30 22 44 39 3 50 19 58 63 57 33 6 54 52 41 34 42 0 53 26
42 59 23 15 49 31 16 9 30 7 34 58 38 45 52 3 6 29 60 33 56 24 32 2 21 27 37 25 46 17 8 5 22 19 10 64 43 26 12 47 41 40 0 36 48 13 28 39 44 4 50 55 14 57 63 51 20 53 11 1 18 62 61 54 35
10 45 31 11 52 23 57 51 41 55 0 3 21 59 49 58 53 37 62 36 63 12 44 5 38 64 29 35 39 26 40 2 48 43 42 27 19 17 24 28 30 8 34 33 22 1 47 46 32 14 50 7 4 16 56 9 54 6 15 13 61 60 18 20 25
8 3
28 20 52 24 31 49 41 26 57 37 39 38 58 54 23 21 40 55 48 25 1 15 61 14 3 19 7 33 0 51 53 4 62 27 47 43 64 9 11 10 16 6 46 35 60 63 42 34 18 5 50 29 2 30 13 17 59 8 12 56 44 22 32 45 36
12 35 62 47 48 60 7 6 29 16 21 46 0 25 22 39 9 30 31 54 43 10 14 61 34 13 41 45 58 8 17 18 52 63 24 1 56 40 42 15 37 26 38 20 49 27 11 3 4 44 50 57 32 55 19 53 36 51 28 64 5 23 2 33 59
48 53 15 23 12 11 13 25 56 27 32 5 4 6 24 2 45 43 28 26 30 52 34 3 14 7 19 9 18 36 20 58 10 37 22 55 29 33 49 62 63 54 44 17 42 16 60 61 0 38 50 64 21 1 41 35 8 59 31 57 46 47 39 40 51
8 3
28 20 52 24 31 49 41 26 57 37 39 38 58 54 23 21 40 55 48 25 1 15 61 14 3 19 7 33 0 51 53 4 62 27 47 43 64 9 11 10 16 6 46 35 60 63 42 34 18 5 50 29 2 30 13 17 59 8 12 56 44 22 32 45 36
12 35 62 47 48 60 7 6 29 16 21 46 0 25 22 39 9 30 31 54 43 10 14 61 34 13 41 45 58 8 17 18 52 63 24 1 56 40 42 15 37 26 38 20 49 27 11 3 4 44 50 57 32 55 19 53 36 51 28 64 5 23 2 33 59
10 45 31 11 52 23 57 51 41 55 0 3 21 59 49 58 53 37 62 36 63 12 44 5 38 64 29 35 39 26 40 2 48 43 42 27 19 17 24 28 30 8 34 33 22 1 47 46 32 14 50 7 4 16 56 9 54 6 15 13 61 60 18 20 25
8 3
5 29 34 32 46 0 33 63 35 54 23 48 60 37 39 22 19 59 38 16 51 61 15 10 62 40 45 41 49 1 64 42 3 6 2 8 53 13 18 14 25 27 31 57 58 26 4 52 11 28 50 20 47 36 9 56 55 43 44 17 12 21 24 7 30
12 35 62 47 48 60 7 6 29 16 21 46 0 25 22 39 9 30 31 54 43 10 14 61 34 13 41 45 58 8 17 18 52 63 24 1 56 40 42 15 37 26 38 20 49 27 11 3 4 44 50 57 32 55 19 53 36 51 28 64 5 23 2 33 59
62 40 12 49 15 24 56 36 13 43 18 14 2 8 11 4 20 27 10 51 16 31 46 38 5 29 64 17 32 25 45 21 28 55 60 37 7 35 23 48 1 59 61 9 47 30 22 44 39 3 50 19 58 63 57 33 6 54 52 41 34 42 0 53 26
8 3
5 29 34 32 46 0 33 63 35 54 23 48 60 37 39 22 19 59 38 16 51 61 15 10 62 40 45 41 49 1 64 42 3 6 2 8 53 13 18 14 25 27 31 57 58 26 4 52 11 28 50 20 47 36 9 56 55 43 44 17 12 21 24 7 30
12 35 62 47 48 60 7 6 29 16 21 46 0 25 22 39 9 30 31 54 43 10 14 61 34 13 41 45 58 8 17 18 52 63 24 1 56 40 42 15 37 26 38 20 49 27 11 3 4 44 50 57 32 55 19 53 36 51 28 64 5 23 2 33 59
3 19 44 0 61 32 17 30 9 8 11 10 47 43 18 42 29 6 14 1 25 46 31 48 28 20 53 56 24 16 7 22 5 59 58 54 45 57 39 38 51 55 15 13 2 36 21 12 23 62 50 40 60 26 35 41 27 37 34 33 52 4 49 64 63
8 3
62 40 12 49 15 24 56 36 13 43 18 14 2 8 11 4 20 27 10 51 16 31 46 38 5 29 64 17 32 25 45 21 28 55 60 37 7 35 23 48 1 59 61 9 47 30 22 44 39 3 50 19 58 63 57 33 6 54 52 41 34 42 0 53 26
12 35 62 47 48 60 7 6 29 16 21 46 0 25 22 39 9 30 31 54 43 10 14 61 34 13 41 45 58 8 17 18 52 63 24 1 56 40 42 15 37 26 38 20 49 27 11 3 4 44 50 57 32 55 19 53 36 51 28 64 5 23 2 33 59
3 19 44 0 61 32 17 30 9 8 11 10 47 43 18 42 29 6 14 1 25 46 31 48 28 20 53 56 24 16 7 22 5 59 58 54 45 57 39 38 51 55 15 13 2 36 21 12 23 62 50 40 60 26 35 41 27 37 34 33 52 4 49 64 63
8 3
28 20 52 24 31 49 41 26 57 37 39 38 58 54 23 21 40 55 48 25 1 15 61 14 3 19 7 33 0 51 53 4 62 27 47 43 64 9 11 10 16 6 46 35 60 63 42 34 18 5 50 29 2 30 13 17 59 8 12 56 44 22 32 45 36
4 55 39 61 0 46 25 13 36 45 52 60 48 7 34 62 27 20 58 41 17 32 24 47 22 6 54 16 31 56 43 28 21 40 14 53 8 63 44 2 33 19 49 30 38 9 5 23 12 42 50 59 10 35 26 1 29 64 18 51 11 3 15 37 57
61 41 38 4 3 21 20 43 45 36 60 52 23 30 58 49 56 25 34 55 6 5 28 12 31 17 35 29 22 27 13 24 46 51 18 26 9 64 2 44 59 1 62 7 39 8 32 48 47 15 50 33 11 54 53 19 16 63 14 40 10 0 42 57 37
8 3
3 10 62 0 55 15 56 19 58 37 1 23 51 17 41 5 16 13 45 7 63 24 43 11 21 31 35 44 47 59 39 25 40 34 33 26 48 9 57 30 32 14 64 22 27 18 53 28 36 60 52 12 50 46 61 4 6 38 8 29 49 54 2 20 42
24 62 10 21 31 35 33 22 41 20 2 36 42 49 58 26 16 60 27 43 9 3 7 48 0 55 15 18 46 50 61 4 38 6 56 5 11 63 32 54 57 8 12 19 45 44 28 53 23 13 29 64 59 47 39 25 34 40 14 52 17 30 1 37 51
14 18 44 41 56 40 55 9 21 7 45 64 48 46 0 32 16 53 1 37 22 8 20 42 58 33 38 62 49 39 59 34 15 25 31 57 51 19 26 29 5 3 23 63 2 10 13 60 12 28 54 36 61 17 50 6 4 35 24 30 47 52 27 43 11
8 3
28 20 52 24 31 49 41 26 57 37 39 38 58 54 23 21 40 55 48 25 1 15 61 14 3 19 7 33 0 51 53 4 62 27 47 43 64 9 11 10 16 6 46 35 60 63 42 34 18 5 50 29 2 30 13 17 59 8 12 56 44 22 32 45 36
3 19 44 0 61 32 17 30 9 8 11 10 47 43 18 42 29 6 14 1 25 46 31 48 28 20 53 56 24 16 7 22 5 59 58 54 45 57 39 38 51 55 15 13 2 36 21 12 23 62 50 40 60 26 35 41 27 37 34 33 52 4 49 64 63
62 40 12 49 15 24 56 36 13 43 18 14 2 8 11 4 20 27 10 51 16 31 46 38 5 29 64 17 32 25 45 21 28 55 60 37 7 35 23 48 1 59 61 9 47 30 22 44 39 3 50 19 58 63 57 33 6 54 52 41 34 42 0 53 26
8 3
24 25 60 28 22 62 55 53 37 57 38 39 34 35 48 46 51 41 23 20 19 42 4 18 0 1 30 59 3 40 26 61 49 56 12 13 63 8 10 11 29 17 21 54 52 64 15 58 14 32 50 16 44 7 43 6 33 9 47 27 2 31 5 36 45
23 26 42 48 47 10 43 20 27 56 5 32 61 17 28 44 36 13 24 53 7 60 58 0 18 30 1 8 14 45 25 34 11 57 31 41 16 59 62 49 64 35 2 6 15 29 52 4 3 39 50 63 46 19 55 54 9 33 22 37 21 12 38 51 40
4 55 39 61 0 46 25 13 36 45 52 60 48 7 34 62 27 20 58 41 17 32 24 47 22 6 54 16 31 56 43 28 21 40 14 53 8 63 44 2 33 19 49 30 38 9 5 23 12 42 50 59 10 35 26 1 29 64 18 51 11 3 15 37 57
8 3
14 7 46 18 34 39 35 1 33 59 49 62 22 55 0 60 64 54 3 30 26 44 12 28 48 53 20 57 23 63 19 47 38 8 4 6 40 56 32 5 36 43 52 41 21 51 2 31 24 10 50 45 42 25 17 13 37 27 61 9 15 58 11 29 16
61 41 38 4 3 21 20 43 45 36 60 52 23 30 58 49 56 25 34 55 6 5 28 12 31 17 35 29 22 27 13 24 46 51 18 26 9 64 2 44 59 1 62 7 39 8 32 48 47 15 50 33 11 54 53 19 16 63 14 40 10 0 42 57 37
5 29 34 32 46 0 33 63 35 54 23 48 60 37 39 22 19 59 38 16 51 61 15 10 62 40 45 41 49 1 64 42 3 6 2 8 53 13 18 14 25 27 31 57 58 26 4 52 11 28 50 20 47 36 9 56 55 43 44 17 12 21 24 7 30
8 3
28 20 52 24 31 49 41 26 57 37 39 38 58 54 23 21 40 55 48 25 1 15 61 14 3 19 7 33 0 51 53 4 62 27 47 43 64 9 11 10 16 6 46 35 60 63 42 34 18 5 50 29 2 30 13 17 59 8 12 56 44 22 32 45 36
23 26 42 48 47 10 43 20 27 56 5 32 61 17 28 44 36 13 24 53 7 60 58 0 18 30 1 8 14 45 25 34 11 57 31 41 16 59 62 49 64 35 2 6 15 29 52 4 3 39 50 63 46 19 55 54 9 33 22 37 21 12 38 51 40
61 41 38 4 3 21 20 43 45 36 60 52 23 30 58 49 56 25 34 55 6 5 28 12 31 17 35 29 22 27 13 24 46 51 18 26 9 64 2 44 59 1 62 7 39 8 32 48 47 15 50 33 11 54 53 19 16 63 14 40 10 0 42 57 37
8 3
28 20 52 24 31 49 41 26 57 37 39 38 58 54 23 21 40 55 48 25 1 15 61 14 3 19 7 33 0 51 53 4 62 27 47 43 64 9 11 10 16 6 46 35 60 63 42 34 18 5 50 29 2 30 13 17 59 8 12 56 44 22 32 45 36
42 59 23 15 49 31 16 9 30 7 34 58 38 45 52 3 6 29 60 33 56 24 32 2 21 27 37 25 46 17 8 5 22 19 10 64 43 26 12 47 41 40 0 36 48 13 28 39 44 4 50 55 14 57 63 51 20 53 11 1 18 62 61 54 35
61 41 38 4 3 21 20 43 45 36 60 52 23 30 58 49 56 25 34 55 6 5 28 12 31 17 35 29 22 27 13 24 46 51 18 26 9 64 2 44 59 1 62 7 39 8 32 48 47 15 50 33 11 54 53 19 16 63 14 40 10 0 42 57 37
8 3
28 20 52 24 31 49 41 26 57 37 39 38 58 54 23 21 40 55 48 25 1 15 61 14 3 19 7 33 0 51 53 4 62 27 47 43 64 9 11 10 16 6 46 35 60 63 42 34 18 5 50 29 2 30 13 17 59 8 12 56 44 22 32 45 36
12 35 62 47 48 60 7 6 29 16 21 46 0 25 22 39 9 30 31 54 43 10 14 61 34 13 41 45 58 8 17 18 52 63 24 1 56 40 42 15 37 26 38 20 49 27 11 3 4 44 50 57 32 55 19 53 36 51 28 64 5 23 2 33 59
62 40 12 49 15 24 56 36 13 43 18 14 2 8 11 4 20 27 10 51 16 31 46 38 5 29 64 17 32 25 45 21 28 55 60 37 7 35 23 48 1 59 61 9 47 30 22 44 39 3 50 19 58 63 57 33 6 54 52 41 34 42 0 53 26
8 3
14 7 46 18 34 39 35 1 33 59 49 62 22 55 0 60 64 54 3 30 26 44 12 28 48 53 20 57 23 63 19 47 38 8 4 6 40 56 32 5 36 43 52 41 21 51 2 31 24 10 50 45 42 25 17 13 37 27 61 9 15 58 11 29 16
4 55 39 61 0 46 25 13 36 45 52 60 48 7 34 62 27 20 58 41 17 32 24 47 22 6 54 16 31 56 43 28 21 40 14 53 8 63 44 2 33 19 49 30 38 9 5 23 12 42 50 59 10 35 26 1 29 64 18 51 11 3 15 37 57
61 41 38 4 3 21 20 43 45 36 60 52 23 30 58 49 56 25 34 55 6 5 28 12 31 17 35 29 22 27 13 24 46 51 18 26 9 64 2 44 59 1 62 7 39 8 32 48 47 15 50 33 11 54 53 19 16 63 14 40 10 0 42 57 37
8 3
24 25 60 28 22 62 55 53 37 57 38 39 34 35 48 46 51 41 23 20 19 42 4 18 0 1 30 59 3 40 26 61 49 56 12 13 63 8 10 11 29 17 21 54 52 64 15 58 14 32 50 16 44 7 43 6 33 9 47 27 2 31 5 36 45
23 26 42 48 47 10 43 20 27 56 5 32 61 17 28 44 36 13 24 53 7 60 58 0 18 30 1 8 14 45 25 34 11 57 31 41 16 59 62 49 64 35 2 6 15 29 52 4 3 39 50 63 46 19 55 54 9 33 22 37 21 12 38 51 40
61 41 38 4 3 21 20 43 45 36 60 52 23 30 58 49 56 25 34 55 6 5 28 12 31 17 35 29 22 27 13 24 46 51 18 26 9 64 2 44 59 1 62 7 39 8 32 48 47 15 50 33 11 54 53 19 16 63 14 40 10 0 42 57 37
8 3
52 9 28 60 10 47 64 59 19 1 4 61 32 51 42 18 35 63 15 8 37 48 38 46 44 57 56 53 2 54 33 39 12 30 49 16 41 20 22 31 43 36 14 40 24 55 23 5 21 34 50 13 0 27 29 45 26 25 62 7 3 11 58 17 6
62 40 12 49 15 24 56 36 13 43 18 14 2 8 11 4 20 27 10 51 16 31 46 38 5 29 64 17 32 25 45 21 28 55 60 37 7 35 23 48 1 59 61 9 47 30 22 44 39 3 50 19 58 63 57 33 6 54 52 41 34 42 0 53 26
5 29 34 32 46 0 33 63 35 54 23 48 60 37 39 22 19 59 38 16 51 61 15 10 62 40 45 41 49 1 64 42 3 6 2 8 53 13 18 14 25 27 31 57 58 26 4 52 11 28 50 20 47 36 9 56 55 43 44 17 12 21 24 7 30
8 3
52 9 28 60 10 47 64 59 19 1 4 61 32 51 42 18 35 63 15 8 37 48 38 46 44 57 56 53 2 54 33 39 12 30 49 16 41 20 22 31 43 36 14 40 24 55 23 5 21 34 50 13 0 27 29 45 26 25 62 7 3 11 58 17 6
3 19 44 0 61 32 17 30 9 8 11 10 47 43 18 42 29 6 14 1 25 46 31 48 28 20 53 56 24 16 7 22 5 59 58 54 45 57 39 38 51 55 15 13 2 36 21 12 23 62 50 40 60 26 35 41 27 37 34 33 52 4 49 64 63
62 40 12 49 15 24 56 36 13 43 18 14 2 8 11 4 20 27 10 51 16 31 46 38 5 29 64 17 32 25 45 21 28 55 60 37 7 35 23 48 1 59 61 9 47 30 22 44 39 3 50 19 58 63 57 33 6 54 52 41 34 42 0 53 26
8 3
24 25 60 28 22 62 55 53 37 57 38 39 34 35 48 46 51 41 23 20 19 42 4 18 0 1 30 59 3 40 26 61 49 56 12 13 63 8 10 11 29 17 21 54 52 64 15 58 14 32 50 16 44 7 43 6 33 9 47 27 2 31 5 36 45
61 41 38 4 3 21 20 43 45 36 60 52 23 30 58 49 56 25 34 55 6 5 28 12 31 17 35 29 22 27 13 24 46 51 18 26 9 64 2 44 59 1 62 7 39 8 32 48 47 15 50 33 11 54 53 19 16 63 14 40 10 0 42 57 37
52 9 28 60 10 47 64 59 19 1 4 61 32 51 42 18 35 63 15 8 37 48 38 46 44 57 56 53 2 54 33 39 12 30 49 16 41 20 22 31 43 36 14 40 24 55 23 5 21 34 50 13 0 27 29 45 26 25 62 7 3 11 58 17 6
8 3
38 64 61 39 44 18 9 16 17 6 24 28 42 27 32 47 7 8 5 63 36 34 52 62 10 45 40 13 11 30 29 60 14 54 21 59 20 41 0 3 26 37 12 56 4 25 58 15 49 48 50 53 22 51 33 57 43 55 46 35 31 2 23 19 1
4 55 39 61 0 46 25 13 36 45 52 60 48 7 34 62 27 20 58 41 17 32 24 47 22 6 54 16 31 56 43 28 21 40 14 53 8 63 44 2 33 19 49 30 38 9 5 23 12 42 50 59 10 35 26 1 29 64 18 51 11 3 15 37 57
3 19 44 0 61 32 17 30 9 8 11 10 47 43 18 42 29 6 14 1 25 46 31 48 28 20 53 56 24 16 7 22 5 59 58 54 45 57 39 38 51 55 15 13 2 36 21 12 23 62 50 40 60 26 35 41 27 37 34 33 52 4 49 64 63
9 1
4 1 40 45 19 60 36 15 7 50 34 25 21 17 35 58 52 0 53 38 20 26 29 46 47 31 57 12 55 30 48 28 16 22 3 6 10 32 5 64 62 43 14 23 49 42 63 39 8 11 37 61 2 51 59 54 13 18 33 44 56 27 9 24 41
10 2
31 25 62 8 37 63 9 33 3 6 48 50 59 51 27 64 36 21 26 40 54 17 23 22 56 1 18 14 28 60 38 0 53 7 39 55 16 4 30 34 19 46 57 49 58 47 41 45 10 43 11 13 61 32 20 35 24 42 44 12 29 52 2 5 15
7 6 5 20 32 2 1 0 9 8 10 62 49 28 38 50 42 58 44 60 3 27 46 61 54 56 30 21 13 34 26 40 4 39 29 57 59 52 14 33 31 53 16 55 18 63 22 64 51 12 15 48 37 41 24 43 25 35 17 36 19 23 11 45 47
12 2
16 24 44 6 39 32 55 13 22 23 29 50 35 17 5 49 54 7 48 41 28 18 40 51 62 37 34 12 63 60 26 4 14 33 30 27 38 58 56 31 8 53 11 52 61 45 59 43 21 57 42 9 47 19 0 3 36 15 25 64 10 2 1 20 46
61 58 35 36 8 14 15 21 4 13 24 39 59 9 5 6 64 52 43 25 22 7 20 48 10 19 57 54 31 37 55 28 45 33 38 2 3 29 34 11 50 62 63 18 46 32 44 51 23 56 40 47 17 60 27 30 49 26 1 12 53 0 41 42 16
13 1
8 28 34 63 60 13 35 44 26 7 56 49 62 6 46 22 55 64 0 32 57 4 38 45 30 10 54 16 2 5 9 40 27 48 18 3 17 33 36 52 41 51 21 42 29 20 50 58 53 15 12 39 25 31 23 11 37 1 59 14 47 24 43 61 19
14 2
20 48 26 41 38 35 25 55 51 29 14 54 15 34 10 12 23 27 47 39 0 50 30 16 31 6 2 17 40 9 22 24 59 49 13 5 63 45 4 19 28 3 44 57 42 37 52 18 1 33 21 8 46 56 11 7 53 43 62 32 64 61 58 36 60
44 35 13 57 27 34 28 8 7 26 56 43 15 2 36 12 21 59 29 47 63 16 50 24 23 37 9 4 6 18 54 41 60 52 5 1 14 25 46 48 40 31 55 11 0 61 38 19 39 62 22 53 33 51 30 42 10 3 64 17 32 45 49 20 58
16 4
14 7 46 18 34 39 35 1 33 59 49 62 22 55 0 60 64 54 3 30 26 44 12 28 48 53 20 57 23 63 19 47 38 8 4 6 40 56 32 5 36 43 52 41 21 51 2 31 24 10 50 45 42 25 17 13 37 27 61 9 15 58 11 29 16
26 23 59 53 54 45 58 28 21 46 29 16 41 31 20 57 11 34 25 48 14 8 43 1 30 18 0 60 7 10 24 13 36 44 17 61 32 42 40 51 38 12 37 22 33 5 9 55 19 63 50 39 56 3 4 47 52 15 6 2 27 35 64 49 62
61 41 38 4 3 21 20 43 45 36 60 52 23 30 58 49 56 25 34 55 6 5 28 12 31 17 35 29 22 27 13 24 46 51 18 26 9 64 2 44 59 1 62 7 39 8 32 48 47 15 50 33 11 54 53 19 16 63 14 40 10 0 42 57 37
48 53 15 23 12 11 13 25 56 27 32 5 4 6 24 2 45 43 28 26 30 52 34 3 14 7 19 9 18 36 20 58 10 37 22 55 29 33 49 62 63 54 44 17 42 16 60 61 0 38 50 64 21 1 41 35 8 59 31 57 46 47 39 40 51
16 4
56 46 7 27 29 55 62 2 48 23 54 35 36 39 37 25 61 49 57 21 42 19 40 9 33 15 52 3 59 4 44 51 41 24 63 11 12 14 43 13 22 32 20 38 30 47 1 45 8 17 50 31 26 60 10 5 0 18 64 28 53 16 6 34 58
17 31 45 6 20 59 3 47 38 39 37 57 30 23 54 16 15 0 35 22 4 40 19 13 41 61 34 62 55 42 12 1 33 32 26 18 44 10 8 9 21 24 29 48 36 2 51 7 43 56 50 46 63 58 14 28 49 11 53 5 64 25 27 52 60
26 23 59 53 54 45 58 28 21 46 29 16 41 31 20 57 11 34 25 48 14 8 43 1 30 18 0 60 7 10 24 13 36 44 17 61 32 42 40 51 38 12 37 22 33 5 9 55 19 63 50 39 56 3 4 47 52 15 6 2 27 35 64 49 62
45 10 17 36 9 26 44 49 61 4 1 19 27 42 51 43 48 2 40 11 39 35 57 29 64 38 5 12 63 23 62 37 53 58 59 21 3 31 25 20 18 60 13 15 6 0 54 56 16 7 50 14 55 32 46 52 47 22 33 34 41 8 30 28 24
16 4
26 23 59 53 54 45 58 28 21 46 29 16 41 31 20 57 11 34 25 48 14 8 43 1 30 18 0 60 7 10 24 13 36 44 17 61 32 42 40 51 38 12 37 22 33 5 9 55 19 63 50 39 56 3 4 47 52 15 6 2 27 35 64 49 62
23 26 42 48 47 10 43 20 27 56 5 32 61 17 28 44 36 13 24 53 7 60 58 0 18 30 1 8 14 45 25 34 11 57 31 41 16 59 62 49 64 35 2 6 15 29 52 4 3 39 50 63 46 19 55 54 9 33 22 37 21 12 38 51 40
3 19 44 0 61 32 17 30 9 8 11 10 47 43 18 42 29 6 14 1 25 46 31 48 28 20 53 56 24 16 7 22 5 59 58 54 45 57 39 38 51 55 15 13 2 36 21 12 23 62 50 40 60 26 35 41 27 37 34 33 52 4 49 64 63
4 55 39 61 0 46 25 13 36 45 52 60 48 7 34 62 27 20 58 41 17 32 24 47 22 6 54 16 31 56 43 28 21 40 14 53 8 63 44 2 33 19 49 30 38 9 5 23 12 42 50 59 10 35 26 1 29 64 18 51 11 3 15 37 57
16 4
13 34 29 43 7 37 48 4 62 49 59 33 25 0 55 36 44 23 41 58 47 64 53 17 35 12 31 38 54 2 61 26 57 11 1 24 15 5 27 56 60 18 45 3 16 42 63 20 6 9 50 52 51 22 28 14 39 32 19 10 40 30 8 46 21
12 35 62 47 48 60 7 6 29 16 21 46 0 25 22 39 9 30 31 54 43 10 14 61 34 13 41 45 58 8 17 18 52 63 24 1 56 40 42 15 37 26 38 20 49 27 11 3 4 44 50 57 32 55 19 53 36 51 28 64 5 23 2 33 59
32 16 58 5 21 3 59 64 54 35 48 23 52 57 38 31 1 33 39 29 40 4 42 11 49 51 36 55 62 19 63 15 0 17 44 9 26 43 14 18 20 56 22 37 34 53 61 60 10 24 50 25 12 45 8 27 41 13 2 6 47 46 28 30 7
36 11 6 45 8 53 2 62 4 61 19 1 56 15 40 13 23 44 51 10 38 54 37 16 63 39 32 47 64 48 49 57 26 34 33 46 0 22 20 25 14 52 43 42 17 3 35 27 29 30 50 18 41 5 21 60 12 31 59 58 55 9 7 24 28
16 4
26 23 59 53 54 45 58 28 21 46 29 16 41 31 20 57 11 34 25 48 14 8 43 1 30 18 0 60 7 10 24 13 36 44 17 61 32 42 40 51 38 12 37 22 33 5 9 55 19 63 50 39 56 3 4 47 52 15 6 2 27 35 64 49 62
12 35 62 47 48 60 7 6 29 16 21 46 0 25 22 39 9 30 31 54 43 10 14 61 34 13 41 45 58 8 17 18 52 63 24 1 56 40 42 15 37 26 38 20 49 27 11 3 4 44 50 57 32 55 19 53 36 51 28 64 5 23 2 33 59
43 58 16 13 30 57 23 61 49 62 33 59 20 3 41 45 2 48 55 34 12 63 26 6 54 47 22 39 35 44 4 53 37 10 19 28 42 32 56 27 52 14 36 0 29 15 64 25 17 8 50 60 40 31 24 18 38 5 1 11 51 7 9 21 46
3 19 44 0 61 32 17 30 9 8 11 10 47 43 18 42 29 6 14 1 25 46 31 48 28 20 53 56 24 16 7 22 5 59 58 54 45 57 39 38 51 55 15 13 2 36 21 12 23 62 50 40 60 26 35 41 27 37 34 33 52 4 49 64 63
16 4
28 20 52 24 31 49 41 26 57 37 39 38 58 54 23 21 40 55 48 25 1 15 61 14 3 19 7 33 0 51 53 4 62 27 47 43 64 9 11 10 16 6 46 35 60 63 42 34 18 5 50 29 2 30 13 17 59 8 12 56 44 22 32 45 36
23 26 42 48 47 10 43 20 27 56 5 32 61 17 28 44 36 13 24 53 7 60 58 0 18 30 1 8 14 45 25 34 11 57 31 41 16 59 62 49 64 35 2 6 15 29 52 4 3 39 50 63 46 19 55 54 9 33 22 37 21 12 38 51 40
48 53 15 23 12 11 13 25 56 27 32 5 4 6 24 2 45 43 28 26 30 52 34 3 14 7 19 9 18 36 20 58 10 37 22 55 29 33 49 62 63 54 44 17 42 16 60 61 0 38 50 64 21 1 41 35 8 59 31 57 46 47 39 40 51
26 23 59 53 54 45 58 28 21 46 29 16 41 31 20 57 11 34 25 48 14 8 43 1 30 18 0 60 7 10 24 13 36 44 17 61 32 42 40 51 38 12 37 22 33 5 9 55 19 63 50 39 56 3 4 47 52 15 6 2 27 35 64 49 62
16 4
61 41 38 4 3 21 20 43 45 36 60 52 23 30 58 49 56 25 34 55 6 5 28 12 31 17 35 29 22 27 13 24 46 51 18 26 9 64 2 44 59 1 62 7 39 8 32 48 47 15 50 33 11 54 53 19 16 63 14 40 10 0 42 57 37
40 62 35 51 33 25 46 11 34 58 30 7 37 60 36 55 28 21 45 49 32 17 56 64 29 5 38 31 16 24 10 27 20 4 8 2 14 12 26 53 0 42 41 52 54 18 6 57 63 19 50 3 43 39 44 15 22 47 9 61 13 59 1 48 23
38 64 61 39 44 18 9 16 17 6 24 28 42 27 32 47 7 8 5 63 36 34 52 62 10 45 40 13 11 30 29 60 14 54 21 59 20 41 0 3 26 37 12 56 4 25 58 15 49 48 50 53 22 51 33 57 43 55 46 35 31 2 23 19 1
48 53 15 23 12 11 13 25 56 27 32 5 4 6 24 2 45 43 28 26 30 52 34 3 14 7 19 9 18 36 20 58 10 37 22 55 29 33 49 62 63 54 44 17 42 16 60 61 0 38 50 64 21 1 41 35 8 59 31 57 46 47 39 40 51
16 4
40 62 35 51 33 25 46 11 34 58 30 7 37 60 36 55 28 21 45 49 32 17 56 64 29 5 38 31 16 24 10 27 20 4 8 2 14 12 26 53 0 42 41 52 54 18 6 57 63 19 50 3 43 39 44 15 22 47 9 61 13 59 1 48 23
8 60 25 9 36 35 39 15 0 3 41 55 29 62 33 7 47 38 59 52 44 26 63 27 37 2 21 23 57 12 42 64 54 14 40 5 4 24 17 6 34 10 30 49 20 61 53 16 56 43 50 58 19 46 32 11 48 28 51 18 1 45 13 22 31
16 32 43 29 27 19 42 38 47 12 53 26 9 44 64 17 0 15 63 5 62 55 59 36 51 49 11 4 40 3 39 33 1 31 57 52 23 58 7 30 28 46 6 2 13 48 41 8 45 25 50 24 35 10 60 21 61 34 37 22 54 56 20 18 14
17 31 45 6 20 59 3 47 38 39 37 57 30 23 54 16 15 0 35 22 4 40 19 13 41 61 34 62 55 42 12 1 33 32 26 18 44 10 8 9 21 24 29 48 36 2 51 7 43 56 50 46 63 58 14 28 49 11 53 5 64 25 27 52 60
16 4
26 23 59 53 54 45 58 28 21 46 29 16 41 31 20 57 11 34 25 48 14 8 43 1 30 18 0 60 7 10 24 13 36 44 17 61 32 42 40 51 38 12 37 22 33 5 9 55 19 63 50 39 56 3 4 47 52 15 6 2 27 35 64 49 62
16 32 43 29 27 19 42 38 47 12 53 26 9 44 64 17 0 15 63 5 62 55 59 36 51 49 11 4 40 3 39 33 1 31 57 52 23 58 7 30 28 46 6 2 13 48 41 8 45 25 50 24 35 10 60 21 61 34 37 22 54 56 20 18 14
45 10 17 36 9 26 44 49 61 4 1 19 27 42 51 43 48 2 40 11 39 35 57 29 64 38 5 12 63 23 62 37 53 58 59 21 3 31 25 20 18 60 13 15 6 0 54 56 16 7 50 14 55 32 46 52 47 22 33 34 41 8 30 28 24
56 46 7 27 29 55 62 2 48 23 54 35 36 39 37 25 61 49 57 21 42 19 40 9 33 15 52 3 59 4 44 51 41 24 63 11 12 14 43 13 22 32 20 38 30 47 1 45 8 17 50 31 26 60 10 5 0 18 64 28 53 16 6 34 58
16 4
26 23 59 53 54 45 58 28 21 46 29 16 41 31 20 57 11 34 25 48 14 8 43 1 30 18 0 60 7 10 24 13 36 44 17 61 32 42 40 51 38 12 37 22 33 5 9 55 19 63 50 39 56 3 4 47 52 15 6 2 27 35 64 49 62
27 21 30 56 16 41 49 44 23 48 35 54 45 38 57 20 4 62 37 46 15 1 51 8 59 42 60 0 33 61 2 40 55 28 64 10 47 18 13 43 31 5 25 39 7 12 19 36 9 6 50 22 53 52 11 32 3 14 63 24 26 29 17 58 34
43 58 16 13 30 57 23 61 49 62 33 59 20 3 41 45 2 48 55 34 12 63 26 6 54 47 22 39 35 44 4 53 37 10 19 28 42 32 56 27 52 14 36 0 29 15 64 25 17 8 50 60 40 31 24 18 38 5 1 11 51 7 9 21 46
17 31 45 6 20 59 3 47 38 39 37 57 30 23 54 16 15 0 35 22 4 40 19 13 41 61 34 62 55 42 12 1 33 32 26 18 44 10 8 9 21 24 29 48 36 2 51 7 43 56 50 46 63 58 14 28 49 11 53 5 64 25 27 52 60
16 4
45 10 17 36 9 26 44 49 61 4 1 19 27 42 51 43 48 2 40 11 39 35 57 29 64 38 5 12 63 23 62 37 53 58 59 21 3 31 25 20 18 60 13 15 6 0 54 56 16 7 50 14 55 32 46 52 47 22 33 34 41 8 30 28 24
37 2 1 57 63 13 11 46 24 28 17 6 40 5 56 53 58 10 27 44 52 30 36 59 8 60 42 18 9 34 21 45 43 48 29 62 22 0 41 55 12 38 26 32 19 31 7 51 33 54 50 47 20 15 49 39 14 3 16 23 25 64 35 4 61
42 59 23 15 49 31 16 9 30 7 34 58 38 45 52 3 6 29 60 33 56 24 32 2 21 27 37 25 46 17 8 5 22 19 10 64 43 26 12 47 41 40 0 36 48 13 28 39 44 4 50 55 14 57 63 51 20 53 11 1 18 62 61 54 35
16 32 43 29 27 19 42 38 47 12 53 26 9 44 64 17 0 15 63 5 62 55 59 36 51 49 11 4 40 3 39 33 1 31 57 52 23 58 7 30 28 46 6 2 13 48 41 8 45 25 50 24 35 10 60 21 61 34 37 22 54 56 20 18 14
18 2
9 7 6 36 54 10 2 1 8 0 5 29 13 12 38 45 17 16 53 26 48 46 39 55 35 31 19 49 60 11 40 25 42 56 63 24 3 62 14 22 30 50 32 52 61 15 21 59 20 27 41 58 43 18 4 23 33 64 51 47 28 44 37 34 57
7 6 5 20 32 2 1 0 9 8 10 62 49 28 38 50 42 58 44 60 3 27 46 61 54 56 30 21 13 34 26 40 4 39 29 57 59 52 14 33 31 53 16 55 18 63 22 64 51 12 15 48 37 41 24 43 25 35 17 36 19 23 11 45 47
21 1
46 50 23 30 33 4 19 8 35 10 16 28 49 32 6 11 31 17 2 15 20 7 18 56 54 34 22 52 27 47 59 60 51 53 14 40 13 57 64 58 0 25 48 61 5 1 38 39 29 3 55 43 45 36 37 9 12 44 24 21 62 42 41 26 63
26 2
27 50 38 46 63 57 17 23 28 32 54 53 25 40 29 31 45 6 22 41 59 24 18 7 21 12 43 0 8 14 35 15 9 62 52 30 49 58 2 39 13 19 47 26 55 16 3 42 64 36 1 61 34 11 10 44 60 5 37 20 56 51 33 4 48
61 44 9 26 36 20 23 28 63 2 51 14 27 45 11 58 50 21 24 43 5 17 47 6 18 39 3 12 7 57 34 33 62 31 30 54 4 40 60 25 37 56 64 19 1 13 55 22 53 59 16 10 52 48 35 46 41 29 15 49 38 0 32 8 42
32 5
3 19 44 0 61 32 17 30 9 8 11 10 47 43 18 42 29 6 14 1 25 46 31 48 28 20 53 56 24 16 7 22 5 59 58 54 45 57 39 38 51 55 15 13 2 36 21 12 23 62 50 40 60 26 35 41 27 37 34 33 52 4 49 64 63
23 26 42 48 47 10 43 20 27 56 5 32 61 17 28 44 36 13 24 53 7 60 58 0 18 30 1 8 14 45 25 34 11 57 31 41 16 59 62 49 64 35 2 6 15 29 52 4 3 39 50 63 46 19 55 54 9 33 22 37 21 12 38 51 40
40 62 35 51 33 25 46 11 34 58 30 7 37 60 36 55 28 21 45 49 32 17 56 64 29 5 38 31 16 24 10 27 20 4 8 2 14 12 26 53 0 42 41 52 54 18 6 57 63 19 50 3 43 39 44 15 22 47 9 61 13 59 1 48 23
27 21 30 56 16 41 49 44 23 48 35 54 45 38 57 20 4 62 37 46 15 1 51 8 59 42 60 0 33 61 2 40 55 28 64 10 47 18 13 43 31 5 25 39 7 12 19 36 9 6 50 22 53 52 11 32 3 14 63 24 26 29 17 58 34
17 31 45 6 20 59 3 47 38 39 37 57 30 23 54 16 15 0 35 22 4 40 19 13 41 61 34 62 55 42 12 1 33 32 26 18 44 10 8 9 21 24 29 48 36 2 51 7 43 56 50 46 63 58 14 28 49 11 53 5 64 25 27 52 60
42 2
14 22 41 48 31 23 7 6 61 26 50 47 46 18 0 27 34 28 13 62 55 63 1 5 44 42 9 15 17 52 32 4 30 39 16 38 49 60 35 33 53 2 25 58 24 45 12 11 3 36 10 54 29 40 51 20 64 59 43 57 37 8 19 21 56
25 45 56 44 28 14 24 17 23 33 30 64 39 58 5 62 40 7 42 60 36 22 21 8 6 0 41 51 4 53 10 37 38 9 34 52 20 31 32 12 16 26 18 46 3 1 43 48 47 63 55 27 35 29 61 50 2 59 13 57 19 54 15 49 11
48 3
34 19 58 38 29 8 36 59 5 43 39 49 35 46 22 50 26 64 28 1 48 63 14 47 53 61 16 27 18 4 54 60 40 45 0 12 6 44 3 10 32 62 57 9 37 33 13 23 20 11 15 52 51 24 30 56 55 42 2 7 31 25 41 21 17
36 44 37 13 43 38 4 58 28 16 30 39 17 21 54 15 52 61 48 60 5 3 57 55 22 33 29 27 46 34 53 7 50 47 26 23 51 62 20 42 32 19 11 6 59 64 8 25 63 14 40 0 9 10 49 35 45 24 31 1 41 12 2 18 56
37 17 47 8 54 38 45 39 3 31 59 55 26 40 41 20 35 1 21 64 15 18 62 58 25 24 12 27 63 30 29 9 46 36 44 16 33 0 5 7 13 14 52 60 34 6 32 2 50 56 48 57 42 61 4 11 49 51 23 10 43 53 22 28 19
56 2
64 26 63 44 25 49 27 32 9 29 7 52 23 47 19 34 17 10 0 35 30 50 45 37 3 62 18 60 51 38 58 53 39 1 5 54 16 8 12 36 6 41 61 11 31 15 22 55 33 46 4 21 14 42 43 59 56 2 13 20 57 24 28 40 48
12 15 49 40 62 38 59 58 52 27 60 48 0 61 20 1 33 31 57 34 14 25 55 47 64 21 30 9 51 53 26 17 54 16 19 42 37 36 5 46 3 41 35 63 45 44 39 23 11 2 56 28 8 29 32 22 50 18 7 6 10 13 4 43 24
60 2
24 25 4 29 9 40 8 64 44 2 48 18 0 1 30 55 59 3 28 26 61 49 56 53 12 13 63 10 11 17 37 21 54 52 15 22 58 14 57 32 50 16 7 43 6 33 38 47 27 31 5 36 45 60 39 34 35 46 51 41 23 62 20 19 42
44 42 41 22 63 3 31 53 61 56 24 4 23 49 45 37 33 16 38 12 54 2 5 19 55 62 25 13 14 32 20 57 48 17 9 8 36 64 40 46 18 21 50 47 52 28 60 51 29 27 1 43 0 59 30 10 34 6 58 7 39 35 26 11 15
63 1
57 0 6 20 11 12 38 22 36 39 33 29 7 15 46 51 1 50 44 30 26 21 58 10 19 4 14 9 59 56 23 34 3 35 25 47 5 32 41 42 61 17 28 54 62 8 31 63 53 13 43 40 52 45 49 37 16 18 60 48 24 55 27 64 2
64 6
17 31 45 6 20 59 3 47 38 39 37 57 30 23 54 16 15 0 35 22 4 40 19 13 41 61 34 62 55 42 12 1 33 32 26 18 44 10 8 9 21 24 29 48 36 2 51 7 43 56 50 46 63 58 14 28 49 11 53 5 64 25 27 52 60
37 2 1 57 63 13 11 46 24 28 17 6 40 5 56 53 58 10 27 44 52 30 36 59 8 60 42 18 9 34 21 45 43 48 29 62 22 0 41 55 12 38 26 32 19 31 7 51 33 54 50 47 20 15 49 39 14 3 16 23 25 64 35 4 61
16 32 43 29 27 19 42 38 47 12 53 26 9 44 64 17 0 15 63 5 62 55 59 36 51 49 11 4 40 3 39 33 1 31 57 52 23 58 7 30 28 46 6 2 13 48 41 8 45 25 50 24 35 10 60 21 61 34 37 22 54 56 20 18 14
40 62 35 51 33 25 46 11 34 58 30 7 37 60 36 55 28 21 45 49 32 17 56 64 29 5 38 31 16 24 10 27 20 4 8 2 14 12 26 53 0 42 41 52 54 18 6 57 63 19 50 3 43 39 44 15 22 47 9 61 13 59 1 48 23
23 26 42 48 47 10 43 20 27 56 5 32 61 17 28 44 36 13 24 53 7 60 58 0 18 30 1 8 14 45 25 34 11 57 31 41 16 59 62 49 64 35 2 6 15 29 52 4 3 39 50 63 46 19 55 54 9 33 22 37 21 12 38 51 40
8 60 25 9 36 35 39 15 0 3 41 55 29 62 33 7 47 38 59 52 44 26 63 27 37 2 21 23 57 12 42 64 54 14 40 5 4 24 17 6 34 10 30 49 20 61 53 16 56 43 50 58 19 46 32 11 48 28 51 18 1 45 13 22 31
126 2
31 25 62 8 37 63 9 33 3 6 48 50 59 51 27 64 36 21 26 40 54 17 23 22 56 1 18 14 28 60 38 0 53 7 39 55 16 4 30 34 19 46 57 49 58 47 41 45 10 43 11 13 61 32 20 35 24 42 44 12 29 52 2 5 15
10 46 62 19 59 49 28 63 36 60 0 57 61 50 48 40 44 18 17 3 29 23 64 21 47 25 55 39 6 20 52 32 31 58 54 51 8 45 41 27 15 38 53 56 16 37 1 24 14 5 13 35 30 42 34 26 43 11 33 4 9 12 2 7 22
192 4
31 54 30 25 24 20 8 57 6 35 61 13 47 11 34 63 16 23 50 38 5 55 40 17 4 3 37 29 51 27 2 0 43 41 14 9 49 26 19 62 22 33 53 32 59 52 64 12 60 36 18 28 45 42 1 21 58 7 56 44 48 10 39 15 46
25 47 60 20 59 31 23 61 4 29 27 41 58 28 56 63 16 44 13 11 48 33 64 40 22 30 34 45 18 57 0 36 7 50 42 43 5 12 55 15 6 19 26 52 46 10 17 53 3 2 21 38 35 1 14 51 54 9 37 8 49 32 62 39 24
18 36 42 46 31 53 37 9 1 63 39 5 40 30 44 45 16 48 23 4 56 2 33 0 60 6 49 29 12 32 58 19 27 34 22 62 8 25 17 57 28 47 21 43 51 61 54 59 38 64 24 14 35 11 3 20 55 10 13 41 50 15 52 7 26
24 62 10 21 31 35 33 22 41 20 2 36 42 49 58 26 16 60 27 43 9 3 7 48 0 55 15 18 46 50 61 4 38 6 56 5 11 63 32 54 57 8 12 19 45 44 28 53 23 13 29 64 59 47 39 25 34 40 14 52 17 30 1 37 51
448 3
31 14 13 64 16 36 54 7 29 53 38 42 41 18 49 8 63 52 4 57 9 28 58 10 32 55 51 25 17 30 48 61 6 33 43 1 37 26 60 46 24 34 40 27 23 5 59 2 22 39 20 62 0 56 11 12 19 50 15 35 3 21 45 47 44
52 15 23 24 50 35 47 7 20 32 45 12 11 22 16 1 14 21 41 59 8 17 13 2 3 30 63 49 31 64 25 28 9 61 60 5 40 43 57 44 36 18 58 37 39 10 54 6 62 27 4 53 0 51 46 56 55 38 42 19 34 33 48 26 29
58 17 62 64 28 24 50 7 63 59 44 25 53 39 26 52 9 18 43 51 32 57 6 23 49 36 22 13 5 19 34 42 45 38 31 20 21 27 3 40 0 14 16 29 60 47 2 15 46 12 61 1 35 4 48 54 55 8 37 30 33 41 56 11 10
504 2
56 1 37 60 6 19 3 15 58 62 10 26 31 25 38 35 12 8 28 18 52 43 24 32 59 51 5 48 50 21 4 17 20 61 64 23 44 27 42 53 11 36 33 49 9 7 30 45 14 0 63 16 47 29 34 39 55 41 13 46 22 2 54 40 57
45 24 19 2 31 37 18 27 4 41 32 52 6 39 55 5 28 17 12 3 26 7 1 10 22 14 35 21 53 48 58 8 23 46 64 20 57 15 47 50 33 54 11 0 34 43 40 56 51 49 13 29 42 16 9 25 38 62 63 61 59 60 36 30 44
576 2
37 47 3 62 32 45 17 39 59 38 31 30 28 27 26 49 6 18 61 19 55 63 46 0 64 48 51 23 42 14 33 36 21 1 22 29 11 40 24 13 58 34 57 10 54 56 15 43 35 5 50 20 53 44 60 25 41 2 7 12 4 9 8 52 16
28 21 29 64 33 26 23 45 58 59 46 35 51 12 43 27 31 16 42 54 4 55 44 37 7 8 53 40 62 57 3 17 32 20 39 41 63 6 9 61 15 11 47 56 48 24 60 18 22 36 50 13 19 5 52 1 14 2 25 38 10 34 0 49 30
1344 2
49 50 12 31 11 14 36 17 37 21 19 51 7 23 3 6 39 40 35 29 38 56 43 64 47 27 26 8 48 41 30 58 24 42 60 16 52 59 2 22 20 53 57 45 63 18 33 61 62 5 25 13 9 34 4 46 15 44 0 1 10 28 32 55 54
22 38 41 11 7 31 25 52 64 32 30 43 28 60 62 6 24 20 9 55 49 16 23 0 21 15 26 14 61 42 57 56 18 48 46 35 34 45 39 1 37 44 58 3 2 40 36 51 53 17 19 54 4 33 47 50 5 10 29 8 63 12 27 13 59
