9828 28
18 21 36 42 52 54 63 78 91
2
0 1 26 14 27 2 4 5 6 7 8 9 10 11 12 13 15 3 16 17 18 19 20 21 22 23 24 25
1 3 2 0 7 20 15 23 24 5 12 26 13 10 6 14 25 16 19 21 9 18 11 4 27 17 22 8
12
2 1
13 8 21 23 18 22 7 6 1 20 26 19 25 0 15 14 27 24 4 11 9 2 5 3 17 12 10 16
3 1
15 16 10 12 20 0 2 1 11 21 6 14 18 27 8 5 7 22 3 9 24 19 26 23 4 13 17 25
4 2
11 4 15 5 1 3 14 22 17 26 24 0 25 18 6 2 19 8 13 16 23 27 7 20 10 12 9 21
4 11 25 10 0 24 26 17 22 14 3 1 15 21 9 12 20 7 27 23 16 13 8 19 5 2 6 18
7 1
7 11 19 2 13 27 18 4 10 22 15 12 25 9 17 6 20 8 14 24 3 5 23 0 26 21 16 1
9 2
18 27 26 3 0 2 14 10 22 23 11 7 17 1 19 8 9 25 4 6 21 24 15 16 20 12 5 13
12 15 20 3 25 24 27 26 6 18 5 2 16 22 13 19 0 9 17 1 11 7 14 4 10 23 21 8
12 2
21 2 1 12 7 14 26 4 27 13 24 19 3 9 5 25 22 20 23 11 17 0 16 18 10 15 6 8
5 7 6 18 24 15 10 16 14 19 2 8 3 25 11 0 1 26 12 21 4 9 17 23 20 27 22 13
13 1
24 14 18 8 22 16 21 3 19 17 10 0 6 27 26 15 9 25 13 4 5 23 12 11 7 1 2 20
14 1
1 19 24 20 18 27 2 9 3 5 16 14 10 17 0 4 23 25 13 22 15 8 6 21 26 12 7 11
14 2
15 10 12 16 18 23 20 24 9 8 1 22 2 21 27 0 3 25 4 26 6 13 11 5 7 17 19 14
24 6 18 13 12 8 2 15 25 23 26 14 20 0 19 21 17 9 11 1 10 16 4 7 5 3 27 22
14 2
24 12 27 21 23 13 9 22 4 20 17 0 5 8 16 10 25 11 15 26 19 2 6 1 18 3 7 14
5 18 7 6 10 0 3 2 17 25 4 13 24 11 19 23 20 8 1 14 16 22 21 15 12 9 27 26
26 2
14 24 4 3 13 25 9 8 15 26 27 6 0 10 17 19 21 16 22 18 20 2 1 7 11 12 23 5
26 2 1 20 22 8 17 25 5 14 19 16 23 18 9 27 11 6 13 10 3 24 4 12 21 7 0 15
27 3
20 0 12 27 13 21 3 4 8 2 14 18 9 7 25 17 15 16 19 11 1 22 5 26 23 10 24 6
5 22 3 23 15 18 24 16 8 6 7 1 27 17 4 14 10 25 0 20 21 19 11 2 9 13 12 26
23 24 10 7 19 2 13 18 8 25 5 6 14 11 21 20 0 1 3 27 26 12 9 16 17 22 15 4
