9828 28
18 21 36 42 52 54 63 78 91
2
0 1 26 14 27 2 4 5 6 7 8 9 10 11 12 13 15 3 16 17 18 19 20 21 22 23 24 25
1 3 2 0 7 20 15 23 24 5 12 26 13 10 6 14 25 16 19 21 9 18 11 4 27 17 22 8
12
2 1
8 21 12 14 5 4 10 13 0 18 6 20 2 7 3 27 22 26 9 23 11 1 16 19 25 24 17 15
3 1
14 1 4 20 8 11 24 10 2 22 21 13 18 5 26 6 3 25 27 9 16 7 19 17 15 23 0 12
4 2
22 24 21 6 26 10 3 13 19 15 5 23 16 7 27 9 12 20 25 8 17 2 0 11 1 18 4 14
25 17 15 26 6 23 4 8 7 21 11 10 14 19 12 2 27 1 22 13 24 9 18 5 20 0 3 16
7 1
27 4 11 26 16 25 5 13 22 8 0 3 1 23 9 18 6 15 20 17 24 19 10 2 21 12 7 14
9 2
17 20 19 11 10 3 4 27 14 26 6 5 8 7 12 24 9 22 2 18 25 21 0 15 23 1 16 13
5 6 15 8 7 12 13 20 17 2 27 14 0 1 22 9 18 3 23 24 4 21 11 16 26 10 19 25
12 2
2 10 0 19 23 25 16 21 13 15 1 14 20 8 11 9 6 26 22 3 12 7 18 4 27 5 17 24
26 1 8 16 2 13 15 21 4 19 7 5 27 11 0 24 20 23 12 22 3 10 9 25 6 17 14 18
13 1
18 26 20 0 15 11 12 22 8 9 5 24 7 3 17 16 21 6 19 10 25 14 23 1 2 27 4 13
14 1
4 23 11 17 3 27 10 9 6 20 5 26 22 7 21 18 25 12 16 15 1 24 19 14 8 2 0 13
14 2
11 2 1 9 8 23 10 19 4 3 6 0 26 27 25 16 15 18 17 7 21 20 24 5 22 14 12 13
17 16 14 22 15 4 7 24 23 18 26 12 6 21 13 2 8 3 11 10 27 5 19 20 9 1 0 25
14 2
20 3 5 7 15 14 1 2 9 27 8 0 22 21 6 10 12 18 16 11 13 23 25 19 17 24 4 26
17 8 4 10 2 26 9 15 1 6 3 18 23 25 27 7 19 0 11 16 24 22 21 12 20 13 5 14
26 2
27 16 13 15 0 9 5 4 17 11 12 2 3 7 8 26 14 10 1 6 23 21 25 19 24 18 22 20
25 7 14 19 18 10 12 1 11 17 5 8 6 16 2 23 13 9 4 3 26 24 27 15 21 0 20 22
27 3
13 18 23 4 24 16 5 25 27 0 17 22 2 9 14 1 6 26 15 7 8 11 21 12 3 19 10 20
6 19 10 12 2 27 8 11 0 16 4 18 26 5 14 25 20 24 7 21 9 1 15 17 23 22 3 13
23 20 19 15 1 26 17 0 24 2 21 6 25 12 14 27 10 11 8 9 4 16 5 7 18 13 22 3
