2448 18
48
2
0 1 16 17 2 3 4 5 6 7 8 9 10 11 12 13 14 15
1 10 12 14 7 3 17 11 2 13 0 4 8 16 5 6 9 15
15
2 1
12 17 6 8 13 10 2 11 3 16 5 7 0 4 14 15 9 1
3 1
7 17 10 12 14 8 0 6 13 3 15 4 9 5 11 2 1 16
4 2
17 6 9 3 4 14 1 11 13 2 15 7 16 8 5 10 12 0
9 12 17 4 3 15 16 11 8 0 14 7 1 13 10 5 6 2
4 2
0 13 17 14 8 11 9 16 4 6 12 5 10 1 3 15 7 2
15 2 1 3 16 11 12 8 7 10 9 5 6 17 14 0 4 13
4 1
10 11 2 6 0 1 15 3 16 12 14 17 8 13 4 7 9 5
6 2
2 5 4 17 0 7 16 1 6 3 14 15 11 10 13 12 8 9
9 12 17 4 3 15 16 11 8 0 14 7 1 13 10 5 6 2
8 1
0 13 10 1 3 15 7 2 17 14 8 11 9 16 4 6 12 5
8 2
0 13 17 14 8 11 9 16 4 6 12 5 10 1 3 15 7 2
1 15 11 14 4 17 3 12 8 6 16 7 2 0 9 13 5 10
8 2
14 7 5 4 6 1 10 2 8 13 3 11 0 15 17 16 9 12
14 16 13 6 4 9 3 15 11 5 10 8 17 2 0 7 1 12
12 2
1 5 6 13 8 0 15 3 11 16 17 4 10 7 9 2 14 12
9 12 17 4 3 15 16 11 8 0 14 7 1 13 10 5 6 2
12 2
7 12 15 9 10 4 1 17 3 8 5 13 6 14 11 16 2 0
15 9 7 12 17 13 3 10 1 8 2 4 6 16 0 14 5 11
16 2
17 10 2 4 3 12 15 8 7 9 1 13 5 11 16 6 14 0
17 4 14 10 9 12 11 7 8 3 16 0 6 15 1 5 2 13
17 1
10 1 0 13 2 11 17 3 7 14 12 15 9 6 5 16 8 4
24 2
5 16 7 15 6 14 17 12 10 1 13 3 2 8 0 11 9 4
2 9 11 12 10 0 6 14 8 3 13 5 1 17 15 16 7 4
24 2
7 12 15 9 10 4 1 17 3 8 5 13 6 14 11 16 2 0
5 12 0 9 17 11 6 16 8 1 4 2 3 10 7 14 15 13
