546312 104
39 68 78 136 156 204 206 221 408 412 442 618 663
2
0 1 102 103 2 3 4 5 6 7 8 9 10 11 12 13 14 15 16 17 18 19 20 21 22 23 24 25 26 27 28 29 30 31 32 33 34 35 36 37 38 39 40 41 42 43 44 45 46 47 48 49 50 51 52 53 54 55 56 57 58 59 60 61 62 63 64 65 66 67 68 69 70 71 72 73 74 75 76 77 78 79 80 81 82 83 84 85 86 87 88 89 90 91 92 93 94 95 96 97 98 99 100 101
1 53 9 72 39 29 23 91 20 97 7 22 59 45 48 99 38 63 55 25 80 30 75 79 44 64 86 83 17 74 57 84 77 3 103 18 36 12 54 65 24 67 81 89 40 50 14 94 46 76 13 88 68 0 16 35 61 21 92 37 58 93 82 28 19 4 62 102 90 47 70 51 33 34 5 11 85 101 43 6 8 87 66 100 95 49 98 42 71 78 52 10 60 56 69 31 15 2 26 96 27 32 41 73
25
2 1
58 25 64 70 82 63 97 16 61 52 102 85 92 80 41 45 7 34 56 81 78 89 75 94 84 1 39 65 43 48 99 74 50 51 17 54 90 98 68 26 55 14 69 28 57 15 87 95 29 66 32 33 9 86 35 40 18 44 0 101 91 8 96 5 2 27 49 76 38 42 3 93 100 83 31 22 67 88 20 103 13 19 4 73 24 11 53 46 77 21 36 60 12 71 23 47 62 6 37 30 72 59 10 79
3 1
11 74 24 63 47 49 102 23 5 83 45 51 1 55 77 76 6 7 15 46 56 71 90 17 54 95 91 58 84 88 100 44 41 87 99 103 27 96 92 31 68 97 14 29 39 70 78 79 9 8 30 0 34 40 2 80 62 85 36 38 22 61 20 69 64 35 33 98 53 3 10 101 57 26 12 25 18 42 19 4 13 94 37 48 93 72 81 66 43 67 60 73 59 28 86 75 82 32 89 52 50 21 16 65
4 1
58 13 33 70 92 65 93 74 28 53 5 4 72 30 39 78 29 50 36 1 94 87 76 51 68 24 54 60 96 40 19 89 83 88 2 10 7 48 63 98 82 59 12 91 75 8 23 64 61 69 85 90 84 52 31 77 11 17 47 3 20 97 86 79 0 35 21 42 95 32 41 101 67 66 18 43 99 80 6 81 103 38 16 49 9 57 71 73 34 26 46 44 56 15 27 25 45 37 100 102 14 62 22 55
4 2
18 48 71 82 16 65 93 70 92 40 101 24 79 39 99 83 4 41 0 20 19 23 88 21 11 49 57 53 73 66 34 74 36 84 30 94 32 102 95 13 9 17 55 45 80 43 47 46 1 25 62 85 69 27 89 42 67 26 76 98 75 103 50 86 97 5 29 56 87 52 7 2 78 28 31 60 58 91 72 12 44 100 3 15 33 51 63 68 22 54 96 77 8 6 35 38 90 64 59 14 81 10 37 61
77 49 34 45 95 52 35 76 88 46 72 28 63 98 54 80 38 50 91 74 31 81 92 100 73 48 103 37 11 75 71 20 33 32 2 6 84 27 16 59 47 62 90 82 83 3 9 40 25 1 17 97 5 102 14 96 68 61 70 39 66 57 41 12 85 69 60 87 56 65 58 30 10 24 19 29 7 0 101 86 15 21 43 44 36 64 79 67 8 99 42 18 22 94 93 4 55 51 13 89 23 78 53 26
4 2
50 28 76 34 45 93 41 60 47 86 55 40 13 12 26 59 88 27 71 63 57 58 100 68 35 32 14 17 1 89 98 70 25 74 3 24 102 72 67 90 11 6 78 54 75 4 53 8 82 91 0 61 64 46 43 10 80 20 21 15 7 51 92 19 52 66 65 38 23 94 31 18 37 87 33 44 2 97 42 85 56 84 48 103 81 79 9 73 16 29 39 49 62 5 69 101 99 77 30 96 22 95 36 83
56 47 59 93 11 34 60 41 28 73 100 4 89 29 91 76 17 16 102 21 24 19 55 53 20 38 49 88 8 13 94 52 67 39 5 57 71 61 25 33 45 7 66 97 101 40 68 1 81 26 80 72 31 23 77 22 0 35 63 2 6 37 96 58 70 78 42 32 46 98 64 36 51 9 90 95 15 54 65 83 50 48 84 79 82 103 87 86 27 12 74 14 99 3 30 75 62 43 69 92 10 44 18 85
6 2
43 103 44 11 90 79 49 27 100 35 101 3 57 76 85 65 99 37 50 24 25 51 73 95 19 20 96 7 47 81 61 70 89 41 45 9 46 17 97 67 56 33 102 0 2 34 36 28 66 6 18 21 74 59 83 78 40 12 71 53 64 30 77 92 60 15 48 39 91 84 31 58 94 22 52 88 13 62 55 5 98 29 86 54 69 14 82 93 75 32 4 68 63 87 72 23 26 38 80 16 8 10 42 1
57 84 77 9 12 72 94 11 15 3 20 7 4 86 42 8 101 58 54 29 10 87 83 40 31 99 55 35 32 19 36 24 28 47 69 27 30 64 96 82 23 89 14 90 63 103 66 33 61 79 73 98 100 85 18 26 88 0 17 102 71 48 92 44 37 74 46 76 91 34 81 60 5 50 65 95 67 2 97 49 93 70 39 22 1 53 13 21 56 41 43 68 62 80 6 75 38 78 51 25 52 16 59 45
8 2
16 26 17 95 9 30 10 65 58 4 6 18 37 15 47 13 0 2 11 73 55 72 89 71 31 40 1 29 97 27 5 24 36 38 86 79 32 12 33 49 25 81 87 66 62 59 92 14 64 39 69 54 98 70 51 20 84 102 8 45 88 83 44 103 48 7 43 68 67 50 53 23 21 19 91 94 77 76 101 35 96 41 100 61 56 99 34 42 60 22 93 74 46 90 75 3 80 28 52 85 82 78 57 63
89 47 15 99 8 76 21 36 4 61 94 85 35 28 77 2 38 68 98 32 59 6 101 51 42 75 30 100 13 60 26 37 19 78 50 12 7 31 16 69 72 84 24 62 54 56 88 1 90 57 34 23 95 73 44 81 45 49 103 20 29 9 43 83 96 70 71 97 17 39 65 66 40 53 93 25 5 14 33 87 91 55 92 63 41 11 102 79 46 0 48 80 82 74 10 52 64 67 18 3 27 22 86 58
12 2
3 44 57 96 99 86 4 42 60 51 74 40 38 95 103 46 54 9 7 75 98 89 5 43 63 50 53 92 72 21 76 20 41 16 32 1 59 24 87 49 48 34 18 94 35 25 97 79 11 67 45 17 71 102 33 69 84 81 58 83 64 93 61 37 8 19 28 39 10 88 56 85 66 91 68 65 80 14 47 78 30 2 82 36 70 52 22 12 55 29 13 101 100 62 23 90 0 15 31 6 27 73 26 77
47 48 79 23 60 63 85 34 51 99 89 73 40 18 103 100 93 52 13 68 70 45 84 3 31 75 41 76 46 65 66 24 90 59 7 91 62 56 101 58 12 26 102 78 87 21 28 0 1 67 74 8 17 95 69 83 37 96 39 33 4 88 36 5 71 29 30 49 19 54 20 64 92 11 50 25 27 82 43 2 97 94 77 55 22 6 98 44 61 10 32 35 72 16 81 53 57 80 86 9 15 38 42 14
12 2
68 73 35 79 2 40 6 48 99 20 86 30 7 36 45 47 0 13 95 46 26 1 94 96 3 32 9 55 19 42 93 33 101 37 62 4 17 31 14 5 39 82 74 70 75 38 28 60 12 84 49 44 56 76 87 91 58 64 52 78 15 43 100 69 90 10 18 88 16 80 61 23 53 21 29 51 72 41 98 24 63 89 77 83 50 54 65 85 97 92 57 27 81 11 103 66 71 67 59 102 34 25 8 22
100 43 41 29 31 11 19 58 56 42 96 34 103 23 88 66 93 65 84 28 3 51 52 86 26 17 80 27 6 20 0 64 71 82 5 90 32 2 98 62 16 37 69 75 70 54 46 49 8 95 60 76 99 44 67 83 48 33 94 97 89 73 68 74 4 25 81 45 39 9 53 36 61 72 79 1 21 35 14 63 24 15 57 91 92 38 13 59 78 50 77 55 18 40 7 47 101 87 85 22 30 10 12 102
13 1
83 46 69 39 55 42 75 65 92 94 18 96 82 97 16 27 61 22 29 78 6 77 1 93 66 10 3 86 84 67 99 28 2 8 59 58 103 40 76 81 98 31 48 53 89 26 71 70 19 25 101 30 62 45 43 24 17 63 36 0 52 21 51 100 5 68 102 11 32 47 33 9 35 37 64 54 87 74 90 60 56 50 7 88 44 4 57 95 49 91 14 15 12 13 38 80 34 72 23 85 41 20 79 73
17 1
89 88 37 47 63 96 16 33 36 43 84 21 68 66 91 52 31 3 61 95 60 90 71 70 10 46 77 27 45 74 80 35 78 22 8 34 58 49 13 6 1 0 69 62 26 17 41 67 53 99 40 97 103 30 48 100 29 65 5 4 87 15 82 14 72 44 23 86 9 7 54 93 32 39 42 59 81 12 28 38 92 75 24 2 101 64 18 55 83 79 56 50 25 19 98 94 20 57 11 76 73 51 102 85
24 3
54 92 59 39 62 41 74 45 30 79 53 94 103 66 36 97 83 20 68 81 17 77 73 69 27 65 78 24 63 49 8 80 43 52 93 67 14 101 72 3 84 5 87 32 50 7 51 86 89 29 44 46 33 10 0 70 64 98 88 2 99 75 4 28 56 25 13 35 18 23 55 85 38 22 6 61 91 21 26 9 31 19 90 16 40 71 47 42 58 48 82 76 1 34 11 100 102 15 57 60 95 37 96 12
36 55 87 10 59 35 28 12 84 40 49 47 57 100 31 19 88 30 27 74 86 66 18 0 53 54 2 22 82 68 46 67 48 43 24 45 23 9 69 89 37 38 1 73 25 5 17 64 61 3 72 60 93 34 44 42 51 7 79 63 56 32 81 4 11 103 71 14 75 41 97 21 98 33 15 29 52 13 102 94 65 92 6 8 83 85 101 26 99 91 78 39 62 76 58 95 70 96 50 16 77 20 90 80
98 63 6 32 15 50 70 69 56 64 52 16 14 85 38 78 17 11 48 42 83 21 76 45 43 7 97 3 92 91 9 44 27 53 89 0 103 46 12 24 99 31 90 39 41 65 88 40 93 22 80 101 61 75 67 74 79 54 51 55 84 10 26 102 30 23 95 57 34 25 2 66 36 29 59 33 49 77 4 8 5 82 87 94 86 100 60 81 37 68 19 73 96 18 20 71 28 62 35 47 13 58 1 72
24 2
31 17 33 55 2 34 51 80 28 74 61 40 43 3 1 25 49 37 85 67 30 75 18 83 65 11 101 23 0 45 5 8 89 76 20 70 99 14 46 95 15 71 32 41 66 94 19 54 9 53 52 50 6 102 69 58 73 68 13 86 72 88 27 47 22 60 57 38 44 63 59 12 24 36 91 87 4 10 93 90 26 103 21 62 78 64 35 82 77 92 81 48 42 100 98 97 39 96 29 56 84 7 16 79
23 57 95 62 43 101 3 30 29 67 20 11 19 79 42 54 44 86 91 96 36 26 38 103 61 69 60 13 51 50 77 81 37 18 87 1 10 100 48 46 25 76 68 97 92 31 64 47 22 89 8 83 98 78 63 52 75 35 94 53 21 73 6 15 39 56 102 71 14 40 66 9 80 24 41 65 74 7 59 27 88 45 5 28 17 2 84 99 72 93 58 33 16 49 90 85 12 4 55 34 32 82 70 0
26 1
71 69 103 13 45 32 30 93 26 73 41 22 89 65 4 86 97 92 91 81 9 62 2 90 11 56 40 18 66 76 96 33 88 35 61 23 60 94 21 98 58 77 68 31 55 28 101 70 39 10 85 7 72 63 82 42 17 46 80 15 79 3 52 5 44 64 74 20 100 84 27 50 36 78 29 59 49 48 43 54 34 75 51 16 99 67 12 47 8 6 95 25 37 87 102 57 14 1 19 0 24 83 38 53
26 2
61 45 53 25 12 96 24 80 48 55 101 92 4 44 95 57 21 78 68 86 87 16 36 60 6 3 99 52 89 63 66 59 65 42 50 39 22 69 88 35 76 74 33 77 13 1 83 75 8 91 34 97 27 2 79 9 72 15 98 31 23 0 93 29 73 32 30 71 18 37 84 67 56 64 41 47 40 43 17 54 7 103 100 46 70 90 19 20 38 28 85 49 11 62 102 14 5 51 58 26 82 10 94 81
6 42 73 7 31 72 0 3 52 23 33 59 102 56 71 38 89 44 74 47 60 55 86 9 75 39 64 95 90 103 76 4 61 10 79 94 48 91 15 25 98 45 1 78 17 41 77 19 36 101 53 88 8 50 70 21 13 63 67 11 20 32 99 57 26 66 65 58 81 82 54 14 5 2 18 24 30 46 43 34 96 68 69 92 85 84 22 93 51 16 28 37 83 87 35 27 80 100 40 62 97 49 12 29
26 2
81 16 36 93 94 43 37 63 32 102 17 19 38 45 101 26 1 10 41 11 64 57 96 62 51 30 15 29 53 27 25 100 8 77 90 74 2 6 12 55 76 18 58 5 69 13 73 48 47 50 49 24 84 28 92 39 79 21 42 85 91 95 23 7 20 89 99 72 70 44 68 82 67 46 35 103 40 33 86 56 87 0 71 98 52 59 78 80 97 65 34 60 54 3 4 61 22 88 83 66 31 14 9 75
92 76 95 72 78 71 74 48 85 38 32 29 77 101 19 50 51 69 59 14 80 42 93 31 45 36 82 89 57 11 41 23 10 84 56 43 25 55 9 79 86 30 21 35 75 24 88 52 7 99 15 16 47 67 91 37 34 28 83 18 94 97 90 96 73 81 70 53 100 17 66 5 3 64 6 44 1 12 4 39 20 65 26 58 33 8 40 103 46 27 62 54 0 22 60 2 63 61 102 49 68 13 98 87
34 2
75 82 35 97 76 88 72 14 66 94 34 99 93 40 7 42 19 32 98 16 53 45 92 38 89 26 25 84 73 30 29 68 17 65 10 2 39 59 23 36 13 48 15 64 58 21 63 91 41 85 69 81 60 20 95 101 102 83 44 37 52 70 103 46 43 33 8 78 31 50 61 77 6 28 100 0 4 71 67 90 86 51 1 57 27 49 80 96 5 24 79 47 22 12 9 54 87 3 18 11 74 55 56 62
87 59 103 14 65 61 23 99 33 88 63 36 44 55 3 62 45 86 98 56 82 38 73 6 64 90 48 60 101 84 41 91 102 8 83 58 11 47 21 85 81 30 43 42 12 16 94 37 26 69 57 72 100 92 93 13 19 50 35 1 27 5 15 10 24 4 78 71 80 49 76 67 51 22 95 79 70 97 66 75 68 40 20 34 29 39 17 0 9 96 25 31 53 54 46 74 89 77 18 7 52 28 32 2
51 1
86 80 81 28 37 92 23 75 102 21 17 16 66 82 25 15 88 12 40 20 79 54 9 97 2 68 83 98 62 69 55 10 87 44 24 52 78 49 39 84 100 48 47 43 64 91 41 74 27 36 85 67 60 89 58 96 34 101 50 103 18 57 31 35 3 94 95 90 53 13 93 5 42 26 1 8 19 32 45 56 0 38 22 59 73 51 11 76 71 72 61 29 33 7 46 63 14 65 30 70 6 77 4 99
52 1
30 43 59 5 80 103 36 96 10 97 91 25 8 60 52 20 41 28 4 6 64 42 55 26 3 35 17 61 12 56 38 70 47 18 31 9 67 69 45 32 53 21 13 65 48 84 78 63 79 37 72 95 68 14 88 102 11 33 22 86 93 50 75 101 16 54 34 71 83 44 77 46 0 94 99 15 24 85 66 7 90 49 58 76 81 1 27 98 29 92 2 39 19 57 74 100 23 82 89 51 40 62 73 87
52 2
73 90 83 49 39 62 8 33 6 95 37 61 58 78 99 84 29 18 17 27 82 65 57 91 51 67 103 19 54 16 66 97 45 7 42 60 96 10 72 4 98 81 34 44 43 32 79 64 85 3 102 24 68 55 28 53 101 22 12 80 35 11 5 93 47 21 30 25 52 89 100 75 38 0 94 71 86 87 13 46 59 41 20 2 15 48 76 77 92 69 1 23 88 63 74 9 36 31 40 14 70 56 50 26
58 25 64 70 82 63 97 16 61 52 102 85 92 80 41 45 7 34 56 81 78 89 75 94 84 1 39 65 43 48 99 74 50 51 17 54 90 98 68 26 55 14 69 28 57 15 87 95 29 66 32 33 9 86 35 40 18 44 0 101 91 8 96 5 2 27 49 76 38 42 3 93 100 83 31 22 67 88 20 103 13 19 4 73 24 11 53 46 77 21 36 60 12 71 23 47 62 6 37 30 72 59 10 79
52 2
81 16 36 93 94 43 37 63 32 102 17 19 38 45 101 26 1 10 41 11 64 57 96 62 51 30 15 29 53 27 25 100 8 77 90 74 2 6 12 55 76 18 58 5 69 13 73 48 47 50 49 24 84 28 92 39 79 21 42 85 91 95 23 7 20 89 99 72 70 44 68 82 67 46 35 103 40 33 86 56 87 0 71 98 52 59 78 80 97 65 34 60 54 3 4 61 22 88 83 66 31 14 9 75
78 65 11 17 83 100 48 56 88 67 80 2 102 44 66 53 82 3 73 91 47 96 52 70 38 61 90 77 99 41 39 63 76 55 87 95 43 60 24 30 45 29 71 36 13 40 94 20 6 97 75 86 22 15 58 33 7 92 54 74 37 25 64 31 62 1 14 9 93 84 23 42 101 18 59 50 32 27 0 81 10 79 16 4 69 89 51 34 8 85 26 19 57 68 46 35 21 49 103 28 5 72 12 98
102 2
94 28 75 30 60 33 46 41 72 97 61 25 50 81 76 89 62 92 47 98 65 80 34 77 103 11 84 31 1 64 3 27 63 5 22 87 39 74 96 36 56 7 101 49 53 99 6 18 85 43 12 52 51 44 67 68 40 102 93 90 4 10 16 32 29 20 82 54 55 78 71 70 8 79 37 2 14 23 69 73 21 13 66 86 26 48 83 35 100 15 59 95 17 58 0 91 38 9 19 45 88 42 57 24
73 90 83 49 39 62 8 33 6 95 37 61 58 78 99 84 29 18 17 27 82 65 57 91 51 67 103 19 54 16 66 97 45 7 42 60 96 10 72 4 98 81 34 44 43 32 79 64 85 3 102 24 68 55 28 53 101 22 12 80 35 11 5 93 47 21 30 25 52 89 100 75 38 0 94 71 86 87 13 46 59 41 20 2 15 48 76 77 92 69 1 23 88 63 74 9 36 31 40 14 70 56 50 26
103 1
36 95 64 10 37 69 32 6 61 34 16 72 59 13 97 70 23 99 62 94 19 67 25 86 93 74 31 35 29 9 52 12 30 0 7 2 60 89 53 91 80 77 3 84 85 76 66 75 88 33 41 87 83 81 103 68 15 39 11 21 73 5 82 49 24 58 8 18 92 14 63 28 50 48 44 90 98 43 56 65 55 46 47 26 54 51 40 78 42 71 27 22 1 101 17 79 20 102 96 100 57 38 45 4
309 2
79 71 25 45 97 87 2 95 99 29 77 103 58 36 75 12 92 47 73 19 51 55 46 63 53 3 23 68 50 86 44 91 65 70 40 13 32 27 89 66 38 30 54 34 52 31 74 90 22 7 93 102 67 33 9 42 49 62 37 72 43 1 69 28 56 24 94 20 81 0 5 78 11 88 101 6 39 15 83 48 57 41 26 60 76 17 98 14 96 18 10 84 61 21 16 35 8 80 85 59 4 64 100 82
52 47 73 1 5 25 74 94 0 26 24 15 88 9 65 101 78 27 87 19 83 58 14 103 89 4 13 81 38 46 50 45 82 92 60 6 36 71 76 64 44 33 29 62 56 68 42 3 77 20 51 30 8 102 32 2 40 59 97 67 99 91 69 48 79 22 96 57 31 43 37 70 66 55 35 23 28 63 93 39 7 17 54 49 53 61 18 86 95 10 98 85 41 16 80 12 72 21 100 34 90 11 84 75
1751 2
54 47 98 79 68 52 21 101 29 1 23 58 62 39 43 78 0 72 102 80 49 33 22 3 50 82 5 15 18 75 42 24 9 16 55 74 73 67 94 32 53 41 57 13 63 35 95 30 36 89 20 87 8 97 31 11 76 84 37 91 40 103 2 45 56 99 100 61 10 64 17 25 90 70 4 93 14 81 12 65 71 6 66 38 88 44 60 48 69 7 34 28 27 46 85 92 77 59 26 83 86 96 19 51
12 64 9 100 53 52 6 39 16 76 66 45 20 92 49 5 1 87 58 26 32 94 22 13 95 41 81 93 57 40 25 29 42 74 43 4 7 103 15 65 46 38 30 11 61 75 69 72 33 2 34 47 51 36 19 85 97 35 83 63 54 84 44 50 18 91 0 71 27 86 56 31 10 102 60 37 70 24 23 78 67 14 48 79 90 17 68 96 98 3 101 21 89 55 77 73 80 82 8 59 88 99 28 62
