604800 100
35 70 105 140 175 210 225 350 420 448 450 675
2
57 19 50 24 16 69 89 42 51 58 2 18 55 35 99 68 88 32 81 84 12 34 6 15 70 71 66 96 97 72 1 67 44 98 14 3 56 20 75 9 26 49 36 78 80 37 61 83 43 91 4 52 94 22 28 73 76 95 90 17 65 25 40 30 87 48 21 39 82 5 0 46 7 77 29 38 74 79 93 45 54 85 23 47 41 53 86 60 33 11 27 63 92 64 8 13 31 59 10 62
90 77 85 61 72 55 58 65 12 31 36 81 46 76 30 25 23 44 28 2 51 39 35 1 74 71 57 95 6 41 17 32 10 49 16 83 97 18 87 93 19 59 45 11 15 68 9 99 92 54 47 89 42 91 3 37 26 96 27 14 24 73 0 20 43 40 8 82 67 62 22 29 34 56 86 78 70 79 13 84 4 53 63 48 80 21 88 50 38 52 64 69 75 98 5 94 33 66 7 60
139
2 1
39 1 69 44 14 5 10 72 60 9 6 50 12 24 4 66 19 59 56 16 80 52 76 36 13 25 34 32 35 29 57 33 27 31 26 28 23 68 85 0 98 97 42 92 3 86 84 49 48 47 11 79 21 58 77 55 18 30 53 17 8 96 62 63 82 70 15 67 37 2 65 71 7 73 94 75 22 54 78 51 20 91 64 90 46 38 45 87 88 89 83 81 43 95 74 93 61 41 40
2 1
49 5 23 25 54 1 8 79 6 77 34 86 66 55 27 89 92 97 46 28 50 96 24 2 22 3 73 14 19 60 68 57 71 51 10 95 47 85 59 82 78 72 63 80 67 91 18 36 88 0 20 33 62 76 4 13 64 31 87 38 29 98 52 42 56 84 12 44 30 70 69 32 41 26 94 90 53 9 40 7 43 93 39 99 65 37 11 58 48 15 75 45 16 81 74 35 21 17 61 83
3 1
0 99 92 83 61 25 4 56 38 9 14 8 1 49 96 15 13 7 59 24 32 69 22 31 47 88 79 30 34 62 80 37 57 68 51 26 33 23 11 39 64 93 67 21 90 58 86 19 42 16 60 28 2 46 41 29 17 20 84 72 85 6 55 75 91 65 66 48 36 43 70 71 18 78 3 89 76 97 87 35 27 98 81 74 45 50 53 73 5 63 94 40 52 54 44 77 10 95 82 12
3 1
99 59 78 72 77 45 28 83 58 27 90 73 39 19 74 35 34 42 98 65 16 60 15 63 30 21 56 32 44 62 51 31 9 46 20 22 86 55 23 93 79 0 47 43 6 85 92 17 91 48 2 24 89 52 14 69 57 26 75 81 25 3 87 38 66 13 96 95 11 37 18 71 61 68 54 8 7 94 50 80 40 1 10 76 84 5 88 29 36 53 82 49 33 12 4 97 64 67 70 41
4 2
67 49 73 64 54 23 72 15 8 32 66 55 97 18 94 7 40 48 13 30 56 21 44 5 80 58 51 27 90 29 19 46 9 43 65 96 36 78 38 39 16 41 81 33 22 45 31 47 17 1 50 26 75 53 4 11 20 98 25 59 89 83 62 86 3 34 10 0 68 69 79 71 6 2 77 52 82 74 37 70 24 42 76 61 92 88 63 87 85 60 28 91 84 99 14 95 35 12 57 93
16 30 2 82 15 11 90 54 8 93 20 5 51 94 18 4 0 48 14 49 10 38 44 55 61 37 97 27 72 69 1 85 99 52 81 77 36 25 21 47 67 91 65 75 22 45 88 39 17 19 50 12 33 53 7 23 66 57 78 59 89 24 62 86 76 42 56 40 68 29 70 71 28 73 96 43 64 35 58 79 83 34 3 80 84 31 63 87 46 60 6 41 92 9 13 95 74 26 98 32
4 2
94 65 68 17 39 43 61 89 11 28 91 8 99 49 25 24 22 3 53 47 42 40 16 56 15 14 36 32 9 57 48 75 27 95 51 77 26 83 76 4 21 72 20 5 90 58 54 19 30 13 85 34 79 18 46 67 23 29 45 81 66 6 80 74 88 1 60 55 2 96 87 84 41 78 63 31 38 35 73 52 62 59 93 37 71 50 98 70 64 7 44 10 97 82 0 33 69 92 86 12
44 12 35 75 6 91 4 83 38 34 43 76 1 22 40 47 49 31 93 24 62 25 13 74 19 21 97 55 51 48 57 17 67 79 9 2 92 89 8 61 14 86 80 10 0 71 59 15 29 16 60 28 95 82 81 27 63 30 84 46 50 39 20 56 69 99 85 32 77 64 73 45 98 70 23 3 11 68 87 33 42 54 53 7 58 66 41 78 96 37 94 5 36 18 90 52 88 26 72 65
4 1
17 95 60 12 13 50 77 81 29 98 51 55 4 3 10 20 93 9 54 30 76 68 28 87 24 46 66 47 70 8 19 58 48 43 14 79 36 63 38 39 16 83 15 33 35 75 31 27 67 59 23 34 45 52 97 11 7 32 25 1 89 41 62 88 18 26 94 57 21 69 96 71 6 2 72 53 42 74 84 90 80 82 56 91 85 86 78 5 92 73 44 61 37 99 65 49 22 64 0 40
4 2
49 5 23 25 54 1 8 79 6 77 34 86 66 55 27 89 92 97 46 28 50 96 24 2 22 3 73 14 19 60 68 57 71 51 10 95 47 85 59 82 78 72 63 80 67 91 18 36 88 0 20 33 62 76 4 13 64 31 87 38 29 98 52 42 56 84 12 44 30 70 69 32 41 26 94 90 53 9 40 7 43 93 39 99 65 37 11 58 48 15 75 45 16 81 74 35 21 17 61 83
14 28 69 73 38 19 41 12 72 48 52 46 7 42 0 40 87 20 86 5 17 36 29 70 60 26 25 49 1 22 37 99 51 71 62 45 21 30 4 53 15 6 13 90 64 35 11 96 9 27 97 32 10 39 59 63 67 83 92 54 24 81 34 55 44 74 79 56 85 2 23 33 8 3 65 80 82 88 89 66 75 61 76 57 94 68 18 16 77 78 43 95 58 98 84 91 47 50 93 31
4 2
70 14 2 24 4 5 6 27 8 66 12 11 10 35 1 15 79 80 93 74 77 63 65 68 3 25 49 7 44 58 56 36 97 37 90 13 31 33 38 76 67 72 91 89 28 55 46 83 64 26 73 94 52 53 59 45 30 95 29 54 78 61 84 21 48 22 9 40 23 75 0 71 41 50 19 69 39 20 60 16 17 81 82 47 62 87 86 85 88 43 34 42 92 18 51 57 99 32 98 96
95 67 92 49 98 88 46 17 81 63 84 61 62 34 40 52 37 7 76 68 32 66 56 74 26 71 24 80 83 48 65 51 20 79 13 90 94 16 86 93 14 54 78 69 47 85 6 44 29 3 96 31 15 82 41 87 22 70 64 72 91 11 12 9 58 30 21 1 19 43 57 25 59 99 23 89 18 97 42 33 27 8 53 28 10 45 38 55 5 75 35 60 2 39 36 0 50 77 4 73
5 1
72 20 54 65 42 24 48 94 90 68 38 1 57 87 19 21 86 75 52 39 28 30 25 46 36 8 97 74 69 70 89 93 78 6 43 22 16 73 3 32 29 58 45 62 49 7 88 33 64 51 81 71 34 66 60 59 12 41 56 26 9 15 18 79 47 67 17 10 2 11 31 98 13 50 23 92 77 91 14 95 99 83 63 37 0 82 5 84 27 61 35 80 53 40 4 85 55 96 44 76
5 1
5 90 40 94 39 77 18 67 93 22 21 72 99 68 78 19 50 49 53 96 31 3 29 66 34 10 95 37 80 63 20 84 44 91 56 16 32 83 76 59 36 8 24 70 2 23 38 48 0 13 71 27 26 11 98 14 75 43 35 86 52 41 60 97 28 74 92 55 87 45 65 58 6 30 57 42 54 47 7 51 12 4 61 79 73 88 81 17 33 85 15 89 69 82 25 62 1 9 46 64
6 2
27 1 8 6 15 5 3 79 2 9 44 11 42 91 66 4 59 19 18 17 41 52 94 36 81 63 64 0 35 29 93 45 39 86 82 28 23 38 37 32 40 20 12 58 10 31 46 49 99 47 50 72 21 92 70 87 56 95 43 16 69 90 62 25 26 77 14 67 85 60 54 71 51 73 76 75 74 65 78 7 97 24 34 96 84 68 33 55 88 89 61 13 53 30 22 57 83 80 98 48
0 47 2 76 74 36 15 10 89 27 7 11 41 20 77 6 57 17 80 98 13 75 64 23 56 53 70 9 61 29 40 92 32 84 79 83 5 37 88 67 30 12 91 46 82 63 43 1 59 49 55 65 52 25 94 50 24 16 58 48 60 28 62 45 22 51 72 39 78 73 26 71 66 69 4 21 3 14 68 34 18 81 44 35 33 85 86 87 38 8 96 42 31 93 54 99 90 97 19 95
6 2
85 80 97 65 39 68 11 23 61 51 55 6 21 40 71 79 17 16 82 42 45 12 62 7 25 24 83 48 73 96 89 58 56 99 87 74 67 91 76 4 13 72 19 88 66 20 59 75 27 95 60 9 84 93 81 10 32 77 31 46 50 8 22 69 92 3 44 36 5 63 78 14 41 28 35 47 38 57 70 15 1 54 18 26 52 0 98 34 43 30 94 37 64 53 90 49 29 2 86 33
75 7 68 65 59 14 8 1 6 10 9 86 90 57 5 43 27 89 81 51 66 91 62 56 25 24 70 16 40 85 48 83 80 87 69 45 95 94 54 53 28 72 55 15 74 35 93 96 30 50 49 19 84 39 38 42 23 13 78 4 67 98 22 99 88 3 20 60 2 34 26 97 41 77 44 0 82 73 58 92 32 18 76 31 52 29 11 33 64 17 12 21 79 46 37 36 47 71 61 63
6 1
12 81 55 28 54 85 82 3 21 32 44 78 93 51 94 64 13 1 26 20 79 53 83 88 65 60 16 27 15 87 56 92 9 31 57 6 38 73 45 41 18 95 17 46 61 36 84 91 49 42 68 40 25 8 4 37 70 24 89 47 75 66 29 23 90 98 22 97 69 50 19 71 76 11 77 58 35 74 2 30 34 48 96 10 33 63 5 62 86 52 7 59 43 67 14 39 72 99 80 0
6 2
83 72 52 76 0 81 60 42 10 87 94 14 54 37 66 61 32 99 91 68 16 19 90 57 69 86 29 33 79 34 30 13 20 47 26 62 36 31 22 96 12 56 46 43 39 89 7 27 18 2 3 65 49 77 40 51 63 92 67 45 74 85 70 41 25 55 11 98 21 80 35 28 95 73 6 53 50 75 9 71 24 97 17 4 88 15 64 78 93 59 38 48 23 84 8 1 44 5 58 82
41 53 78 8 56 34 65 39 3 49 50 80 38 17 69 48 64 13 85 67 25 98 40 59 66 20 97 88 62 81 43 99 86 84 5 79 73 82 12 7 22 0 44 30 42 92 96 93 15 9 10 60 87 1 90 74 4 89 68 23 51 91 28 83 16 6 24 19 58 14 71 70 75 36 55 72 94 95 2 35 11 29 37 63 33 18 32 52 27 57 54 61 45 47 76 77 46 26 21 31
6 1
66 21 67 1 76 4 47 98 61 2 45 75 54 32 82 12 62 79 71 74 55 10 59 27 25 95 11 64 70 85 9 30 29 89 99 19 28 42 7 23 37 58 91 51 43 77 63 81 39 57 60 87 80 14 69 16 90 20 56 52 13 8 49 6 92 24 40 72 86 17 78 22 31 34 73 53 38 3 33 15 18 84 26 65 46 50 68 97 96 36 88 0 48 83 44 93 41 94 5 35
7 1
82 6 8 16 57 53 76 66 85 44 99 23 13 20 41 7 48 94 1 17 77 2 67 25 0 63 27 97 74 52 93 45 61 62 95 19 11 92 58 32 65 70 14 37 56 33 73 81 22 15 78 12 38 84 96 60 35 64 69 18 46 42 86 50 90 79 34 28 29 87 39 71 40 43 3 88 10 30 36 24 49 83 72 91 21 5 75 68 31 89 98 26 55 51 9 80 4 47 54 59
8 2
17 27 89 80 18 50 1 7 84 91 24 78 81 32 0 67 3 64 34 35 93 68 90 8 97 88 16 79 47 87 77 23 48 33 94 39 36 86 73 70 20 51 42 52 49 43 46 95 66 59 37 15 62 75 83 58 65 76 55 96 60 98 45 85 14 61 13 41 2 92 19 71 72 38 28 53 54 30 69 6 26 9 40 57 31 63 5 25 29 21 22 12 11 82 4 74 44 99 56 10
10 61 50 48 59 68 98 42 87 83 64 62 76 3 24 95 66 99 49 40 35 86 90 25 17 84 13 65 15 23 30 88 16 60 44 82 46 89 73 93 39 28 7 11 4 78 36 51 26 94 21 74 92 53 81 58 1 91 55 34 33 79 69 63 97 6 80 47 37 43 20 71 72 38 67 75 9 77 52 56 32 57 70 12 29 85 2 31 8 5 22 54 45 19 96 41 18 0 27 14
8 2
27 1 8 6 15 5 3 79 2 9 44 11 42 91 66 4 59 19 18 17 41 52 94 36 81 63 64 0 35 29 93 45 39 86 82 28 23 38 37 32 40 20 12 58 10 31 46 49 99 47 50 72 21 92 70 87 56 95 43 16 69 90 62 25 26 77 14 67 85 60 54 71 51 73 76 75 74 65 78 7 97 24 34 96 84 68 33 55 88 89 61 13 53 30 22 57 83 80 98 48
99 57 89 80 18 50 76 12 29 95 64 11 70 26 14 56 48 39 15 17 34 85 61 55 97 45 44 49 7 2 93 63 19 86 22 54 23 33 37 32 40 90 79 58 83 21 46 0 27 16 5 77 31 75 42 87 4 9 43 47 69 20 62 68 91 72 66 98 52 60 28 71 51 73 3 92 24 65 53 35 81 74 41 13 88 25 38 36 84 8 94 96 78 30 82 1 10 6 67 59
8 3
70 14 2 24 4 5 6 27 8 66 12 11 10 35 1 15 79 80 93 74 77 63 65 68 3 25 49 7 44 58 56 36 97 37 90 13 31 33 38 76 67 72 91 89 28 55 46 83 64 26 73 94 52 53 59 45 30 95 29 54 78 61 84 21 48 22 9 40 23 75 0 71 41 50 19 69 39 20 60 16 17 81 82 47 62 87 86 85 88 43 34 42 92 18 51 57 99 32 98 96
31 74 52 75 86 15 81 56 46 91 43 61 89 85 19 5 29 65 39 14 62 51 80 37 69 88 97 30 96 16 27 0 49 68 47 87 70 23 98 18 64 54 66 10 99 73 8 34 67 32 55 21 2 82 41 50 7 60 79 72 57 11 20 94 40 17 42 48 33 24 36 92 59 45 1 3 93 84 95 58 22 6 53 90 77 13 4 35 25 12 83 9 71 76 63 78 28 26 38 44
42 29 25 20 86 71 81 30 46 36 97 61 32 44 58 92 74 22 39 79 3 78 17 67 77 2 43 56 35 1 7 66 12 64 45 28 9 48 98 18 68 54 0 26 13 34 8 73 37 89 83 95 88 82 41 90 27 94 14 72 63 11 75 60 33 80 31 23 40 84 91 5 59 47 16 62 93 24 21 19 65 6 53 50 69 99 4 96 52 49 55 70 15 76 57 51 87 10 38 85
8 2
97 67 33 66 10 89 4 79 45 9 14 21 42 81 6 3 26 64 47 34 32 50 61 84 91 63 19 20 98 29 65 2 80 69 16 40 46 85 37 41 28 0 12 53 15 60 23 56 48 18 52 7 11 92 95 87 49 70 43 82 86 76 78 25 59 57 44 1 38 31 30 71 51 73 90 75 96 93 62 72 27 24 17 74 36 68 8 55 88 5 94 13 58 54 83 77 22 39 35
30 67 69 76 83 5 94 24 8 9 74 23 42 72 90 61 19 17 28 16 77 84 44 11 7 25 34 95 18 73 0 33 93 31 26 56 50 58 92 57 49 70 12 85 22 45 52 98 48 40 36 81 46 68 80 55 35 39 37 59 60 15 62 63 64 97 96 1 53 2 41 71 13 29 10 88 3 20 78 91 54 51 82 4 21 43 86 87 75 89 14 79 38 32 6 27 66 65 47
8 3
51 43 22 64 4 80 6 15 8 94 37 61 40 99 32 7 97 92 93 75 58 21 2 24 23 56 67 71 90 69 52 42 14 49 85 35 36 10 38 39 12 41 31 1 73 45 81 47 84 33 87 0 30 53 54 83 25 63 20 59 70 11 68 57 3 88 78 26 62 29 60 27 72 44 77 19 76 74 66 89 5 46 82 55 48 34 98 50 65 79 28 91 17 18 9 95 96 16 86 13
75 7 68 65 59 14 8 1 6 10 9 86 90 57 5 43 27 89 81 51 66 91 62 56 25 24 70 16 40 85 48 83 80 87 69 45 95 94 54 53 28 72 55 15 74 35 93 96 30 50 49 19 84 39 38 42 23 13 78 4 67 98 22 99 88 3 20 60 2 34 26 97 41 77 44 0 82 73 58 92 32 18 76 31 52 29 11 33 64 17 12 21 79 46 37 36 47 71 61 63
64 9 20 51 38 29 72 10 41 1 7 46 25 83 85 37 70 77 98 65 2 47 58 28 90 12 27 26 23 5 33 57 34 30 32 36 35 15 4 82 56 8 63 94 79 95 11 21 87 52 84 3 49 76 59 99 40 31 22 54 97 81 78 42 0 19 68 71 66 80 16 67 6 89 92 88 53 17 62 44 69 61 39 13 50 14 93 48 75 73 24 96 74 86 43 45 91 60 18 55
8 2
85 58 55 40 8 63 38 96 4 34 23 39 84 15 75 13 19 21 93 16 79 17 47 10 49 31 48 35 51 97 36 25 77 62 9 27 30 64 6 11 3 86 52 74 66 65 59 22 26 24 94 28 42 82 81 2 91 92 1 46 90 76 33 5 37 45 44 68 67 89 73 99 98 70 43 14 61 32 87 20 95 54 53 88 12 0 41 78 83 69 60 56 57 18 50 80 7 29 72 71
44 17 43 22 39 64 11 48 61 78 83 6 95 33 15 14 80 1 82 31 47 49 3 27 52 84 55 23 34 35 32 19 30 13 28 29 37 36 76 4 99 72 58 2 0 75 59 20 7 21 94 70 24 93 81 26 89 69 42 46 90 8 65 77 5 62 85 91 92 57 51 79 41 87 96 45 38 63 9 71 16 54 18 10 25 66 98 73 97 56 60 67 68 53 50 12 74 88 86 40
8 1
10 81 45 44 59 87 82 24 63 97 28 60 18 94 51 48 35 14 49 77 16 53 47 88 22 78 79 7 15 85 30 92 66 36 95 6 38 50 55 72 93 57 80 46 61 31 62 42 26 91 23 67 25 8 4 33 0 3 43 83 69 9 58 68 34 98 65 32 75 73 74 71 39 11 20 29 13 19 2 56 90 64 99 12 37 21 5 84 86 52 27 54 89 40 1 76 41 96 17 70
9 2
0 56 52 3 35 78 6 90 21 18 17 88 94 16 99 28 32 24 40 81 57 45 30 37 10 86 26 27 74 50 42 2 13 58 70 76 38 92 53 91 9 95 22 25 19 8 73 41 80 20 62 51 31 36 96 85 98 49 63 39 55 65 29 33 64 79 48 67 69 87 83 71 72 75 15 46 4 7 84 61 66 44 54 34 5 60 43 68 89 11 77 59 23 12 93 47 82 14 1 97
27 57 45 72 77 92 64 34 46 16 42 60 19 39 24 82 91 22 32 66 47 73 97 53 30 25 3 67 54 62 14 21 59 58 35 7 84 36 5 40 13 1 99 43 80 75 52 98 94 95 29 6 8 78 65 69 49 41 63 18 68 15 50 33 51 28 12 0 11 88 76 71 26 31 96 2 90 83 23 74 93 48 61 4 37 87 86 89 55 85 70 9 38 44 81 56 79 17 20 10
10 2
35 66 91 5 7 3 85 4 8 37 30 64 26 75 33 15 96 17 43 20 19 98 22 82 24 32 12 27 46 79 10 72 25 14 34 0 50 9 57 84 74 73 42 18 44 62 28 92 48 56 36 51 94 53 54 76 49 38 99 71 89 80 45 63 11 81 1 77 68 70 69 59 31 41 40 13 55 67 93 29 61 65 23 83 39 6 86 87 90 60 88 2 47 78 52 95 16 97 21 58
59 86 91 51 7 65 85 70 30 1 8 16 28 75 57 69 96 98 48 39 19 17 84 82 62 21 12 11 83 89 2 72 25 95 40 0 97 9 33 22 61 63 71 49 93 24 26 99 43 56 76 5 94 58 60 36 18 38 92 42 79 80 6 73 27 81 37 31 67 4 15 35 77 52 34 78 55 68 44 29 74 3 90 46 20 45 66 88 23 54 87 10 47 13 41 14 64 50 32 53
10 2
31 74 52 75 86 15 81 56 46 91 43 61 89 85 19 5 29 65 39 14 62 51 80 37 69 88 97 30 96 16 27 0 49 68 47 87 70 23 98 18 64 54 66 10 99 73 8 34 67 32 55 21 2 82 41 50 7 60 79 72 57 11 20 94 40 17 42 48 33 24 36 92 59 45 1 3 93 84 95 58 22 6 53 90 77 13 4 35 25 12 83 9 71 76 63 78 28 26 38 44
94 65 68 17 39 43 61 89 11 28 91 8 99 49 25 24 22 3 53 47 42 40 16 56 15 14 36 32 9 57 48 75 27 95 51 77 26 83 76 4 21 72 20 5 90 58 54 19 30 13 85 34 79 18 46 67 23 29 45 81 66 6 80 74 88 1 60 55 2 96 87 84 41 78 63 31 38 35 73 52 62 59 93 37 71 50 98 70 64 7 44 10 97 82 0 33 69 92 86 12
10 2
87 45 93 36 67 76 66 68 75 24 78 49 95 30 26 72 43 29 64 34 40 89 80 71 9 54 14 56 33 17 13 69 60 28 19 88 3 62 83 74 20 99 82 16 91 1 57 63 96 11 65 55 58 94 25 51 27 46 52 90 32 84 37 47 18 50 6 4 7 31 77 23 15 92 39 8 5 70 10 98 22 97 42 38 61 86 85 0 35 21 59 44 73 2 53 12 48 81 79 41
23 52 21 81 33 36 78 93 19 59 92 80 58 18 73 27 41 94 13 8 42 2 46 0 57 45 39 15 98 32 67 54 29 4 53 99 5 85 48 26 68 16 20 84 83 25 22 62 38 90 51 50 1 34 31 76 86 24 12 9 75 77 47 72 79 97 74 30 40 95 88 96 63 14 66 60 55 61 6 64 11 3 89 44 43 37 56 91 70 82 49 87 10 7 17 69 71 65 28 35
10 1
53 42 31 97 37 76 13 86 11 61 90 56 87 49 59 84 52 46 1 7 70 24 60 15 98 26 23 30 64 27 82 28 83 0 14 92 55 34 80 29 75 21 66 9 73 33 96 8 58 20 36 5 57 43 88 81 22 74 94 39 72 32 38 93 18 51 35 45 62 47 99 19 12 25 78 48 3 85 10 16 17 65 4 67 89 44 40 69 79 77 54 68 2 91 95 71 63 50 6 41
10 2
89 94 45 90 38 91 82 63 53 14 19 41 75 30 9 21 60 31 93 10 49 15 55 44 28 96 58 57 24 67 13 17 66 77 64 52 92 74 4 46 69 11 80 51 23 2 39 88 85 20 62 43 35 8 86 22 99 27 26 98 16 72 50 7 34 83 32 29 73 40 79 95 61 68 37 12 81 33 97 70 42 76 6 65 87 48 54 84 47 0 3 5 36 18 1 71 25 78 59 56
5 90 40 94 39 77 18 67 93 22 21 72 99 68 78 19 50 49 53 96 31 3 29 66 34 10 95 37 80 63 20 84 44 91 56 16 32 83 76 59 36 8 24 70 2 23 38 48 0 13 71 27 26 11 98 14 75 43 35 86 52 41 60 97 28 74 92 55 87 45 65 58 6 30 57 42 54 47 7 51 12 4 61 79 73 88 81 17 33 85 15 89 69 82 25 62 1 9 46 64
10 1
1 29 99 49 82 55 41 36 72 43 56 4 52 66 77 57 74 96 11 65 15 9 45 75 40 31 30 91 79 88 95 90 67 17 64 51 87 5 53 81 80 98 50 26 32 34 8 73 20 25 3 84 42 59 18 44 21 94 22 93 48 38 12 60 19 47 16 92 58 7 97 63 86 68 2 71 46 27 24 69 35 6 54 85 33 89 76 14 13 37 62 28 83 61 23 70 78 10 39 0
12 2
14 10 5 77 82 25 4 7 38 16 70 46 0 13 12 15 26 30 18 34 44 45 80 58 20 2 9 27 3 50 65 63 40 78 48 35 21 60 53 41 51 59 57 37 24 36 86 91 19 66 68 32 88 8 76 31 22 83 73 39 43 81 69 55 74 17 79 94 29 87 1 71 54 23 90 85 72 28 89 49 56 98 6 42 75 84 11 62 92 33 64 95 52 93 97 47 96 67 61
97 77 49 45 4 61 13 84 76 98 33 37 95 82 68 20 66 11 90 34 44 10 80 58 24 16 5 19 70 0 43 83 60 21 27 88 28 17 31 41 46 99 55 51 15 89 65 14 48 81 94 30 52 57 42 54 56 72 71 59 86 26 93 8 18 40 25 12 47 69 36 23 53 73 74 7 63 78 1 9 96 2 6 38 75 85 32 62 92 3 64 50 35 87 91 67 22 29 79 39
12 2
0 10 2 21 79 25 57 54 66 86 77 49 24 65 55 5 53 93 22 52 63 45 73 41 60 15 6 58 78 17 72 31 4 36 71 59 70 37 83 27 61 56 40 20 14 3 75 82 88 87 7 46 99 84 50 44 23 26 39 80 12 42 81 43 48 76 91 9 30 38 33 74 68 18 34 51 13 1 89 32 35 97 94 69 16 95 67 11 64 28 96 8 90 29 47 98 92 62 85 19
61 1 68 3 24 29 44 93 37 67 10 63 98 15 81 13 94 76 99 22 82 21 19 23 4 50 97 96 28 5 72 86 83 33 80 35 36 8 60 90 42 64 40 53 6 45 55 49 56 47 25 57 52 43 65 46 48 51 58 74 38 0 75 11 41 54 91 9 2 85 70 71 30 73 59 62 17 77 78 95 34 14 20 32 87 69 31 84 88 89 39 66 92 7 16 79 27 26 12 18
12 2
66 82 21 51 65 78 4 42 87 77 94 37 30 40 67 34 10 79 0 3 14 86 57 25 93 33 1 59 15 60 76 88 96 23 28 61 8 43 63 17 56 44 72 11 98 68 31 48 70 64 50 19 5 53 81 58 13 91 75 95 84 99 45 73 97 6 18 20 62 89 47 71 7 38 24 55 12 83 52 39 32 90 26 9 29 85 2 36 46 92 54 22 69 74 16 27 80 49 41 35
67 49 73 64 54 23 72 15 8 32 66 55 97 18 94 7 40 48 13 30 56 21 44 5 80 58 51 27 90 29 19 46 9 43 65 96 36 78 38 39 16 41 81 33 22 45 31 47 17 1 50 26 75 53 4 11 20 98 25 59 89 83 62 86 3 34 10 0 68 69 79 71 6 2 77 52 82 74 37 70 24 42 76 61 92 88 63 87 85 60 28 91 84 99 14 95 35 12 57 93
12 2
70 14 2 24 4 5 6 27 8 66 12 11 10 35 1 15 79 80 93 74 77 63 65 68 3 25 49 7 44 58 56 36 97 37 90 13 31 33 38 76 67 72 91 89 28 55 46 83 64 26 73 94 52 53 59 45 30 95 29 54 78 61 84 21 48 22 9 40 23 75 0 71 41 50 19 69 39 20 60 16 17 81 82 47 62 87 86 85 88 43 34 42 92 18 51 57 99 32 98 96
19 43 15 84 53 88 86 56 98 29 36 8 31 85 89 5 97 27 39 47 99 73 22 79 62 52 91 30 75 55 17 94 64 95 67 87 51 57 82 54 21 72 60 23 69 70 4 9 14 42 33 49 25 46 93 0 80 90 45 18 10 6 24 50 1 65 58 63 16 35 74 92 41 37 83 13 59 96 12 32 7 38 81 66 3 77 61 20 71 68 40 78 2 76 26 34 28 48 11 44
12 2
67 89 66 33 43 44 25 97 68 0 28 69 11 55 15 26 85 14 23 41 32 36 64 22 47 81 54 59 77 62 91 42 16 21 90 96 45 30 87 71 31 73 9 38 76 70 65 95 18 60 57 7 48 79 75 29 99 13 34 92 20 86 50 24 52 6 72 40 8 53 3 27 37 56 58 17 51 78 1 82 39 93 12 63 83 49 61 98 19 10 35 2 80 46 4 84 74 5 94 88
37 45 31 10 7 38 84 4 61 72 3 14 17 85 11 69 57 12 59 34 62 77 80 92 93 83 53 48 33 60 67 2 50 28 19 73 78 0 5 64 91 90 66 97 87 1 47 46 27 55 32 94 71 26 79 49 96 16 88 18 29 8 20 81 39 95 42 30 86 15 89 52 9 35 99 82 98 21 36 54 22 63 75 25 6 13 68 44 58 70 41 40 23 24 51 65 56 43 76 74
12 1
91 40 45 19 74 84 17 34 31 98 39 89 15 81 97 76 27 16 1 59 42 43 49 69 6 8 70 13 93 88 22 87 10 36 79 30 60 25 63 44 18 12 4 86 32 55 75 14 57 66 29 61 58 37 65 53 9 41 33 0 85 83 50 2 54 51 80 67 52 68 77 71 90 46 48 5 99 72 73 82 28 3 7 26 78 21 23 92 11 62 96 24 38 94 47 20 64 35 56 95
12 2
30 36 67 21 84 95 75 24 8 0 70 5 43 85 51 4 29 98 52 99 13 45 18 27 82 12 97 59 10 60 9 42 49 78 41 56 89 66 63 71 2 58 72 25 6 3 26 17 39 50 32 81 22 76 38 55 90 57 34 23 16 68 62 54 92 79 91 40 86 87 28 48 31 19 88 44 83 33 77 94 64 14 7 53 15 20 61 93 96 1 35 37 80 69 65 11 74 46 47 73
2 70 37 1 24 51 20 6 42 86 33 29 98 44 16 75 65 97 80 71 7 10 35 99 85 46 43 58 89 81 91 31 12 21 23 64 45 0 38 27 68 19 72 50 84 77 47 25 73 17 26 94 74 76 57 53 52 63 39 48 95 30 87 54 22 14 40 9 66 69 3 41 8 59 56 82 55 36 28 60 88 11 15 83 13 4 67 93 18 78 96 61 90 62 5 79 92 49 32 34
12 2
49 5 23 25 54 1 8 79 6 77 34 86 66 55 27 89 92 97 46 28 50 96 24 2 22 3 73 14 19 60 68 57 71 51 10 95 47 85 59 82 78 72 63 80 67 91 18 36 88 0 20 33 62 76 4 13 64 31 87 38 29 98 52 42 56 84 12 44 30 70 69 32 41 26 94 90 53 9 40 7 43 93 39 99 65 37 11 58 48 15 75 45 16 81 74 35 21 17 61 83
94 15 89 52 76 48 11 68 61 87 57 6 47 58 80 1 71 79 53 99 21 20 84 92 65 62 63 64 70 91 43 33 88 31 78 37 74 35 39 38 42 72 40 30 90 49 54 12 5 45 85 73 3 18 46 69 97 10 13 81 66 8 25 26 27 24 60 96 7 55 28 16 41 51 36 95 4 83 34 17 14 59 93 77 22 50 98 9 32 2 44 29 23 82 0 75 67 56 86 19
12 2
9 49 89 4 3 23 74 82 8 0 34 11 13 12 51 76 99 98 97 19 42 21 70 5 24 31 94 27 96 29 30 25 67 33 10 90 36 88 38 39 93 91 20 43 79 53 58 47 57 1 87 14 75 45 64 55 81 48 46 95 73 83 62 92 54 66 65 32 68 69 22 71 77 60 6 52 15 72 85 44 80 56 7 61 86 78 84 50 37 2 35 41 63 40 26 59 28 18 17 16
94 97 59 77 63 87 14 19 48 81 83 60 33 7 69 45 28 44 49 82 21 42 31 15 66 70 9 54 38 85 43 47 64 13 41 88 6 90 96 22 17 75 84 30 35 1 37 25 78 53 23 74 91 76 67 80 0 8 40 61 65 34 86 26 27 24 73 71 16 51 39 32 4 11 36 2 5 56 29 98 55 72 12 95 62 57 20 18 58 52 79 10 3 46 92 89 99 50 93 68
12 2
64 9 20 51 38 29 72 10 41 1 7 46 25 83 85 37 70 77 98 65 2 47 58 28 90 12 27 26 23 5 33 57 34 30 32 36 35 15 4 82 56 8 63 94 79 95 11 21 87 52 84 3 49 76 59 99 40 31 22 54 97 81 78 42 0 19 68 71 66 80 16 67 6 89 92 88 53 17 62 44 69 61 39 13 50 14 93 48 75 73 24 96 74 86 43 45 91 60 18 55
93 34 39 96 74 83 16 76 84 42 28 95 37 25 23 40 6 67 53 77 65 70 89 14 73 13 38 78 10 87 35 61 91 36 1 30 33 12 26 2 15 81 9 92 46 80 44 58 56 99 86 88 69 18 98 79 48 64 47 85 94 31 97 75 57 20 82 17 71 52 21 68 90 24 4 63 7 19 27 55 45 41 66 5 8 59 50 29 51 22 72 32 43 0 60 11 3 62 54 49
12 2
55 33 43 10 86 11 68 0 17 98 78 51 85 61 29 40 14 82 34 73 91 89 52 99 9 84 93 35 1 16 47 12 69 28 88 59 36 25 95 22 46 48 26 75 72 45 15 62 58 6 20 5 39 44 63 7 92 65 41 27 38 97 30 81 56 94 76 32 49 67 21 74 53 90 96 2 87 77 3 79 23 54 8 4 37 31 83 66 18 70 19 50 64 42 57 60 71 13 24 80
32 1 76 36 8 54 61 2 53 97 3 38 62 68 16 72 79 15 56 58 9 21 92 90 91 93 84 88 33 29 25 26 75 45 35 64 10 47 81 27 83 80 12 69 40 28 82 85 73 24 13 94 18 4 65 87 52 63 74 22 51 98 42 95 34 5 43 55 50 66 89 41 17 99 19 0 7 70 78 14 71 11 86 44 31 37 46 67 39 77 96 49 59 30 60 57 23 20 6 48
14 2
85 53 23 34 61 8 65 96 5 45 81 69 22 20 80 83 37 25 41 58 13 98 12 2 66 17 76 88 70 50 43 32 31 93 3 79 73 16 40 46 38 18 44 30 42 9 39 84 63 92 29 74 57 1 90 60 91 52 19 78 55 4 71 48 82 6 24 68 67 11 28 62 77 36 51 95 26 72 59 35 14 10 64 15 47 0 99 89 27 87 54 56 49 33 97 75 7 94 21 86
95 8 97 61 56 83 11 12 1 72 45 6 7 46 74 52 93 96 59 35 28 27 37 48 36 58 94 21 20 53 43 67 86 79 49 19 24 22 88 98 82 50 71 30 47 10 13 44 23 34 41 60 15 29 62 73 4 78 25 18 51 3 54 75 70 80 69 31 90 66 64 42 9 55 14 63 89 92 57 33 65 91 40 5 99 87 32 85 38 76 68 81 77 16 26 0 17 2 39 84
15 1
8 68 54 50 6 97 43 45 56 58 61 31 59 88 64 0 66 38 26 23 90 22 25 27 7 93 35 75 10 63 74 21 44 16 85 30 51 53 37 13 52 4 12 28 47 46 2 17 94 42 5 81 24 96 80 3 71 1 20 40 15 79 83 91 77 36 67 99 9 49 18 34 32 70 41 87 65 92 33 73 89 76 11 29 78 48 19 72 14 69 95 60 98 57 62 82 86 55 84 39
16 4
13 3 49 1 81 74 93 40 18 95 80 61 88 0 43 75 62 26 8 22 71 70 19 32 68 67 17 33 96 92 69 60 23 27 36 87 34 52 46 98 7 82 94 14 63 78 38 51 89 2 55 47 37 72 59 50 77 85 65 54 31 11 16 44 84 58 99 25 24 30 21 20 53 91 5 15 86 56 45 97 10 4 41 90 64 57 76 35 12 48 83 73 29 6 42 9 28 79 39 66
99 62 12 16 81 29 93 33 18 21 17 61 2 66 97 20 3 10 8 65 15 9 58 89 64 37 80 40 35 5 77 94 48 7 91 28 73 25 46 98 27 82 60 79 57 51 38 78 32 88 83 45 67 72 59 90 69 44 22 54 42 11 1 85 24 19 13 52 84 56 95 75 53 36 92 71 86 30 47 43 26 4 41 50 68 63 76 96 49 23 55 34 74 6 31 70 87 14 39 0
80 32 78 23 41 87 18 94 93 25 13 54 47 10 68 73 89 66 6 55 36 37 50 3 43 9 99 60 92 96 44 33 1 31 71 74 20 21 72 76 42 4 40 24 30 49 53 12 62 45 22 88 70 46 11 19 85 77 83 61 27 59 48 69 79 90 17 95 14 63 52 34 38 15 35 91 39 57 2 64 0 82 81 58 97 56 98 5 51 16 65 75 28 8 7 67 29 84 86 26
73 1 30 3 38 27 6 92 8 50 75 11 77 91 79 80 16 71 18 67 26 83 25 23 84 22 20 5 94 40 2 35 32 74 66 31 99 58 4 39 29 72 96 97 78 63 81 57 48 69 9 85 65 82 54 95 88 47 37 59 87 61 62 45 68 52 34 19 64 49 90 17 41 0 33 10 76 12 44 14 15 46 53 21 24 51 86 60 56 89 70 13 7 93 28 55 42 43 98 36
16 3
70 14 2 24 4 5 6 27 8 66 12 11 10 35 1 15 79 80 93 74 77 63 65 68 3 25 49 7 44 58 56 36 97 37 90 13 31 33 38 76 67 72 91 89 28 55 46 83 64 26 73 94 52 53 59 45 30 95 29 54 78 61 84 21 48 22 9 40 23 75 0 71 41 50 19 69 39 20 60 16 17 81 82 47 62 87 86 85 88 43 34 42 92 18 51 57 99 32 98 96
90 3 5 16 4 88 8 30 6 73 37 61 33 95 24 25 62 65 93 75 19 13 17 32 79 71 67 56 51 77 27 47 48 49 9 57 83 26 38 39 12 41 45 68 94 31 81 42 89 40 0 87 15 82 59 36 7 96 20 54 44 11 1 35 43 80 50 10 97 29 34 52 72 70 69 58 76 74 28 84 22 46 53 91 14 60 86 78 92 23 66 55 2 18 85 99 63 64 98 21
78 48 71 32 38 25 8 65 6 94 77 11 20 47 64 2 23 56 93 33 49 42 7 1 97 92 69 22 90 67 17 21 62 58 85 83 63 29 4 76 19 41 95 24 34 13 81 99 16 75 28 0 5 53 54 35 80 36 40 59 9 61 89 91 79 27 51 74 14 10 60 88 72 44 37 12 39 26 66 68 30 46 82 96 43 73 98 50 15 3 87 57 52 18 70 31 55 84 86 45
16 2
17 27 89 80 18 50 1 7 84 91 24 78 81 32 0 67 3 64 34 35 93 68 90 8 97 88 16 79 47 87 77 23 48 33 94 39 36 86 73 70 20 51 42 52 49 43 46 95 66 59 37 15 62 75 83 58 65 76 55 96 60 98 45 85 14 61 13 41 2 92 19 71 72 38 28 53 54 30 69 6 26 9 40 57 31 63 5 25 29 21 22 12 11 82 4 74 44 99 56 10
28 10 78 61 82 45 99 7 8 91 51 5 81 6 74 48 65 47 40 34 44 92 30 23 15 87 56 24 16 88 90 31 1 46 20 94 33 52 63 4 96 13 42 2 19 68 60 3 27 35 43 32 89 55 57 53 14 54 75 39 36 17 21 38 95 0 79 66 11 37 18 71 72 85 26 58 83 22 50 97 98 9 59 76 84 73 62 29 25 69 77 12 86 49 93 80 70 67 64 41
16 3
67 49 73 64 54 23 72 15 8 32 66 55 97 18 94 7 40 48 13 30 56 21 44 5 80 58 51 27 90 29 19 46 9 43 65 96 36 78 38 39 16 41 81 33 22 45 31 47 17 1 50 26 75 53 4 11 20 98 25 59 89 83 62 86 3 34 10 0 68 69 79 71 6 2 77 52 82 74 37 70 24 42 76 61 92 88 63 87 85 60 28 91 84 99 14 95 35 12 57 93
17 95 60 12 13 50 77 81 29 98 51 55 4 3 10 20 93 9 54 30 76 68 28 87 24 46 66 47 70 8 19 58 48 43 14 79 36 63 38 39 16 83 15 33 35 75 31 27 67 59 23 34 45 52 97 11 7 32 25 1 89 41 62 88 18 26 94 57 21 69 96 71 6 2 72 53 42 74 84 90 80 82 56 91 85 86 78 5 92 73 44 61 37 99 65 49 22 64 0 40
15 83 25 13 12 75 99 32 29 76 44 55 3 4 90 9 6 20 54 19 98 68 65 52 24 89 96 27 26 8 30 2 82 43 79 14 69 92 62 39 72 95 17 33 34 50 73 47 56 61 53 35 5 87 97 11 57 81 60 41 46 1 38 37 18 70 22 7 21 36 66 71 93 58 16 23 0 40 84 10 80 48 67 49 85 86 78 45 63 31 51 59 88 77 28 91 94 64 42 74
16 3
21 37 5 12 98 2 46 80 81 57 24 61 3 73 33 25 67 27 76 64 89 0 30 29 10 15 84 17 55 23 22 78 75 14 99 50 60 1 86 93 79 54 51 77 45 44 6 85 74 62 35 42 71 82 41 28 65 9 68 72 36 11 49 70 19 56 95 16 58 97 63 52 59 13 48 32 18 43 31 40 7 8 53 87 26 47 38 83 92 20 96 94 88 39 91 66 90 69 4 34
70 14 2 24 4 5 6 27 8 66 12 11 10 35 1 15 79 80 93 74 77 63 65 68 3 25 49 7 44 58 56 36 97 37 90 13 31 33 38 76 67 72 91 89 28 55 46 83 64 26 73 94 52 53 59 45 30 95 29 54 78 61 84 21 48 22 9 40 23 75 0 71 41 50 19 69 39 20 60 16 17 81 82 47 62 87 86 85 88 43 34 42 92 18 51 57 99 32 98 96
31 74 52 75 86 15 81 56 46 91 43 61 89 85 19 5 29 65 39 14 62 51 80 37 69 88 97 30 96 16 27 0 49 68 47 87 70 23 98 18 64 54 66 10 99 73 8 34 67 32 55 21 2 82 41 50 7 60 79 72 57 11 20 94 40 17 42 48 33 24 36 92 59 45 1 3 93 84 95 58 22 6 53 90 77 13 4 35 25 12 83 9 71 76 63 78 28 26 38 44
16 2
21 37 5 12 98 2 46 80 81 57 24 61 3 73 33 25 67 27 76 64 89 0 30 29 10 15 84 17 55 23 22 78 75 14 99 50 60 1 86 93 79 54 51 77 45 44 6 85 74 62 35 42 71 82 41 28 65 9 68 72 36 11 49 70 19 56 95 16 58 97 63 52 59 13 48 32 18 43 31 40 7 8 53 87 26 47 38 83 92 20 96 94 88 39 91 66 90 69 4 34
90 3 5 16 4 88 8 30 6 73 37 61 33 95 24 25 62 65 93 75 19 13 17 32 79 71 67 56 51 77 27 47 48 49 9 57 83 26 38 39 12 41 45 68 94 31 81 42 89 40 0 87 15 82 59 36 7 96 20 54 44 11 1 35 43 80 50 10 97 29 34 52 72 70 69 58 76 74 28 84 22 46 53 91 14 60 86 78 92 23 66 55 2 18 85 99 63 64 98 21
16 2
81 66 29 83 47 21 67 17 23 64 26 75 82 15 4 1 97 7 79 18 6 69 95 58 61 78 24 16 40 25 22 11 42 68 39 14 50 38 89 94 90 19 48 46 98 31 36 10 54 91 2 77 88 62 93 86 74 32 63 57 53 35 85 8 65 30 34 96 92 33 13 71 59 60 56 45 76 44 43 20 51 9 28 3 37 87 73 55 5 84 27 99 52 72 70 0 41 12 49 80
13 9 43 17 93 73 19 83 58 1 59 11 49 0 57 30 44 3 18 6 20 87 94 63 32 36 54 91 99 29 15 31 24 86 65 48 25 37 38 81 98 41 47 2 16 45 46 42 35 12 50 90 55 69 26 52 56 14 8 10 92 72 88 23 70 34 95 67 85 53 64 71 61 5 74 75 76 82 78 96 97 39 77 7 84 68 33 21 62 89 51 27 60 4 22 66 79 80 40 28
16 2
42 1 87 3 17 62 65 15 11 47 10 37 83 7 57 93 91 24 96 41 72 89 64 88 76 69 95 18 28 75 20 53 12 45 59 35 78 63 46 56 0 22 61 31 54 33 60 67 39 9 85 14 73 86 6 38 90 81 92 80 55 40 29 8 19 44 16 49 84 50 70 71 82 52 34 5 4 77 36 26 74 51 30 98 2 25 43 68 23 21 48 94 58 13 66 97 99 79 32 27
86 28 85 36 55 7 57 6 38 98 78 72 43 62 65 75 2 82 34 18 37 77 99 52 46 84 16 41 1 93 4 32 49 33 90 92 10 60 76 19 9 48 67 40 51 45 63 61 74 0 87 5 23 42 15 11 59 29 35 27 17 31 81 30 56 13 95 12 69 26 21 58 24 88 96 14 20 89 3 50 39 54 8 47 91 97 83 66 73 70 22 79 71 44 68 25 64 94 53 80
16 2
70 14 2 24 4 5 6 27 8 66 12 11 10 35 1 15 79 80 93 74 77 63 65 68 3 25 49 7 44 58 56 36 97 37 90 13 31 33 38 76 67 72 91 89 28 55 46 83 64 26 73 94 52 53 59 45 30 95 29 54 78 61 84 21 48 22 9 40 23 75 0 71 41 50 19 69 39 20 60 16 17 81 82 47 62 87 86 85 88 43 34 42 92 18 51 57 99 32 98 96
25 48 94 32 72 44 93 51 18 17 55 59 96 58 43 90 23 9 8 99 21 20 73 16 64 0 83 78 30 45 28 69 3 57 65 49 67 91 41 76 63 38 77 14 5 29 53 74 1 35 71 7 66 46 61 10 87 33 13 11 88 54 89 40 24 34 52 36 84 31 80 50 4 22 47 95 39 42 27 97 70 82 81 26 68 92 98 56 60 62 15 37 85 6 2 75 12 79 86 19
18 2
99 59 78 72 77 45 28 83 58 27 90 73 39 19 74 35 34 42 98 65 16 60 15 63 30 21 56 32 44 62 51 31 9 46 20 22 86 55 23 93 79 0 47 43 6 85 92 17 91 48 2 24 89 52 14 69 57 26 75 81 25 3 87 38 66 13 96 95 11 37 18 71 61 68 54 8 7 94 50 80 40 1 10 76 84 5 88 29 36 53 82 49 33 12 4 97 64 67 70 41
97 91 11 96 74 38 3 22 75 27 64 37 95 70 77 76 80 49 65 24 26 25 28 85 79 8 30 9 10 87 13 33 32 43 19 66 88 2 63 12 20 99 59 92 35 5 31 42 47 81 78 57 58 89 94 68 34 18 60 1 52 7 29 36 61 16 82 41 73 55 40 71 44 50 4 53 90 14 69 98 51 17 83 72 46 86 23 62 45 21 6 48 84 0 54 67 15 93 56 39
20 2
56 98 38 2 55 30 8 97 33 67 9 71 0 57 17 36 15 78 88 75 44 16 64 34 89 47 42 18 49 50 86 83 53 25 74 48 61 31 68 92 73 13 59 23 1 26 43 22 90 20 40 28 27 39 3 94 84 72 87 4 65 24 46 99 35 54 32 60 10 51 81 69 12 93 52 14 63 79 66 76 85 29 80 70 58 91 21 41 62 5 6 95 19 37 96 77 7 45 11 82
31 63 78 17 46 33 5 74 30 39 53 82 37 40 2 35 64 38 59 54 79 22 15 7 6 21 18 42 95 13 25 84 9 86 97 61 48 56 66 60 72 50 88 96 76 27 94 16 24 77 57 91 26 67 14 43 83 73 81 62 19 90 55 11 36 75 10 92 32 85 87 80 93 12 45 3 98 44 68 1 51 41 69 58 70 28 47 29 4 8 89 49 65 0 23 20 34 52 99 71
20 2
33 18 92 81 37 51 20 58 87 83 90 12 11 49 30 25 52 63 1 94 6 41 60 26 99 15 23 59 66 39 14 35 61 0 82 31 50 4 91 29 75 21 64 67 89 53 96 69 86 13 36 5 16 45 78 97 72 79 7 27 22 32 68 17 42 76 28 43 62 47 98 95 56 84 88 40 65 85 54 57 93 3 34 9 73 77 48 8 74 44 10 38 2 80 19 71 46 55 70 24
53 42 31 97 37 76 13 86 11 61 90 56 87 49 59 84 52 46 1 7 70 24 60 15 98 26 23 30 64 27 82 28 83 0 14 92 55 34 80 29 75 21 66 9 73 33 96 8 58 20 36 5 57 43 88 81 22 74 94 39 72 32 38 93 18 51 35 45 62 47 99 19 12 25 78 48 3 85 10 16 17 65 4 67 89 44 40 69 79 77 54 68 2 91 95 71 63 50 6 41
20 2
81 80 17 78 62 8 30 52 5 92 19 99 29 73 38 64 35 2 94 10 91 48 36 26 25 24 23 96 77 12 6 58 65 89 45 16 22 87 14 67 57 93 43 42 85 34 59 61 21 95 72 79 7 60 66 88 70 40 31 46 53 47 4 71 15 32 54 39 75 76 56 63 50 13 97 68 69 28 3 51 1 0 98 84 83 44 90 37 55 33 86 20 9 41 18 49 27 74 82 11
41 51 38 68 55 30 25 26 33 65 54 71 13 12 66 36 61 78 23 53 49 24 48 18 21 6 7 34 44 37 5 81 75 8 27 64 15 29 2 92 73 0 96 88 28 97 62 90 22 20 93 1 74 19 10 4 87 72 84 94 67 16 46 80 35 9 14 60 3 98 83 11 57 40 52 32 85 95 17 91 63 31 99 70 58 76 89 56 43 86 47 79 39 50 59 77 42 45 69 82
20 2
31 74 52 75 86 15 81 56 46 91 43 61 89 85 19 5 29 65 39 14 62 51 80 37 69 88 97 30 96 16 27 0 49 68 47 87 70 23 98 18 64 54 66 10 99 73 8 34 67 32 55 21 2 82 41 50 7 60 79 72 57 11 20 94 40 17 42 48 33 24 36 92 59 45 1 3 93 84 95 58 22 6 53 90 77 13 4 35 25 12 83 9 71 76 63 78 28 26 38 44
40 96 9 36 98 34 82 44 53 20 84 59 1 30 83 28 35 50 76 64 23 2 66 95 57 78 24 85 74 32 94 17 47 79 49 92 25 62 86 6 14 11 80 99 10 71 93 15 21 16 58 67 51 81 4 65 60 7 68 38 69 54 91 27 31 0 33 3 42 97 75 87 61 12 89 48 8 43 37 55 90 18 46 22 63 26 41 29 70 45 19 52 73 39 77 88 5 13 72 56
21 2
67 74 50 39 27 45 44 4 8 96 30 68 49 1 35 59 40 80 51 14 9 38 65 11 47 60 10 7 6 75 26 88 18 69 91 19 31 29 63 83 70 42 90 52 28 55 87 76 64 56 73 32 89 53 15 5 12 98 33 54 78 17 84 21 82 81 77 79 23 58 16 71 34 2 13 37 24 99 25 0 61 22 48 3 92 46 86 85 36 43 41 72 62 97 93 57 20 94 95 66
18 40 78 17 48 5 77 24 8 14 32 45 44 22 90 82 97 76 91 70 94 62 42 11 59 52 34 57 30 50 79 33 56 87 99 93 73 89 92 95 96 16 13 36 72 23 25 98 83 67 85 6 46 55 39 68 10 80 37 7 75 15 84 63 47 19 49 66 53 2 65 71 12 43 35 88 3 51 69 28 27 20 61 4 21 29 38 31 60 58 9 0 86 74 81 54 1 41 64 26
24 2
0 99 92 83 61 25 4 56 38 9 14 8 1 49 96 15 13 7 59 24 32 69 22 31 47 88 79 30 34 62 80 37 57 68 51 26 33 23 11 39 64 93 67 21 90 58 86 19 42 16 60 28 2 46 41 29 17 20 84 72 85 6 55 75 91 65 66 48 36 43 70 71 18 78 3 89 76 97 87 35 27 98 81 74 45 50 53 73 5 63 94 40 52 54 44 77 10 95 82 12
17 95 60 12 13 50 77 81 29 98 51 55 4 3 10 20 93 9 54 30 76 68 28 87 24 46 66 47 70 8 19 58 48 43 14 79 36 63 38 39 16 83 15 33 35 75 31 27 67 59 23 34 45 52 97 11 7 32 25 1 89 41 62 88 18 26 94 57 21 69 96 71 6 2 72 53 42 74 84 90 80 82 56 91 85 86 78 5 92 73 44 61 37 99 65 49 22 64 0 40
24 3
13 9 43 17 93 73 19 83 58 1 59 11 49 0 57 30 44 3 18 6 20 87 94 63 32 36 54 91 99 29 15 31 24 86 65 48 25 37 38 81 98 41 47 2 16 45 46 42 35 12 50 90 55 69 26 52 56 14 8 10 92 72 88 23 70 34 95 67 85 53 64 71 61 5 74 75 76 82 78 96 97 39 77 7 84 68 33 21 62 89 51 27 60 4 22 66 79 80 40 28
27 1 8 6 15 5 3 79 2 9 44 11 42 91 66 4 59 19 18 17 41 52 94 36 81 63 64 0 35 29 93 45 39 86 82 28 23 38 37 32 40 20 12 58 10 31 46 49 99 47 50 72 21 92 70 87 56 95 43 16 69 90 62 25 26 77 14 67 85 60 54 71 51 73 76 75 74 65 78 7 97 24 34 96 84 68 33 55 88 89 61 13 53 30 22 57 83 80 98 48
16 30 2 82 15 11 90 54 8 93 20 5 51 94 18 4 0 48 14 49 10 38 44 55 61 37 97 27 72 69 1 85 99 52 81 77 36 25 21 47 67 91 65 75 22 45 88 39 17 19 50 12 33 53 7 23 66 57 78 59 89 24 62 86 76 42 56 40 68 29 70 71 28 73 96 43 64 35 58 79 83 34 3 80 84 31 63 87 46 60 6 41 92 9 13 95 74 26 98 32
24 3
37 74 96 44 85 25 84 65 86 69 49 54 90 50 79 48 40 23 39 34 77 81 57 17 93 5 91 28 27 41 73 56 95 72 19 58 70 0 78 18 16 29 67 98 3 52 55 87 15 10 13 62 45 80 11 46 31 22 35 68 92 64 51 94 61 7 88 42 59 9 36 82 33 30 1 99 97 20 38 14 53 21 71 89 6 4 8 47 66 83 12 26 60 24 63 32 2 76 43 75
57 42 62 77 11 30 29 92 33 82 76 39 15 56 20 36 0 4 54 59 44 58 37 10 72 47 98 63 45 83 12 50 1 93 60 81 87 40 68 97 6 84 75 91 53 26 43 70 90 17 31 96 27 71 85 94 13 89 61 78 65 24 99 46 35 88 7 74 34 14 48 69 86 25 95 51 18 79 66 9 3 8 80 22 16 23 21 5 38 41 73 52 19 64 28 2 32 49 55 67
22 10 49 69 2 81 57 68 87 44 96 62 33 31 80 93 83 95 1 60 3 25 84 51 48 72 52 45 43 89 8 13 23 5 66 15 64 16 59 99 0 6 76 55 77 91 98 86 58 74 56 54 28 79 42 63 50 37 47 65 7 70 17 26 12 92 38 11 78 82 21 9 90 24 39 18 32 14 88 20 71 36 53 41 29 75 73 35 19 40 61 94 34 30 46 97 85 67 27 4
24 2
70 14 2 24 4 5 6 27 8 66 12 11 10 35 1 15 79 80 93 74 77 63 65 68 3 25 49 7 44 58 56 36 97 37 90 13 31 33 38 76 67 72 91 89 28 55 46 83 64 26 73 94 52 53 59 45 30 95 29 54 78 61 84 21 48 22 9 40 23 75 0 71 41 50 19 69 39 20 60 16 17 81 82 47 62 87 86 85 88 43 34 42 92 18 51 57 99 32 98 96
57 23 27 3 81 17 61 15 11 95 85 98 28 12 64 56 48 2 54 50 78 58 25 32 84 22 44 71 91 73 5 20 1 66 45 26 69 70 46 93 0 72 75 14 31 33 82 40 89 87 55 96 65 38 76 67 92 29 90 39 99 86 62 74 97 52 63 9 43 60 21 30 41 47 34 51 18 94 35 68 88 53 4 37 24 42 6 36 7 16 83 77 80 59 13 19 10 79 8 49
24 2
70 96 92 47 61 25 4 30 38 66 1 8 14 26 99 15 35 27 54 3 97 75 65 36 83 88 16 56 90 84 17 33 95 23 94 49 37 68 11 76 48 18 40 63 34 29 86 74 91 79 78 44 2 46 72 58 80 77 62 41 87 6 45 69 42 22 9 64 31 89 0 71 93 60 24 43 39 32 85 13 7 98 81 19 55 73 53 50 5 21 51 67 52 59 28 20 12 57 82 10
32 91 2 35 81 25 53 30 82 43 29 4 58 44 42 92 36 80 39 37 77 9 27 47 13 71 74 56 24 40 22 90 95 49 79 28 34 26 46 72 12 18 50 63 3 78 61 51 45 19 1 68 15 98 59 60 65 0 67 54 48 38 96 66 55 7 89 10 83 75 97 5 93 14 33 69 41 20 64 31 17 11 86 94 99 62 8 84 88 21 16 73 52 76 23 70 87 57 6 85
24 2
0 10 2 21 79 25 57 54 66 86 77 49 24 65 55 5 53 93 22 52 63 45 73 41 60 15 6 58 78 17 72 31 4 36 71 59 70 37 83 27 61 56 40 20 14 3 75 82 88 87 7 46 99 84 50 44 23 26 39 80 12 42 81 43 48 76 91 9 30 38 33 74 68 18 34 51 13 1 89 32 35 97 94 69 16 95 67 11 64 28 96 8 90 29 47 98 92 62 85 19
67 78 66 70 16 26 54 57 2 40 89 98 20 51 76 81 83 62 56 88 38 33 23 99 11 44 13 71 10 46 8 42 82 3 58 39 21 30 53 34 9 22 86 24 29 36 7 4 52 69 75 17 41 85 97 15 73 25 59 96 47 31 5 32 19 55 68 61 37 63 45 90 91 64 27 65 6 28 77 43 92 50 95 87 79 94 0 60 18 1 80 72 74 14 12 49 35 93 84 48
24 2
85 80 97 65 39 68 11 23 61 51 55 6 21 40 71 79 17 16 82 42 45 12 62 7 25 24 83 48 73 96 89 58 56 99 87 74 67 91 76 4 13 72 19 88 66 20 59 75 27 95 60 9 84 93 81 10 32 77 31 46 50 8 22 69 92 3 44 36 5 63 78 14 41 28 35 47 38 57 70 15 1 54 18 26 52 0 98 34 43 30 94 37 64 53 90 49 29 2 86 33
49 5 23 25 54 1 8 79 6 77 34 86 66 55 27 89 92 97 46 28 50 96 24 2 22 3 73 14 19 60 68 57 71 51 10 95 47 85 59 82 78 72 63 80 67 91 18 36 88 0 20 33 62 76 4 13 64 31 87 38 29 98 52 42 56 84 12 44 30 70 69 32 41 26 94 90 53 9 40 7 43 93 39 99 65 37 11 58 48 15 75 45 16 81 74 35 21 17 61 83
24 2
59 13 86 4 15 52 51 99 5 0 3 46 57 95 70 61 17 90 56 93 27 88 74 63 98 23 97 66 12 50 30 87 22 11 81 24 43 53 69 40 77 91 16 73 79 21 38 14 49 44 45 7 68 25 9 62 41 48 33 96 36 83 60 2 1 42 35 20 84 58 80 71 19 55 65 31 34 39 29 54 67 94 47 26 78 89 75 85 92 37 6 10 8 72 76 64 28 18 82 32
10 81 45 44 59 87 82 24 63 97 28 60 18 94 51 48 35 14 49 77 16 53 47 88 22 78 79 7 15 85 30 92 66 36 95 6 38 50 55 72 93 57 80 46 61 31 62 42 26 91 23 67 25 8 4 33 0 3 43 83 69 9 58 68 34 98 65 32 75 73 74 71 39 11 20 29 13 19 2 56 90 64 99 12 37 21 5 84 86 52 27 54 89 40 1 76 41 96 17 70
25 2
85 53 16 27 74 95 31 10 45 40 90 20 81 83 0 48 69 64 46 32 93 36 99 21 60 26 51 59 1 72 14 23 34 30 62 43 6 49 76 38 15 75 63 52 86 79 67 96 87 39 94 5 54 89 71 58 57 3 24 56 97 41 91 17 77 28 68 12 82 47 98 35 11 88 61 4 37 42 73 13 70 18 84 8 92 33 78 9 44 65 22 19 66 29 80 25 2 55 50 7
48 61 78 7 82 52 46 95 0 36 25 56 8 30 15 31 73 96 79 89 57 81 51 12 19 71 35 10 74 27 40 67 65 9 28 72 18 80 50 98 6 66 69 11 76 85 13 44 23 70 42 43 20 41 93 62 22 99 91 90 32 92 1 47 2 4 58 83 24 88 64 29 59 39 84 68 94 16 49 33 17 45 60 14 97 87 37 21 38 75 26 53 55 3 63 54 86 34 77 5
27 2
76 96 89 34 99 25 1 93 87 66 4 78 14 83 61 9 3 41 80 35 7 2 39 37 26 88 94 95 49 84 77 23 56 33 16 90 36 31 73 70 82 57 40 52 47 53 55 79 91 74 8 13 75 62 32 58 54 17 46 27 38 12 45 69 81 0 15 64 68 92 22 71 30 60 28 43 65 72 85 44 97 67 42 51 86 11 29 50 5 21 19 98 63 20 24 59 6 18 48 10
70 74 92 44 13 37 16 72 60 76 28 50 83 26 34 0 35 59 67 10 97 43 9 36 14 23 4 64 19 84 91 33 95 88 24 6 25 68 85 66 41 80 7 69 99 86 29 96 17 79 78 47 2 55 30 58 18 77 53 48 87 49 45 63 93 39 65 56 5 21 15 71 42 38 94 75 22 81 11 61 40 57 32 90 46 73 62 8 31 89 12 54 52 27 1 82 51 98 20 3
30 2
72 20 54 65 42 24 48 94 90 68 38 1 57 87 19 21 86 75 52 39 28 30 25 46 36 8 97 74 69 70 89 93 78 6 43 22 16 73 3 32 29 58 45 62 49 7 88 33 64 51 81 71 34 66 60 59 12 41 56 26 9 15 18 79 47 67 17 10 2 11 31 98 13 50 23 92 77 91 14 95 99 83 63 37 0 82 5 84 27 61 35 80 53 40 4 85 55 96 44 76
57 62 76 98 75 47 89 53 90 91 49 18 73 56 28 24 6 85 39 20 43 5 22 2 64 35 38 60 34 40 86 31 11 61 14 25 48 84 44 1 29 83 17 78 55 66 68 15 30 96 13 97 19 63 99 65 50 37 81 3 80 36 32 7 21 71 82 51 77 52 93 26 12 87 54 95 74 27 69 45 46 72 94 0 41 4 33 58 9 16 8 88 79 70 92 42 67 10 59 23
30 2
87 45 93 36 67 76 66 68 75 24 78 49 95 30 26 72 43 29 64 34 40 89 80 71 9 54 14 56 33 17 13 69 60 28 19 88 3 62 83 74 20 99 82 16 91 1 57 63 96 11 65 55 58 94 25 51 27 46 52 90 32 84 37 47 18 50 6 4 7 31 77 23 15 92 39 8 5 70 10 98 22 97 42 38 61 86 85 0 35 21 59 44 73 2 53 12 48 81 79 41
8 68 54 50 6 97 43 45 56 58 61 31 59 88 64 0 66 38 26 23 90 22 25 27 7 93 35 75 10 63 74 21 44 16 85 30 51 53 37 13 52 4 12 28 47 46 2 17 94 42 5 81 24 96 80 3 71 1 20 40 15 79 83 91 77 36 67 99 9 49 18 34 32 70 41 87 65 92 33 73 89 76 11 29 78 48 19 72 14 69 95 60 98 57 62 82 86 55 84 39
30 2
38 69 82 65 13 51 66 20 32 24 39 80 31 79 74 86 35 29 33 8 89 40 49 91 11 54 92 62 64 19 67 45 94 4 17 88 5 56 48 26 68 77 93 84 71 1 22 15 23 9 36 97 25 60 58 76 27 59 12 90 75 16 47 37 18 50 73 28 2 95 99 96 63 14 78 34 3 61 10 98 57 55 42 87 70 72 85 0 43 21 46 44 6 7 53 52 83 81 30 41
8 68 54 50 6 97 43 45 56 58 61 31 59 88 64 0 66 38 26 23 90 22 25 27 7 93 35 75 10 63 74 21 44 16 85 30 51 53 37 13 52 4 12 28 47 46 2 17 94 42 5 81 24 96 80 3 71 1 20 40 15 79 83 91 77 36 67 99 9 49 18 34 32 70 41 87 65 92 33 73 89 76 11 29 78 48 19 72 14 69 95 60 98 57 62 82 86 55 84 39
32 4
51 43 22 64 4 80 6 15 8 94 37 61 40 99 32 7 97 92 93 75 58 21 2 24 23 56 67 71 90 69 52 42 14 49 85 35 36 10 38 39 12 41 31 1 73 45 81 47 84 33 87 0 30 53 54 83 25 63 20 59 70 11 68 57 3 88 78 26 62 29 60 27 72 44 77 19 76 74 66 89 5 46 82 55 48 34 98 50 65 79 28 91 17 18 9 95 96 16 86 13
70 14 2 24 4 5 6 27 8 66 12 11 10 35 1 15 79 80 93 74 77 63 65 68 3 25 49 7 44 58 56 36 97 37 90 13 31 33 38 76 67 72 91 89 28 55 46 83 64 26 73 94 52 53 59 45 30 95 29 54 78 61 84 21 48 22 9 40 23 75 0 71 41 50 19 69 39 20 60 16 17 81 82 47 62 87 86 85 88 43 34 42 92 18 51 57 99 32 98 96
0 24 7 79 38 30 8 2 6 70 29 61 19 45 62 65 84 52 18 12 40 42 71 97 1 80 74 88 87 10 5 95 64 75 73 83 63 77 4 76 20 41 21 48 44 13 46 99 43 58 50 78 17 53 54 96 92 91 49 59 60 11 14 36 32 15 66 69 89 67 9 22 72 34 26 33 39 37 51 3 25 81 82 35 16 85 86 28 27 68 90 57 56 93 94 31 55 23 98 47
90 3 5 16 4 88 8 30 6 73 37 61 33 95 24 25 62 65 93 75 19 13 17 32 79 71 67 56 51 77 27 47 48 49 9 57 83 26 38 39 12 41 45 68 94 31 81 42 89 40 0 87 15 82 59 36 7 96 20 54 44 11 1 35 43 80 50 10 97 29 34 52 72 70 69 58 76 74 28 84 22 46 53 91 14 60 86 78 92 23 66 55 2 18 85 99 63 64 98 21
32 3
85 80 97 65 39 68 11 23 61 51 55 6 21 40 71 79 17 16 82 42 45 12 62 7 25 24 83 48 73 96 89 58 56 99 87 74 67 91 76 4 13 72 19 88 66 20 59 75 27 95 60 9 84 93 81 10 32 77 31 46 50 8 22 69 92 3 44 36 5 63 78 14 41 28 35 47 38 57 70 15 1 54 18 26 52 0 98 34 43 30 94 37 64 53 90 49 29 2 86 33
94 65 68 17 39 43 61 89 11 28 91 8 99 49 25 24 22 3 53 47 42 40 16 56 15 14 36 32 9 57 48 75 27 95 51 77 26 83 76 4 21 72 20 5 90 58 54 19 30 13 85 34 79 18 46 67 23 29 45 81 66 6 80 74 88 1 60 55 2 96 87 84 41 78 63 31 38 35 73 52 62 59 93 37 71 50 98 70 64 7 44 10 97 82 0 33 69 92 86 12
66 74 42 37 6 99 38 21 4 78 16 76 43 56 69 63 29 35 18 48 68 2 91 49 26 55 1 95 34 84 47 27 75 32 87 52 15 79 8 11 89 98 7 19 44 92 59 5 12 97 50 9 83 53 81 80 45 22 23 46 94 39 67 65 33 36 0 14 40 62 51 57 86 28 24 64 61 3 70 77 96 54 82 17 10 85 72 73 31 20 90 71 13 93 60 88 25 58 41 30
32 3
21 37 5 12 98 2 46 80 81 57 24 61 3 73 33 25 67 27 76 64 89 0 30 29 10 15 84 17 55 23 22 78 75 14 99 50 60 1 86 93 79 54 51 77 45 44 6 85 74 62 35 42 71 82 41 28 65 9 68 72 36 11 49 70 19 56 95 16 58 97 63 52 59 13 48 32 18 43 31 40 7 8 53 87 26 47 38 83 92 20 96 94 88 39 91 66 90 69 4 34
90 3 5 16 4 88 8 30 6 73 37 61 33 95 24 25 62 65 93 75 19 13 17 32 79 71 67 56 51 77 27 47 48 49 9 57 83 26 38 39 12 41 45 68 94 31 81 42 89 40 0 87 15 82 59 36 7 96 20 54 44 11 1 35 43 80 50 10 97 29 34 52 72 70 69 58 76 74 28 84 22 46 53 91 14 60 86 78 92 23 66 55 2 18 85 99 63 64 98 21
3 34 92 9 4 2 46 7 81 84 21 82 63 40 90 25 73 80 54 45 42 49 65 28 66 71 95 27 64 83 30 77 51 35 79 67 20 13 38 72 96 39 69 60 48 29 6 74 87 57 1 43 15 61 93 58 56 10 47 18 32 53 70 26 85 22 62 99 44 36 24 52 76 14 55 31 41 91 97 50 17 8 11 19 0 23 86 68 5 78 16 75 88 59 89 12 37 94 98 33
32 2
78 48 71 32 38 25 8 65 6 94 77 11 20 47 64 2 23 56 93 33 49 42 7 1 97 92 69 22 90 67 17 21 62 58 85 83 63 29 4 76 19 41 95 24 34 13 81 99 16 75 28 0 5 53 54 35 80 36 40 59 9 61 89 91 79 27 51 74 14 10 60 88 72 44 37 12 39 26 66 68 30 46 82 96 43 73 98 50 15 3 87 57 52 18 70 31 55 84 86 45
23 28 17 78 4 22 81 71 46 68 57 82 21 26 85 56 87 92 59 83 91 67 2 73 94 27 63 15 84 47 25 58 9 99 97 12 74 35 38 41 13 76 19 66 3 20 6 75 34 95 32 79 7 11 93 69 52 40 55 18 16 53 51 33 50 88 48 96 90 42 64 30 39 43 45 36 72 31 14 44 5 8 61 77 60 62 98 24 80 70 89 29 65 54 1 37 49 0 86 10
32 2
81 66 29 83 47 21 67 17 23 64 26 75 82 15 4 1 97 7 79 18 6 69 95 58 61 78 24 16 40 25 22 11 42 68 39 14 50 38 89 94 90 19 48 46 98 31 36 10 54 91 2 77 88 62 93 86 74 32 63 57 53 35 85 8 65 30 34 96 92 33 13 71 59 60 56 45 76 44 43 20 51 9 28 3 37 87 73 55 5 84 27 99 52 72 70 0 41 12 49 80
44 90 50 3 10 85 41 83 58 49 24 45 1 28 54 91 13 17 79 20 6 33 51 63 35 29 57 30 34 36 82 31 59 92 16 4 46 89 38 77 64 19 47 78 65 11 25 72 32 22 43 9 53 69 26 52 74 14 8 93 86 42 60 23 97 99 80 96 73 55 98 71 61 5 56 75 76 15 2 67 70 27 81 7 84 68 87 62 21 37 94 39 88 48 12 40 18 95 66 0
32 3
51 43 22 64 4 80 6 15 8 94 37 61 40 99 32 7 97 92 93 75 58 21 2 24 23 56 67 71 90 69 52 42 14 49 85 35 36 10 38 39 12 41 31 1 73 45 81 47 84 33 87 0 30 53 54 83 25 63 20 59 70 11 68 57 3 88 78 26 62 29 60 27 72 44 77 19 76 74 66 89 5 46 82 55 48 34 98 50 65 79 28 91 17 18 9 95 96 16 86 13
37 24 45 14 82 35 8 31 6 26 51 59 0 5 23 91 84 13 18 87 85 30 83 43 32 95 78 42 69 90 57 71 64 70 58 80 27 60 53 98 9 46 15 62 29 22 72 65 97 66 75 40 21 38 11 2 63 25 28 61 49 54 79 52 16 55 67 94 1 73 10 36 81 19 50 44 86 34 33 48 99 41 4 88 89 74 39 77 47 68 20 7 96 93 12 56 17 3 76 92
73 1 30 3 38 27 6 92 8 50 75 11 77 91 79 80 16 71 18 67 26 83 25 23 84 22 20 5 94 40 2 35 32 74 66 31 99 58 4 39 29 72 96 97 78 63 81 57 48 69 9 85 65 82 54 95 88 47 37 59 87 61 62 45 68 52 34 19 64 49 90 17 41 0 33 10 76 12 44 14 15 46 53 21 24 51 86 60 56 89 70 13 7 93 28 55 42 43 98 36
36 2
30 36 67 21 84 95 75 24 8 0 70 5 43 85 51 4 29 98 52 99 13 45 18 27 82 12 97 59 10 60 9 42 49 78 41 56 89 66 63 71 2 58 72 25 6 3 26 17 39 50 32 81 22 76 38 55 90 57 34 23 16 68 62 54 92 79 91 40 86 87 28 48 31 19 88 44 83 33 77 94 64 14 7 53 15 20 61 93 96 1 35 37 80 69 65 11 74 46 47 73
0 10 2 21 79 25 57 54 66 86 77 49 24 65 55 5 53 93 22 52 63 45 73 41 60 15 6 58 78 17 72 31 4 36 71 59 70 37 83 27 61 56 40 20 14 3 75 82 88 87 7 46 99 84 50 44 23 26 39 80 12 42 81 43 48 76 91 9 30 38 33 74 68 18 34 51 13 1 89 32 35 97 94 69 16 95 67 11 64 28 96 8 90 29 47 98 92 62 85 19
36 2
9 89 40 45 15 11 44 82 8 30 28 95 25 20 81 84 60 47 22 73 85 3 52 59 7 43 46 23 70 16 0 72 50 77 58 90 1 91 54 48 67 34 31 12 75 21 97 98 71 32 49 14 18 83 63 55 35 57 41 27 29 86 62 38 80 94 37 2 61 93 10 39 42 99 96 6 53 78 33 65 92 51 24 76 4 13 68 69 74 36 56 66 64 87 79 5 88 26 17 19
9 28 72 10 46 93 53 25 61 66 78 4 51 50 87 76 85 5 80 35 32 77 71 64 26 54 94 52 45 13 2 91 57 33 58 90 36 40 6 22 67 56 31 95 47 1 11 79 23 60 29 84 59 38 7 16 88 20 99 27 62 86 49 69 48 15 0 37 68 97 70 39 30 74 96 43 65 89 3 44 92 82 98 14 12 55 8 83 41 21 19 42 18 17 24 75 73 63 81 34
40 3
81 80 17 78 62 8 30 52 5 92 19 99 29 73 38 64 35 2 94 10 91 48 36 26 25 24 23 96 77 12 6 58 65 89 45 16 22 87 14 67 57 93 43 42 85 34 59 61 21 95 72 79 7 60 66 88 70 40 31 46 53 47 4 71 15 32 54 39 75 76 56 63 50 13 97 68 69 28 3 51 1 0 98 84 83 44 90 37 55 33 86 20 9 41 18 49 27 74 82 11
41 51 38 68 55 30 25 26 33 65 54 71 13 12 66 36 61 78 23 53 49 24 48 18 21 6 7 34 44 37 5 81 75 8 27 64 15 29 2 92 73 0 96 88 28 97 62 90 22 20 93 1 74 19 10 4 87 72 84 94 67 16 46 80 35 9 14 60 3 98 83 11 57 40 52 32 85 95 17 91 63 31 99 70 58 76 89 56 43 86 47 79 39 50 59 77 42 45 69 82
31 63 19 75 27 48 24 23 61 32 53 79 83 29 54 25 47 65 59 2 82 22 21 7 6 15 62 4 85 13 35 0 9 36 96 30 33 56 92 68 87 50 88 97 99 46 45 16 5 80 41 91 55 10 14 52 37 81 73 18 78 8 26 1 86 17 67 66 39 95 72 77 70 58 94 3 98 71 60 11 49 57 20 12 93 28 64 40 42 90 89 51 38 84 74 69 34 43 76 44
42 2
85 53 23 34 61 8 65 96 5 45 81 69 22 20 80 83 37 25 41 58 13 98 12 2 66 17 76 88 70 50 43 32 31 93 3 79 73 16 40 46 38 18 44 30 42 9 39 84 63 92 29 74 57 1 90 60 91 52 19 78 55 4 71 48 82 6 24 68 67 11 28 62 77 36 51 95 26 72 59 35 14 10 64 15 47 0 99 89 27 87 54 56 49 33 97 75 7 94 21 86
91 85 3 18 8 23 80 20 76 52 53 11 64 68 65 89 70 38 2 88 99 54 27 72 6 28 92 42 44 97 30 12 33 98 1 82 66 39 67 84 71 95 22 43 25 41 62 35 10 83 87 36 94 48 96 14 29 63 46 26 69 57 58 61 31 55 51 17 79 73 90 93 5 60 74 49 4 50 0 13 24 15 47 75 37 34 19 77 86 81 16 78 59 40 9 45 21 56 32 7
48 3
66 3 42 70 24 63 15 84 68 31 21 51 98 20 5 87 57 43 23 41 62 33 64 80 69 53 76 39 78 16 40 67 32 10 99 19 77 30 95 92 37 35 91 46 93 36 17 26 59 55 49 65 48 97 94 50 74 29 96 52 60 8 13 14 71 11 72 9 61 4 1 22 0 56 73 7 47 45 89 38 18 54 44 12 75 85 86 6 34 28 58 2 27 82 81 79 90 25 83 88
30 36 67 21 84 95 75 24 8 0 70 5 43 85 51 4 29 98 52 99 13 45 18 27 82 12 97 59 10 60 9 42 49 78 41 56 89 66 63 71 2 58 72 25 6 3 26 17 39 50 32 81 22 76 38 55 90 57 34 23 16 68 62 54 92 79 91 40 86 87 28 48 31 19 88 44 83 33 77 94 64 14 7 53 15 20 61 93 96 1 35 37 80 69 65 11 74 46 47 73
37 21 2 28 84 5 85 93 67 61 45 57 43 7 60 15 81 76 27 92 44 78 58 41 20 25 98 35 77 65 72 0 53 70 52 18 33 31 94 80 8 56 91 55 24 89 83 46 88 26 17 38 90 97 29 12 23 95 59 22 63 66 4 14 48 54 9 40 30 82 36 99 68 39 19 69 50 3 1 16 73 79 75 47 62 87 42 6 64 10 34 86 74 13 51 11 71 32 49 96
48 2
42 13 87 40 93 37 59 15 11 20 66 62 77 72 90 17 91 67 16 27 7 43 94 88 30 45 34 80 44 55 47 53 9 69 65 14 68 73 8 39 49 54 82 36 22 84 23 24 56 12 85 35 63 86 6 38 57 81 5 18 75 3 29 46 74 28 96 0 33 21 26 71 61 52 95 92 98 83 31 70 19 48 76 4 2 25 89 78 60 50 51 64 58 1 10 97 79 99 32 41
0 99 92 83 61 25 4 56 38 9 14 8 1 49 96 15 13 7 59 24 32 69 22 31 47 88 79 30 34 62 80 37 57 68 51 26 33 23 11 39 64 93 67 21 90 58 86 19 42 16 60 28 2 46 41 29 17 20 84 72 85 6 55 75 91 65 66 48 36 43 70 71 18 78 3 89 76 97 87 35 27 98 81 74 45 50 53 73 5 63 94 40 52 54 44 77 10 95 82 12
48 3
81 28 29 36 42 13 67 2 79 16 10 75 53 30 4 68 62 25 23 18 8 77 99 19 61 50 32 64 33 7 5 11 47 1 39 48 78 38 84 73 51 58 14 46 86 45 83 26 59 55 17 69 80 97 93 98 74 24 96 35 82 57 9 6 92 15 60 63 65 40 21 56 54 34 71 31 76 70 3 20 90 85 66 43 37 0 94 91 22 89 52 95 27 72 44 87 41 12 49 88
15 28 24 36 63 9 14 38 75 82 3 68 53 60 91 79 30 83 80 92 65 89 58 74 94 98 55 23 45 86 69 20 43 33 35 99 10 44 61 22 13 48 93 50 57 1 26 25 73 17 32 66 64 76 67 46 52 37 39 96 40 7 51 72 56 31 62 87 85 16 21 18 4 41 27 81 12 77 78 0 71 8 5 49 29 11 84 54 59 70 19 6 90 95 2 42 88 97 47 34
61 1 68 3 24 29 44 93 37 67 10 63 98 15 81 13 94 76 99 22 82 21 19 23 4 50 97 96 28 5 72 86 83 33 80 35 36 8 60 90 42 64 40 53 6 45 55 49 56 47 25 57 52 43 65 46 48 51 58 74 38 0 75 11 41 54 91 9 2 85 70 71 30 73 59 62 17 77 78 95 34 14 20 32 87 69 31 84 88 89 39 66 92 7 16 79 27 26 12 18
48 2
2 70 0 28 55 82 12 49 9 66 33 7 57 43 4 47 93 16 58 90 76 78 39 34 26 94 60 18 21 84 61 37 14 77 41 48 1 31 75 73 30 71 68 65 32 89 38 5 59 54 11 69 96 29 87 79 74 24 22 88 6 72 98 13 35 20 86 8 40 46 10 56 42 27 23 83 63 36 45 44 64 85 25 51 17 97 91 50 80 3 52 67 19 53 15 62 99 95 81 92
67 78 66 70 16 26 54 57 2 40 89 98 20 51 76 81 83 62 56 88 38 33 23 99 11 44 13 71 10 46 8 42 82 3 58 39 21 30 53 34 9 22 86 24 29 36 7 4 52 69 75 17 41 85 97 15 73 25 59 96 47 31 5 32 19 55 68 61 37 63 45 90 91 64 27 65 6 28 77 43 92 50 95 87 79 94 0 60 18 1 80 72 74 14 12 49 35 93 84 48
48 2
31 74 52 75 86 15 81 56 46 91 43 61 89 85 19 5 29 65 39 14 62 51 80 37 69 88 97 30 96 16 27 0 49 68 47 87 70 23 98 18 64 54 66 10 99 73 8 34 67 32 55 21 2 82 41 50 7 60 79 72 57 11 20 94 40 17 42 48 33 24 36 92 59 45 1 3 93 84 95 58 22 6 53 90 77 13 4 35 25 12 83 9 71 76 63 78 28 26 38 44
32 91 2 35 81 25 53 30 82 43 29 4 58 44 42 92 36 80 39 37 77 9 27 47 13 71 74 56 24 40 22 90 95 49 79 28 34 26 46 72 12 18 50 63 3 78 61 51 45 19 1 68 15 98 59 60 65 0 67 54 48 38 96 66 55 7 89 10 83 75 97 5 93 14 33 69 41 20 64 31 17 11 86 94 99 62 8 84 88 21 16 73 52 76 23 70 87 57 6 85
48 2
0 96 97 21 11 84 6 23 8 73 19 39 37 88 31 64 35 62 72 77 20 80 89 47 55 79 58 48 28 12 16 52 91 33 78 30 22 29 61 4 40 81 25 13 60 27 18 7 45 67 44 9 14 86 82 92 1 15 69 53 50 76 95 71 57 32 66 74 63 26 34 68 46 51 49 75 38 10 70 42 3 93 98 5 83 94 59 87 43 36 85 65 24 41 90 17 56 99 54 2
49 5 23 25 54 1 8 79 6 77 34 86 66 55 27 89 92 97 46 28 50 96 24 2 22 3 73 14 19 60 68 57 71 51 10 95 47 85 59 82 78 72 63 80 67 91 18 36 88 0 20 33 62 76 4 13 64 31 87 38 29 98 52 42 56 84 12 44 30 70 69 32 41 26 94 90 53 9 40 7 43 93 39 99 65 37 11 58 48 15 75 45 16 81 74 35 21 17 61 83
48 2
81 10 29 77 20 50 24 93 60 94 70 55 61 15 98 13 97 72 99 80 6 45 34 58 82 68 67 96 3 25 54 11 42 78 56 35 21 38 43 64 57 74 51 8 4 36 31 66 22 91 2 83 88 37 17 86 19 32 73 90 53 14 85 46 59 76 95 16 5 84 1 71 65 23 39 69 30 28 89 47 48 12 44 40 62 87 63 75 92 33 41 79 52 7 26 49 27 9 0 18
0 10 47 70 38 76 69 12 20 63 77 30 81 83 93 32 68 55 22 90 86 45 39 92 60 26 75 64 3 17 43 94 51 36 59 71 21 82 65 27 42 56 40 66 85 78 6 37 18 8 97 13 23 91 50 44 99 15 73 34 54 61 24 72 48 25 84 11 49 79 28 35 53 88 80 4 46 1 89 5 74 7 31 57 67 95 16 9 58 33 96 87 52 98 2 29 41 62 14 19
48 2
32 57 60 28 44 50 72 3 89 98 65 36 15 81 91 22 93 1 79 30 97 31 12 23 6 46 66 99 7 2 39 58 49 43 14 54 55 52 33 19 27 26 4 38 42 78 68 16 67 0 87 61 85 63 76 11 70 17 21 9 29 94 62 88 56 83 41 95 25 69 64 71 24 8 77 92 35 80 84 82 74 90 18 10 45 37 75 5 53 73 13 34 86 47 51 48 20 96 59 40
54 51 21 22 90 37 47 48 60 12 18 36 42 7 76 49 80 44 70 39 57 46 26 86 72 29 3 40 61 73 19 8 28 33 4 94 69 53 62 30 74 98 9 38 83 50 2 93 13 65 84 81 23 5 82 55 95 64 89 14 31 32 43 63 20 15 56 79 58 11 10 71 99 25 27 87 59 16 92 91 77 1 0 17 45 78 52 88 75 68 34 67 85 6 97 66 41 35 96 24
48 2
85 80 97 65 39 68 11 23 61 51 55 6 21 40 71 79 17 16 82 42 45 12 62 7 25 24 83 48 73 96 89 58 56 99 87 74 67 91 76 4 13 72 19 88 66 20 59 75 27 95 60 9 84 93 81 10 32 77 31 46 50 8 22 69 92 3 44 36 5 63 78 14 41 28 35 47 38 57 70 15 1 54 18 26 52 0 98 34 43 30 94 37 64 53 90 49 29 2 86 33
26 5 68 25 59 14 8 16 6 20 90 86 9 45 7 43 92 32 46 44 73 99 3 2 65 24 50 1 74 78 23 95 71 94 12 57 83 87 54 82 60 41 21 17 40 42 93 31 88 70 77 37 84 39 4 35 48 36 85 38 58 98 52 91 30 62 10 28 56 0 75 97 72 49 51 34 53 66 67 27 89 18 76 96 22 33 11 29 64 15 69 55 79 81 19 13 63 80 61 47
50 3
80 32 78 23 41 87 18 94 93 25 13 54 47 10 68 73 89 66 6 55 36 37 50 3 43 9 99 60 92 96 44 33 1 31 71 74 20 21 72 76 42 4 40 24 30 49 53 12 62 45 22 88 70 46 11 19 85 77 83 61 27 59 48 69 79 90 17 95 14 63 52 34 38 15 35 91 39 57 2 64 0 82 81 58 97 56 98 5 51 16 65 75 28 8 7 67 29 84 86 26
17 30 87 80 93 69 73 56 94 31 60 12 11 28 40 68 78 0 20 63 18 66 77 82 44 71 34 90 13 74 1 9 70 48 26 54 42 81 75 67 14 49 36 88 24 85 61 83 33 41 64 52 51 79 35 89 7 59 96 57 10 46 99 19 50 98 21 39 15 5 32 25 76 6 29 38 72 22 16 53 3 37 23 47 91 45 92 2 43 55 27 84 86 4 8 97 58 95 65 62
79 65 97 46 39 91 99 75 72 47 43 33 61 41 25 34 67 36 80 24 48 40 74 73 19 14 29 44 51 26 89 42 78 11 15 62 17 77 63 4 21 13 31 10 27 60 3 9 20 95 66 28 87 83 57 76 90 54 71 82 45 12 35 38 96 1 50 16 81 88 86 58 8 23 22 7 55 37 32 0 18 68 59 53 85 84 70 52 69 30 56 5 93 92 98 49 64 2 94 6
50 2
96 85 48 33 93 86 66 4 11 65 0 3 72 69 82 89 26 37 7 1 9 97 41 2 56 44 61 29 99 91 13 5 16 77 78 79 42 34 88 58 23 14 50 83 75 24 28 6 18 87 47 31 25 67 84 40 21 62 92 30 51 81 32 46 17 49 68 59 38 52 55 15 73 57 63 53 98 10 64 27 39 12 43 71 8 95 74 20 94 90 22 35 19 70 36 76 54 45 80 60
96 85 47 33 38 29 7 4 11 13 25 30 72 77 12 24 26 6 66 51 44 71 61 2 43 9 41 86 92 60 65 95 90 69 68 31 23 36 17 58 42 45 64 73 54 89 27 37 18 52 48 79 0 8 84 40 22 15 99 3 1 81 32 39 88 53 78 20 93 87 94 62 83 57 35 49 74 10 50 28 46 82 56 97 67 5 98 59 55 16 21 63 19 70 34 76 75 14 80 91
50 2
94 15 89 52 76 48 11 68 61 87 57 6 47 58 80 1 71 79 53 99 21 20 84 92 65 62 63 64 70 91 43 33 88 31 78 37 74 35 39 38 42 72 40 30 90 49 54 12 5 45 85 73 3 18 46 69 97 10 13 81 66 8 25 26 27 24 60 96 7 55 28 16 41 51 36 95 4 83 34 17 14 59 93 77 22 50 98 9 32 2 44 29 23 82 0 75 67 56 86 19
73 12 78 61 33 99 80 23 69 17 72 26 92 22 57 5 86 58 44 9 15 39 85 93 40 82 89 91 49 95 32 28 48 18 64 11 29 77 47 68 63 36 96 13 88 38 90 62 25 97 53 60 67 21 43 51 7 34 76 27 42 94 87 10 83 3 6 2 50 59 20 41 24 37 52 0 19 75 74 56 16 35 30 14 31 54 66 45 4 81 1 8 46 79 98 71 55 84 65 70
54 3
70 96 92 47 61 25 4 30 38 66 1 8 14 26 99 15 35 27 54 3 97 75 65 36 83 88 16 56 90 84 17 33 95 23 94 49 37 68 11 76 48 18 40 63 34 29 86 74 91 79 78 44 2 46 72 58 80 77 62 41 87 6 45 69 42 22 9 64 31 89 0 71 93 60 24 43 39 32 85 13 7 98 81 19 55 73 53 50 5 21 51 67 52 59 28 20 12 57 82 10
76 96 89 34 99 25 1 93 87 66 4 78 14 83 61 9 3 41 80 35 7 2 39 37 26 88 94 95 49 84 77 23 56 33 16 90 36 31 73 70 82 57 40 52 47 53 55 79 91 74 8 13 75 62 32 58 54 17 46 27 38 12 45 69 81 0 15 64 68 92 22 71 30 60 28 43 65 72 85 44 97 67 42 51 86 11 29 50 5 21 19 98 63 20 24 59 6 18 48 10
70 74 92 44 13 37 16 72 60 76 28 50 83 26 34 0 35 59 67 10 97 43 9 36 14 23 4 64 19 84 91 33 95 88 24 6 25 68 85 66 41 80 7 69 99 86 29 96 17 79 78 47 2 55 30 58 18 77 53 48 87 49 45 63 93 39 65 56 5 21 15 71 42 38 94 75 22 81 11 61 40 57 32 90 46 73 62 8 31 89 12 54 52 27 1 82 51 98 20 3
60 2
21 66 23 67 51 16 83 4 22 2 43 75 41 15 39 89 57 96 79 71 59 30 40 80 36 31 92 60 11 90 72 8 94 73 62 70 58 47 63 42 25 24 44 38 45 14 9 33 50 32 64 19 3 17 27 53 5 86 12 97 91 13 85 95 6 82 20 18 77 55 93 7 87 81 76 26 68 88 98 52 46 37 34 48 61 65 56 0 74 84 35 99 28 29 78 10 69 1 49 54
72 20 54 65 42 24 48 94 90 68 38 1 57 87 19 21 86 75 52 39 28 30 25 46 36 8 97 74 69 70 89 93 78 6 43 22 16 73 3 32 29 58 45 62 49 7 88 33 64 51 81 71 34 66 60 59 12 41 56 26 9 15 18 79 47 67 17 10 2 11 31 98 13 50 23 92 77 91 14 95 99 83 63 37 0 82 5 84 27 61 35 80 53 40 4 85 55 96 44 76
60 2
13 3 49 1 81 74 93 40 18 95 80 61 88 0 43 75 62 26 8 22 71 70 19 32 68 67 17 33 96 92 69 60 23 27 36 87 34 52 46 98 7 82 94 14 63 78 38 51 89 2 55 47 37 72 59 50 77 85 65 54 31 11 16 44 84 58 99 25 24 30 21 20 53 91 5 15 86 56 45 97 10 4 41 90 64 57 76 35 12 48 83 73 29 6 42 9 28 79 39 66
0 56 99 80 39 83 6 47 8 51 77 4 29 43 52 57 30 95 46 10 20 3 36 7 92 42 69 45 28 37 35 14 65 33 70 16 89 12 76 11 40 93 79 88 50 48 72 23 27 74 60 73 31 59 98 24 96 64 26 86 44 38 17 68 15 91 66 49 71 58 78 63 18 9 67 75 61 19 34 25 21 41 54 84 5 90 53 87 13 22 94 32 55 81 85 62 1 2 82 97
60 2
31 53 52 4 77 36 15 99 33 62 7 92 41 40 74 35 5 55 98 23 66 22 64 63 16 47 1 85 17 50 25 83 88 61 49 48 86 13 94 46 73 56 91 51 54 80 79 89 21 60 84 9 44 97 34 69 57 58 12 11 43 90 71 39 30 42 96 45 18 75 81 68 93 87 82 59 3 65 27 32 10 0 19 72 70 14 24 29 95 8 6 67 26 37 76 78 28 20 2 38
41 18 99 98 17 64 89 53 8 91 51 62 81 56 28 5 6 95 32 69 52 24 22 54 47 25 65 68 34 29 36 31 1 30 14 35 33 0 71 11 40 37 75 19 26 92 60 21 61 97 13 96 78 63 76 38 50 83 73 3 77 86 39 7 15 44 79 49 80 43 70 55 58 72 2 85 23 46 20 94 27 87 45 84 57 42 48 12 9 16 90 88 82 93 66 4 10 67 59 74
60 2
91 69 45 30 92 71 10 7 73 63 94 70 16 24 85 36 17 12 83 59 49 46 0 65 72 89 8 93 90 34 81 64 27 82 60 4 41 20 28 51 68 15 19 18 39 67 52 53 62 37 97 44 21 77 40 9 14 79 80 42 29 23 87 55 75 61 11 2 54 86 66 78 13 26 74 31 57 47 5 76 98 3 88 43 84 56 1 48 33 99 38 22 35 32 6 95 50 96 58 25
48 93 20 23 30 14 46 8 7 68 66 65 62 51 5 31 92 80 79 44 2 58 82 3 26 50 24 81 83 87 4 15 37 35 52 33 72 32 53 73 43 42 41 40 19 85 6 63 0 70 25 13 34 38 77 95 86 74 21 75 96 98 12 47 84 11 10 99 9 88 49 91 36 39 57 59 90 54 97 18 17 27 22 28 64 45 56 29 69 94 76 71 16 1 89 55 60 78 61 67
60 3
87 45 93 36 67 76 66 68 75 24 78 49 95 30 26 72 43 29 64 34 40 89 80 71 9 54 14 56 33 17 13 69 60 28 19 88 3 62 83 74 20 99 82 16 91 1 57 63 96 11 65 55 58 94 25 51 27 46 52 90 32 84 37 47 18 50 6 4 7 31 77 23 15 92 39 8 5 70 10 98 22 97 42 38 61 86 85 0 35 21 59 44 73 2 53 12 48 81 79 41
38 69 82 65 13 51 66 20 32 24 39 80 31 79 74 86 35 29 33 8 89 40 49 91 11 54 92 62 64 19 67 45 94 4 17 88 5 56 48 26 68 77 93 84 71 1 22 15 23 9 36 97 25 60 58 76 27 59 12 90 75 16 47 37 18 50 73 28 2 95 99 96 63 14 78 34 3 61 10 98 57 55 42 87 70 72 85 0 43 21 46 44 6 7 53 52 83 81 30 41
8 68 54 50 6 97 43 45 56 58 61 31 59 88 64 0 66 38 26 23 90 22 25 27 7 93 35 75 10 63 74 21 44 16 85 30 51 53 37 13 52 4 12 28 47 46 2 17 94 42 5 81 24 96 80 3 71 1 20 40 15 79 83 91 77 36 67 99 9 49 18 34 32 70 41 87 65 92 33 73 89 76 11 29 78 48 19 72 14 69 95 60 98 57 62 82 86 55 84 39
64 4
21 37 5 12 98 2 46 80 81 57 24 61 3 73 33 25 67 27 76 64 89 0 30 29 10 15 84 17 55 23 22 78 75 14 99 50 60 1 86 93 79 54 51 77 45 44 6 85 74 62 35 42 71 82 41 28 65 9 68 72 36 11 49 70 19 56 95 16 58 97 63 52 59 13 48 32 18 43 31 40 7 8 53 87 26 47 38 83 92 20 96 94 88 39 91 66 90 69 4 34
31 74 52 75 86 15 81 56 46 91 43 61 89 85 19 5 29 65 39 14 62 51 80 37 69 88 97 30 96 16 27 0 49 68 47 87 70 23 98 18 64 54 66 10 99 73 8 34 67 32 55 21 2 82 41 50 7 60 79 72 57 11 20 94 40 17 42 48 33 24 36 92 59 45 1 3 93 84 95 58 22 6 53 90 77 13 4 35 25 12 83 9 71 76 63 78 28 26 38 44
90 3 5 16 4 88 8 30 6 73 37 61 33 95 24 25 62 65 93 75 19 13 17 32 79 71 67 56 51 77 27 47 48 49 9 57 83 26 38 39 12 41 45 68 94 31 81 42 89 40 0 87 15 82 59 36 7 96 20 54 44 11 1 35 43 80 50 10 97 29 34 52 72 70 69 58 76 74 28 84 22 46 53 91 14 60 86 78 92 23 66 55 2 18 85 99 63 64 98 21
3 34 92 9 4 2 46 7 81 84 21 82 63 40 90 25 73 80 54 45 42 49 65 28 66 71 95 27 64 83 30 77 51 35 79 67 20 13 38 72 96 39 69 60 48 29 6 74 87 57 1 43 15 61 93 58 56 10 47 18 32 53 70 26 85 22 62 99 44 36 24 52 76 14 55 31 41 91 97 50 17 8 11 19 0 23 86 68 5 78 16 75 88 59 89 12 37 94 98 33
64 3
51 43 22 64 4 80 6 15 8 94 37 61 40 99 32 7 97 92 93 75 58 21 2 24 23 56 67 71 90 69 52 42 14 49 85 35 36 10 38 39 12 41 31 1 73 45 81 47 84 33 87 0 30 53 54 83 25 63 20 59 70 11 68 57 3 88 78 26 62 29 60 27 72 44 77 19 76 74 66 89 5 46 82 55 48 34 98 50 65 79 28 91 17 18 9 95 96 16 86 13
0 24 7 79 38 30 8 2 6 70 29 61 19 45 62 65 84 52 18 12 40 42 71 97 1 80 74 88 87 10 5 95 64 75 73 83 63 77 4 76 20 41 21 48 44 13 46 99 43 58 50 78 17 53 54 96 92 91 49 59 60 11 14 36 32 15 66 69 89 67 9 22 72 34 26 33 39 37 51 3 25 81 82 35 16 85 86 28 27 68 90 57 56 93 94 31 55 23 98 47
84 50 5 0 4 88 46 7 81 3 57 82 95 37 73 52 90 80 59 83 36 10 65 85 70 15 63 27 23 45 30 75 60 99 1 33 69 96 38 41 13 76 20 51 68 19 6 58 44 21 79 32 71 61 18 74 56 49 55 93 43 53 66 12 28 22 24 35 87 42 62 25 39 16 47 91 72 31 89 34 17 8 11 29 9 64 86 48 92 94 14 77 2 54 97 26 40 78 98 67
64 2
21 10 80 40 86 22 81 5 46 63 23 11 64 44 49 56 26 71 76 3 79 51 52 69 37 7 48 92 83 24 2 66 19 32 13 87 70 43 98 18 89 54 0 74 45 73 6 34 77 68 35 31 27 82 41 90 88 94 62 72 36 61 33 60 75 25 95 97 20 16 57 30 59 99 84 14 93 1 42 12 15 8 53 50 67 47 38 55 17 58 96 9 65 39 91 78 28 29 4 85
3 34 92 9 4 2 46 7 81 84 21 82 63 40 90 25 73 80 54 45 42 49 65 28 66 71 95 27 64 83 30 77 51 35 79 67 20 13 38 72 96 39 69 60 48 29 6 74 87 57 1 43 15 61 93 58 56 10 47 18 32 53 70 26 85 22 62 99 44 36 24 52 76 14 55 31 41 91 97 50 17 8 11 19 0 23 86 68 5 78 16 75 88 59 89 12 37 94 98 33
72 2
64 9 20 51 38 29 72 10 41 1 7 46 25 83 85 37 70 77 98 65 2 47 58 28 90 12 27 26 23 5 33 57 34 30 32 36 35 15 4 82 56 8 63 94 79 95 11 21 87 52 84 3 49 76 59 99 40 31 22 54 97 81 78 42 0 19 68 71 66 80 16 67 6 89 92 88 53 17 62 44 69 61 39 13 50 14 93 48 75 73 24 96 74 86 43 45 91 60 18 55
40 1 43 98 80 12 21 9 81 63 32 66 56 8 91 93 24 26 42 60 97 70 47 18 58 37 55 52 59 83 35 64 54 30 14 33 36 84 49 27 48 57 23 45 77 2 67 72 0 68 15 76 39 28 10 17 5 86 16 53 95 29 44 7 87 78 92 94 38 20 6 74 22 89 79 75 85 62 99 71 82 13 4 61 25 51 41 31 3 90 73 34 11 50 46 19 96 69 88 65
72 2
9 89 40 45 15 11 44 82 8 30 28 95 25 20 81 84 60 47 22 73 85 3 52 59 7 43 46 23 70 16 0 72 50 77 58 90 1 91 54 48 67 34 31 12 75 21 97 98 71 32 49 14 18 83 63 55 35 57 41 27 29 86 62 38 80 94 37 2 61 93 10 39 42 99 96 6 53 78 33 65 92 51 24 76 4 13 68 69 74 36 56 66 64 87 79 5 88 26 17 19
81 28 26 3 69 47 31 12 91 75 10 16 93 83 0 32 63 25 22 18 60 21 99 88 85 76 68 64 1 49 55 44 13 33 90 71 78 66 20 34 51 27 57 54 86 45 30 29 59 5 17 42 52 65 53 72 74 40 92 56 82 14 9 94 96 43 8 62 97 24 77 35 46 73 48 67 50 70 36 84 39 61 38 15 95 4 6 79 23 89 80 37 58 98 11 87 41 2 7 19
75 2
53 44 2 24 70 74 52 42 51 67 72 92 27 14 38 37 97 73 94 4 56 18 58 54 46 49 99 40 76 50 77 6 0 33 11 78 26 98 13 68 12 59 60 61 65 9 3 41 17 84 91 93 31 32 86 22 88 96 55 47 7 83 95 30 75 1 64 45 69 39 19 16 80 48 79 66 82 63 89 5 10 57 28 43 25 85 23 62 20 35 90 29 34 8 21 87 81 71 15 36
74 20 84 61 73 78 57 39 77 21 30 79 12 23 99 26 8 36 24 66 63 46 62 38 90 80 54 60 69 37 59 83 76 98 5 53 50 75 13 92 35 51 32 94 44 22 9 41 48 71 17 47 31 40 15 3 49 58 6 10 89 55 45 1 33 72 86 87 0 82 14 56 88 91 68 29 42 16 34 85 93 43 28 52 97 11 19 96 65 27 18 4 7 25 81 95 67 2 64 70
96 2
51 43 22 64 4 80 6 15 8 94 37 61 40 99 32 7 97 92 93 75 58 21 2 24 23 56 67 71 90 69 52 42 14 49 85 35 36 10 38 39 12 41 31 1 73 45 81 47 84 33 87 0 30 53 54 83 25 63 20 59 70 11 68 57 3 88 78 26 62 29 60 27 72 44 77 19 76 74 66 89 5 46 82 55 48 34 98 50 65 79 28 91 17 18 9 95 96 16 86 13
0 55 23 42 61 16 8 97 6 34 12 76 77 27 95 32 83 14 72 37 40 25 68 99 96 3 49 43 87 19 84 17 57 75 51 5 71 10 11 38 20 81 80 45 60 88 18 2 13 69 44 70 62 86 82 56 24 65 67 53 50 39 31 22 91 64 66 26 36 74 73 89 46 78 58 33 4 29 9 21 79 93 98 30 35 94 59 28 48 63 85 15 1 41 90 52 92 47 54 7
96 3
51 43 22 64 4 80 6 15 8 94 37 61 40 99 32 7 97 92 93 75 58 21 2 24 23 56 67 71 90 69 52 42 14 49 85 35 36 10 38 39 12 41 31 1 73 45 81 47 84 33 87 0 30 53 54 83 25 63 20 59 70 11 68 57 3 88 78 26 62 29 60 27 72 44 77 19 76 74 66 89 5 46 82 55 48 34 98 50 65 79 28 91 17 18 9 95 96 16 86 13
0 96 97 21 11 84 6 23 8 73 19 39 37 88 31 64 35 62 72 77 20 80 89 47 55 79 58 48 28 12 16 52 91 33 78 30 22 29 61 4 40 81 25 13 60 27 18 7 45 67 44 9 14 86 82 92 1 15 69 53 50 76 95 71 57 32 66 74 63 26 34 68 46 51 49 75 38 10 70 42 3 93 98 5 83 94 59 87 43 36 85 65 24 41 90 17 56 99 54 2
26 5 68 25 59 14 8 16 6 20 90 86 9 45 7 43 92 32 46 44 73 99 3 2 65 24 50 1 74 78 23 95 71 94 12 57 83 87 54 82 60 41 21 17 40 42 93 31 88 70 77 37 84 39 4 35 48 36 85 38 58 98 52 91 30 62 10 28 56 0 75 97 72 49 51 34 53 66 67 27 89 18 76 96 22 33 11 29 64 15 69 55 79 81 19 13 63 80 61 47
96 2
83 3 97 89 87 91 93 75 25 47 70 86 63 62 72 6 67 51 80 52 4 45 73 74 82 14 29 92 36 8 46 49 11 78 35 41 77 17 61 48 32 27 98 60 13 10 65 38 88 95 57 30 39 79 66 5 23 2 18 19 40 12 15 9 96 37 50 53 55 20 33 64 26 90 22 7 81 1 21 0 71 68 69 16 85 84 43 24 59 28 56 76 99 44 31 42 58 54 94 34
0 10 2 21 79 25 57 54 66 86 77 49 24 65 55 5 53 93 22 52 63 45 73 41 60 15 6 58 78 17 72 31 4 36 71 59 70 37 83 27 61 56 40 20 14 3 75 82 88 87 7 46 99 84 50 44 23 26 39 80 12 42 81 43 48 76 91 9 30 38 33 74 68 18 34 51 13 1 89 32 35 97 94 69 16 95 67 11 64 28 96 8 90 29 47 98 92 62 85 19
96 2
0 99 92 83 61 25 4 56 38 9 14 8 1 49 96 15 13 7 59 24 32 69 22 31 47 88 79 30 34 62 80 37 57 68 51 26 33 23 11 39 64 93 67 21 90 58 86 19 42 16 60 28 2 46 41 29 17 20 84 72 85 6 55 75 91 65 66 48 36 43 70 71 18 78 3 89 76 97 87 35 27 98 81 74 45 50 53 73 5 63 94 40 52 54 44 77 10 95 82 12
34 91 37 6 74 45 12 22 36 10 15 43 16 99 48 79 4 28 40 24 26 38 67 53 19 92 17 47 42 69 80 63 65 11 76 81 29 31 68 39 64 83 94 55 9 52 84 27 35 41 5 57 87 75 72 33 14 90 86 1 78 95 21 89 77 7 82 66 62 8 32 71 18 85 13 50 44 97 58 0 30 51 70 59 60 46 73 23 25 88 56 61 2 54 98 49 20 93 96 3
96 2
54 51 21 22 90 37 47 48 60 12 18 36 42 7 76 49 80 44 70 39 57 46 26 86 72 29 3 40 61 73 19 8 28 33 4 94 69 53 62 30 74 98 9 38 83 50 2 93 13 65 84 81 23 5 82 55 95 64 89 14 31 32 43 63 20 15 56 79 58 11 10 71 99 25 27 87 59 16 92 91 77 1 0 17 45 78 52 88 75 68 34 67 85 6 97 66 41 35 96 24
67 49 73 64 54 23 72 15 8 32 66 55 97 18 94 7 40 48 13 30 56 21 44 5 80 58 51 27 90 29 19 46 9 43 65 96 36 78 38 39 16 41 81 33 22 45 31 47 17 1 50 26 75 53 4 11 20 98 25 59 89 83 62 86 3 34 10 0 68 69 79 71 6 2 77 52 82 74 37 70 24 42 76 61 92 88 63 87 85 60 28 91 84 99 14 95 35 12 57 93
108 2
9 26 25 44 6 2 61 72 53 70 13 86 35 1 49 15 12 59 80 51 67 31 39 63 28 92 96 41 83 78 93 75 48 43 74 14 69 89 46 65 32 56 77 23 47 50 11 34 95 99 29 3 5 38 7 73 18 42 60 27 62 4 87 36 57 76 0 97 21 37 66 71 30 58 94 33 22 40 84 10 54 82 98 90 85 55 8 45 52 68 19 20 88 17 24 91 16 64 81 79
65 26 37 47 49 2 13 30 62 70 61 29 35 28 6 0 51 27 18 12 54 5 22 69 1 92 74 48 14 78 42 43 41 75 96 83 63 21 55 9 81 64 77 88 44 8 85 99 95 34 86 10 31 60 40 73 80 93 38 59 53 16 87 36 98 66 15 97 89 25 76 71 72 58 24 33 39 7 84 3 67 20 57 19 11 46 50 45 52 68 90 82 23 91 94 17 4 56 32 79
120 2
64 9 20 51 38 29 72 10 41 1 7 46 25 83 85 37 70 77 98 65 2 47 58 28 90 12 27 26 23 5 33 57 34 30 32 36 35 15 4 82 56 8 63 94 79 95 11 21 87 52 84 3 49 76 59 99 40 31 22 54 97 81 78 42 0 19 68 71 66 80 16 67 6 89 92 88 53 17 62 44 69 61 39 13 50 14 93 48 75 73 24 96 74 86 43 45 91 60 18 55
6 2 59 19 63 90 87 43 24 66 4 9 31 48 65 47 93 88 49 82 23 33 12 11 35 41 60 92 80 16 73 86 62 72 94 58 70 89 51 34 5 22 95 78 52 10 75 30 0 3 61 67 32 68 97 54 25 8 40 27 1 37 98 44 21 71 77 7 20 46 57 18 83 84 28 74 17 96 85 45 55 13 42 15 64 39 29 50 26 81 36 69 76 56 38 14 99 91 79 53
120 2
15 51 20 73 76 37 18 77 93 56 47 72 42 84 90 12 78 19 82 91 99 23 26 28 94 29 45 69 7 83 33 64 70 35 65 89 16 57 39 54 96 8 68 85 25 62 4 3 87 31 5 80 74 61 86 97 40 14 36 98 2 41 34 79 0 10 71 63 66 21 30 49 6 22 55 13 59 95 17 50 58 38 11 43 60 52 81 27 75 9 92 1 67 53 88 48 32 44 46 24
57 73 20 9 61 12 46 19 81 96 23 18 79 5 94 29 34 10 54 32 97 7 69 28 85 37 48 58 47 84 33 15 78 16 91 22 30 64 11 98 1 8 71 90 42 17 39 80 87 14 83 21 67 38 53 2 40 52 89 82 99 93 70 25 0 77 63 68 66 3 35 74 6 36 24 43 86 62 95 60 26 76 4 88 44 31 41 45 75 51 55 56 49 59 13 27 65 50 72 92
120 2
81 26 98 76 3 16 90 10 89 51 80 59 58 37 85 6 24 28 68 82 97 48 21 19 86 30 92 78 96 87 64 0 79 8 54 15 5 93 99 63 13 12 65 60 52 67 39 25 35 34 29 43 2 1 44 17 41 56 57 75 49 33 9 23 22 77 20 91 71 55 84 62 83 40 14 69 94 4 95 46 45 70 74 31 50 27 36 73 32 47 61 42 11 72 38 88 66 53 18 7
41 51 38 68 55 30 25 26 33 65 54 71 13 12 66 36 61 78 23 53 49 24 48 18 21 6 7 34 44 37 5 81 75 8 27 64 15 29 2 92 73 0 96 88 28 97 62 90 22 20 93 1 74 19 10 4 87 72 84 94 67 16 46 80 35 9 14 60 3 98 83 11 57 40 52 32 85 95 17 91 63 31 99 70 58 76 89 56 43 86 47 79 39 50 59 77 42 45 69 82
128 3
51 43 22 64 4 80 6 15 8 94 37 61 40 99 32 7 97 92 93 75 58 21 2 24 23 56 67 71 90 69 52 42 14 49 85 35 36 10 38 39 12 41 31 1 73 45 81 47 84 33 87 0 30 53 54 83 25 63 20 59 70 11 68 57 3 88 78 26 62 29 60 27 72 44 77 19 76 74 66 89 5 46 82 55 48 34 98 50 65 79 28 91 17 18 9 95 96 16 86 13
21 37 5 12 98 2 46 80 81 57 24 61 3 73 33 25 67 27 76 64 89 0 30 29 10 15 84 17 55 23 22 78 75 14 99 50 60 1 86 93 79 54 51 77 45 44 6 85 74 62 35 42 71 82 41 28 65 9 68 72 36 11 49 70 19 56 95 16 58 97 63 52 59 13 48 32 18 43 31 40 7 8 53 87 26 47 38 83 92 20 96 94 88 39 91 66 90 69 4 34
16 50 30 0 38 27 46 2 81 79 91 82 31 77 34 17 90 25 59 35 63 29 15 85 9 65 36 88 97 13 5 33 60 47 24 75 67 55 4 41 45 39 40 78 89 12 8 49 44 42 3 64 22 11 18 26 92 58 96 93 48 53 66 19 87 71 1 83 28 21 14 80 76 84 99 57 72 95 68 73 52 6 61 10 70 32 86 43 56 94 62 37 7 54 23 74 20 51 98 69
144 2
94 33 57 36 13 55 4 44 60 54 3 49 68 6 12 62 53 66 34 23 87 77 88 90 93 8 31 58 1 97 81 65 2 28 73 41 10 79 17 22 16 56 11 61 69 45 9 0 71 42 91 98 99 40 46 86 35 32 74 96 25 63 85 43 48 26 38 29 14 7 70 64 51 18 27 24 37 89 78 76 52 83 82 30 20 15 5 84 39 21 19 95 59 75 47 50 92 67 72 80
81 10 29 77 20 50 24 93 60 94 70 55 61 15 98 13 97 72 99 80 6 45 34 58 82 68 67 96 3 25 54 11 42 78 56 35 21 38 43 64 57 74 51 8 4 36 31 66 22 91 2 83 88 37 17 86 19 32 73 90 53 14 85 46 59 76 95 16 5 84 1 71 65 23 39 69 30 28 89 47 48 12 44 40 62 87 63 75 92 33 41 79 52 7 26 49 27 9 0 18
150 2
72 76 91 26 56 45 6 33 78 92 75 65 19 13 36 87 16 46 23 12 62 84 22 18 73 25 3 67 68 57 30 39 32 7 95 98 14 40 99 31 37 83 42 43 93 5 17 70 48 50 49 51 59 97 54 55 4 29 90 52 60 89 20 77 71 11 66 27 28 74 47 64 0 24 69 10 1 63 8 88 80 94 82 41 21 85 86 15 79 61 58 2 9 44 81 34 96 53 35 38
77 22 26 27 9 16 63 1 62 54 28 87 56 24 3 69 44 73 86 41 94 49 88 36 93 31 18 67 21 97 12 90 68 81 66 72 4 79 99 17 51 64 14 37 46 57 25 39 50 35 15 43 33 5 60 0 42 47 70 8 92 89 95 98 23 75 20 91 11 74 80 2 82 96 65 6 59 10 85 76 29 78 55 30 32 52 71 84 34 53 61 83 19 45 38 40 13 58 48 7
150 2
22 51 97 43 99 87 83 80 12 26 10 39 30 31 27 93 84 4 18 77 98 25 57 96 61 58 78 92 19 16 8 56 54 64 79 5 15 6 3 74 41 89 23 38 46 88 59 48 73 2 50 76 34 94 75 7 13 0 21 44 53 70 95 65 81 82 71 62 20 45 24 91 90 47 11 32 1 28 9 52 55 33 63 37 29 85 72 35 69 40 86 66 14 36 60 67 42 49 68 17
1 0 48 81 8 95 55 88 4 91 23 80 98 38 73 26 25 21 94 32 79 17 71 10 65 16 15 37 58 56 43 42 19 86 87 64 60 27 13 82 47 83 31 30 90 49 68 40 2 45 75 69 77 63 99 6 29 76 28 72 36 92 96 53 35 24 74 84 46 51 93 22 59 14 66 50 57 52 97 20 11 3 39 41 67 89 33 34 7 85 44 9 61 70 18 5 62 78 12 54
150 2
32 1 15 98 19 77 44 59 79 41 96 24 62 81 60 92 53 76 21 51 71 56 72 6 37 95 28 75 82 29 63 86 88 34 46 31 83 11 68 27 10 80 12 17 23 84 33 13 73 38 85 4 52 94 65 87 18 25 14 66 58 36 42 93 45 89 7 55 49 22 5 97 69 99 8 39 43 70 78 74 9 47 26 61 64 91 35 67 0 54 3 50 2 30 16 57 40 20 90 48
49 74 62 18 47 95 30 61 26 92 28 32 75 24 22 40 98 52 3 57 56 41 14 81 13 73 8 31 10 37 6 27 11 59 50 82 99 29 65 90 15 21 43 42 83 78 91 4 84 0 34 88 17 69 66 79 20 19 86 33 97 7 2 68 77 38 54 96 63 53 89 87 94 25 1 12 80 64 45 55 76 23 35 44 48 93 58 71 51 70 39 46 9 85 72 5 67 60 16 36
160 2
51 43 22 64 4 80 6 15 8 94 37 61 40 99 32 7 97 92 93 75 58 21 2 24 23 56 67 71 90 69 52 42 14 49 85 35 36 10 38 39 12 41 31 1 73 45 81 47 84 33 87 0 30 53 54 83 25 63 20 59 70 11 68 57 3 88 78 26 62 29 60 27 72 44 77 19 76 74 66 89 5 46 82 55 48 34 98 50 65 79 28 91 17 18 9 95 96 16 86 13
30 90 20 94 76 37 18 69 93 71 42 72 47 89 51 12 50 58 53 55 95 79 10 66 73 29 31 77 25 36 40 16 44 57 92 84 64 35 39 59 63 6 1 9 7 97 4 43 0 45 22 88 74 61 98 62 33 48 83 86 17 41 60 23 87 26 56 96 28 13 15 49 8 5 91 21 54 99 2 78 19 38 11 3 34 27 81 52 75 85 65 68 67 82 80 14 24 70 46 32
168 2
56 82 29 4 24 55 47 22 33 48 98 21 17 76 7 39 67 34 66 1 74 92 14 46 3 62 42 70 61 45 28 75 41 88 12 15 52 37 36 35 54 79 59 23 83 2 43 77 99 20 84 93 38 68 94 89 96 18 53 26 31 30 78 63 16 51 57 64 58 73 81 71 44 86 49 60 90 6 25 32 10 27 19 72 85 50 69 87 8 5 13 95 11 65 40 97 0 91 80 9
90 99 46 12 51 69 82 44 68 19 42 92 74 96 66 61 72 24 57 77 49 87 54 63 79 38 40 97 48 2 35 60 4 73 93 9 78 37 52 70 10 32 6 45 64 29 23 26 39 34 85 76 5 86 59 36 0 22 88 80 21 83 33 43 27 17 91 16 84 58 67 71 28 89 20 31 13 1 62 56 95 15 47 14 50 53 8 11 25 55 65 81 75 3 7 18 41 98 94 30
180 2
0 37 7 51 26 65 63 10 40 27 2 9 41 68 99 73 22 19 49 98 67 32 33 96 62 53 61 11 70 29 89 14 75 16 30 48 3 47 88 13 79 52 71 59 93 15 35 1 46 80 97 36 12 58 60 50 24 84 25 83 94 4 56 69 57 76 86 78 39 6 74 91 66 45 28 21 5 92 20 8 18 81 44 43 64 85 72 38 87 34 23 42 95 82 54 77 90 55 17 31
46 72 71 76 2 36 85 61 79 1 34 84 4 32 22 45 23 98 83 78 17 19 16 93 56 21 52 9 48 40 7 86 58 31 89 0 55 11 64 57 70 15 91 80 82 24 74 77 35 62 51 3 60 25 94 65 18 87 14 42 30 49 73 6 27 81 47 95 13 28 63 43 99 12 8 39 97 20 44 29 26 5 90 59 68 69 66 88 96 54 38 10 37 67 41 92 33 50 75 53
192 3
70 10 52 19 6 88 61 80 11 66 99 38 96 79 12 15 26 30 41 83 95 89 65 33 74 5 13 17 94 45 7 68 77 31 44 16 23 36 8 76 42 59 64 75 51 62 53 3 40 35 87 90 92 86 18 84 27 97 55 93 73 4 58 43 67 22 9 91 37 63 0 71 54 85 47 21 39 57 50 49 56 82 98 24 29 78 46 60 25 69 28 48 2 72 34 32 1 20 81 14
21 37 5 12 98 2 46 80 81 57 24 61 3 73 33 25 67 27 76 64 89 0 30 29 10 15 84 17 55 23 22 78 75 14 99 50 60 1 86 93 79 54 51 77 45 44 6 85 74 62 35 42 71 82 41 28 65 9 68 72 36 11 49 70 19 56 95 16 58 97 63 52 59 13 48 32 18 43 31 40 7 8 53 87 26 47 38 83 92 20 96 94 88 39 91 66 90 69 4 34
31 74 52 75 86 15 81 56 46 91 43 61 89 85 19 5 29 65 39 14 62 51 80 37 69 88 97 30 96 16 27 0 49 68 47 87 70 23 98 18 64 54 66 10 99 73 8 34 67 32 55 21 2 82 41 50 7 60 79 72 57 11 20 94 40 17 42 48 33 24 36 92 59 45 1 3 93 84 95 58 22 6 53 90 77 13 4 35 25 12 83 9 71 76 63 78 28 26 38 44
192 3
94 33 57 36 13 55 4 44 60 54 3 49 68 6 12 62 53 66 34 23 87 77 88 90 93 8 31 58 1 97 81 65 2 28 73 41 10 79 17 22 16 56 11 61 69 45 9 0 71 42 91 98 99 40 46 86 35 32 74 96 25 63 85 43 48 26 38 29 14 7 70 64 51 18 27 24 37 89 78 76 52 83 82 30 20 15 5 84 39 21 19 95 59 75 47 50 92 67 72 80
98 1 50 36 91 29 40 30 47 55 3 95 6 72 11 68 60 7 48 92 86 21 58 90 8 13 20 23 33 54 17 46 44 45 71 64 10 53 51 96 12 34 83 4 61 28 87 24 52 85 93 63 18 69 5 82 73 94 74 19 81 32 0 38 80 65 49 97 76 37 89 41 25 99 22 42 15 70 78 57 35 16 9 75 67 66 26 31 39 77 27 43 59 2 79 14 88 84 62 56
81 28 29 36 42 13 67 2 79 16 10 75 53 30 4 68 62 25 23 18 8 77 99 19 61 50 32 64 33 7 5 11 47 1 39 48 78 38 84 73 51 58 14 46 86 45 83 26 59 55 17 69 80 97 93 98 74 24 96 35 82 57 9 6 92 15 60 63 65 40 21 56 54 34 71 31 76 70 3 20 90 85 66 43 37 0 94 91 22 89 52 95 27 72 44 87 41 12 49 88
192 3
26 78 32 21 15 86 20 4 53 17 77 91 5 24 61 85 37 95 56 58 75 28 92 41 7 60 11 73 10 9 12 76 29 3 23 74 70 47 72 34 97 19 55 14 84 36 94 81 71 51 79 0 18 57 31 63 35 42 39 27 68 46 87 8 22 67 43 25 98 93 1 59 83 99 96 82 38 33 89 30 88 40 44 54 6 13 50 62 64 45 80 49 90 69 66 2 52 16 65 48
0 10 2 21 79 25 57 54 66 86 77 49 24 65 55 5 53 93 22 52 63 45 73 41 60 15 6 58 78 17 72 31 4 36 71 59 70 37 83 27 61 56 40 20 14 3 75 82 88 87 7 46 99 84 50 44 23 26 39 80 12 42 81 43 48 76 91 9 30 38 33 74 68 18 34 51 13 1 89 32 35 97 94 69 16 95 67 11 64 28 96 8 90 29 47 98 92 62 85 19
83 3 97 89 87 91 93 75 25 47 70 86 63 62 72 6 67 51 80 52 4 45 73 74 82 14 29 92 36 8 46 49 11 78 35 41 77 17 61 48 32 27 98 60 13 10 65 38 88 95 57 30 39 79 66 5 23 2 18 19 40 12 15 9 96 37 50 53 55 20 33 64 26 90 22 7 81 1 21 0 71 68 69 16 85 84 43 24 59 28 56 76 99 44 31 42 58 54 94 34
192 2
0 55 23 42 61 16 8 97 6 34 12 76 77 27 95 32 83 14 72 37 40 25 68 99 96 3 49 43 87 19 84 17 57 75 51 5 71 10 11 38 20 81 80 45 60 88 18 2 13 69 44 70 62 86 82 56 24 65 67 53 50 39 31 22 91 64 66 26 36 74 73 89 46 78 58 33 4 29 9 21 79 93 98 30 35 94 59 28 48 63 85 15 1 41 90 52 92 47 54 7
26 5 68 25 59 14 8 16 6 20 90 86 9 45 7 43 92 32 46 44 73 99 3 2 65 24 50 1 74 78 23 95 71 94 12 57 83 87 54 82 60 41 21 17 40 42 93 31 88 70 77 37 84 39 4 35 48 36 85 38 58 98 52 91 30 62 10 28 56 0 75 97 72 49 51 34 53 66 67 27 89 18 76 96 22 33 11 29 64 15 69 55 79 81 19 13 63 80 61 47
216 2
66 13 5 51 61 52 4 54 86 0 79 46 16 10 35 15 96 93 56 90 91 68 76 43 94 2 1 59 24 50 72 21 40 75 47 12 63 69 53 22 77 27 57 33 3 87 38 44 32 14 45 19 88 8 80 85 41 64 73 17 58 6 60 23 97 39 70 20 89 36 9 71 7 55 34 31 65 42 29 99 18 98 81 28 78 84 11 62 92 37 83 95 25 30 74 48 26 67 82 49
39 91 8 32 17 45 7 13 37 66 97 23 40 30 77 76 80 49 94 54 19 87 22 29 93 84 82 34 42 69 28 55 47 86 48 81 53 62 31 65 35 99 14 73 72 2 89 41 96 27 33 67 38 63 12 43 16 24 52 90 36 56 21 60 79 9 70 10 46 78 15 71 44 88 57 50 0 6 25 98 51 83 74 20 92 68 75 5 58 85 59 26 11 1 18 4 95 61 3 64
240 3
64 9 20 51 38 29 72 10 41 1 7 46 25 83 85 37 70 77 98 65 2 47 58 28 90 12 27 26 23 5 33 57 34 30 32 36 35 15 4 82 56 8 63 94 79 95 11 21 87 52 84 3 49 76 59 99 40 31 22 54 97 81 78 42 0 19 68 71 66 80 16 67 6 89 92 88 53 17 62 44 69 61 39 13 50 14 93 48 75 73 24 96 74 86 43 45 91 60 18 55
56 94 34 99 28 15 93 17 64 95 80 14 89 41 11 5 87 7 68 96 71 57 81 65 84 48 51 85 4 50 58 37 69 70 2 73 72 31 60 59 47 13 66 76 75 55 52 40 25 53 29 26 46 49 79 45 0 21 30 39 38 86 91 74 8 23 42 88 18 32 33 20 36 35 63 44 43 82 92 54 10 22 77 90 24 27 61 16 67 12 83 62 78 6 1 9 19 98 97 3
25 38 94 53 80 47 56 88 21 14 55 65 81 22 9 90 50 43 20 99 18 8 13 71 64 0 67 39 63 61 40 89 46 57 59 84 83 86 1 27 30 48 77 17 74 54 32 5 41 68 16 60 75 3 45 10 6 33 73 34 51 29 69 28 24 11 95 26 49 62 72 23 70 58 44 52 78 42 76 97 4 12 96 36 35 92 37 93 7 31 15 98 85 87 2 66 82 79 91 19
320 3
89 94 45 90 38 91 82 63 53 14 19 41 75 30 9 21 60 31 93 10 49 15 55 44 28 96 58 57 24 67 13 17 66 77 64 52 92 74 4 46 69 11 80 51 23 2 39 88 85 20 62 43 35 8 86 22 99 27 26 98 16 72 50 7 34 83 32 29 73 40 79 95 61 68 37 12 81 33 97 70 42 76 6 65 87 48 54 84 47 0 3 5 36 18 1 71 25 78 59 56
85 80 97 65 39 68 11 23 61 51 55 6 21 40 71 79 17 16 82 42 45 12 62 7 25 24 83 48 73 96 89 58 56 99 87 74 67 91 76 4 13 72 19 88 66 20 59 75 27 95 60 9 84 93 81 10 32 77 31 46 50 8 22 69 92 3 44 36 5 63 78 14 41 28 35 47 38 57 70 15 1 54 18 26 52 0 98 34 43 30 94 37 64 53 90 49 29 2 86 33
51 43 22 64 4 80 6 15 8 94 37 61 40 99 32 7 97 92 93 75 58 21 2 24 23 56 67 71 90 69 52 42 14 49 85 35 36 10 38 39 12 41 31 1 73 45 81 47 84 33 87 0 30 53 54 83 25 63 20 59 70 11 68 57 3 88 78 26 62 29 60 27 72 44 77 19 76 74 66 89 5 46 82 55 48 34 98 50 65 79 28 91 17 18 9 95 96 16 86 13
336 2
18 26 85 77 57 2 80 46 92 34 76 55 40 28 11 0 22 20 63 54 17 79 67 61 24 96 53 35 93 9 30 86 7 42 97 27 66 64 82 13 31 59 47 43 44 45 99 98 95 49 89 14 81 94 68 51 78 23 38 3 74 4 16 15 37 65 36 62 88 6 58 25 83 69 60 5 8 41 87 21 73 72 70 52 71 75 12 91 19 48 90 56 10 39 1 50 84 29 33 32
77 10 15 81 83 57 51 93 49 59 1 74 58 82 73 2 86 39 89 90 71 27 54 61 36 32 94 21 98 45 43 46 25 44 53 68 24 38 37 17 99 56 96 30 33 29 31 79 85 8 78 6 92 34 22 60 41 5 12 9 55 23 64 72 62 69 80 84 35 65 88 20 63 14 11 76 75 0 50 47 66 3 13 4 67 48 16 91 70 18 19 87 52 7 26 97 42 95 28 40
384 3
94 33 57 36 13 55 4 44 60 54 3 49 68 6 12 62 53 66 34 23 87 77 88 90 93 8 31 58 1 97 81 65 2 28 73 41 10 79 17 22 16 56 11 61 69 45 9 0 71 42 91 98 99 40 46 86 35 32 74 96 25 63 85 43 48 26 38 29 14 7 70 64 51 18 27 24 37 89 78 76 52 83 82 30 20 15 5 84 39 21 19 95 59 75 47 50 92 67 72 80
40 1 84 3 76 75 54 13 63 49 10 8 32 93 51 7 66 4 27 64 30 89 41 88 17 85 79 99 28 62 82 43 98 45 74 35 78 11 55 48 61 19 0 86 65 33 38 9 90 67 69 81 73 31 44 60 39 14 92 34 46 42 5 37 22 6 94 47 87 25 70 71 20 52 80 29 24 77 36 97 59 57 72 12 68 50 53 2 23 21 56 16 58 15 91 26 18 95 83 96
81 28 29 36 42 13 67 2 79 16 10 75 53 30 4 68 62 25 23 18 8 77 99 19 61 50 32 64 33 7 5 11 47 1 39 48 78 38 84 73 51 58 14 46 86 45 83 26 59 55 17 69 80 97 93 98 74 24 96 35 82 57 9 6 92 15 60 63 65 40 21 56 54 34 71 31 76 70 3 20 90 85 66 43 37 0 94 91 22 89 52 95 27 72 44 87 41 12 49 88
384 2
32 70 85 28 54 84 72 13 31 79 1 53 51 93 40 7 49 6 27 90 17 78 39 52 65 75 66 99 77 87 4 60 81 21 64 35 33 86 63 34 98 48 12 46 30 89 8 26 74 97 62 61 58 55 20 37 59 0 88 19 11 83 2 43 56 82 67 95 69 5 10 71 24 92 22 68 44 3 45 94 41 42 76 14 50 29 38 25 73 36 80 9 23 15 47 16 18 91 57 96
65 21 30 28 98 66 24 86 93 25 1 14 53 9 44 67 51 61 96 99 95 3 18 23 12 42 82 39 89 91 68 17 47 70 74 92 33 7 97 34 5 56 29 63 4 77 84 94 41 16 40 75 35 11 37 87 64 62 52 19 26 54 69 81 48 8 13 50 72 83 36 58 2 71 22 85 0 78 45 55 59 6 79 49 60 32 76 38 88 10 80 15 73 31 57 46 90 20 43 27
576 2
83 3 97 89 87 91 93 75 25 47 70 86 63 62 72 6 67 51 80 52 4 45 73 74 82 14 29 92 36 8 46 49 11 78 35 41 77 17 61 48 32 27 98 60 13 10 65 38 88 95 57 30 39 79 66 5 23 2 18 19 40 12 15 9 96 37 50 53 55 20 33 64 26 90 22 7 81 1 21 0 71 68 69 16 85 84 43 24 59 28 56 76 99 44 31 42 58 54 94 34
85 33 7 78 14 30 63 29 20 62 10 31 97 5 42 65 9 50 19 23 79 70 88 18 57 17 47 92 1 2 13 75 26 28 73 59 3 84 37 34 69 96 4 83 94 45 43 32 35 98 25 40 90 12 72 49 71 61 41 48 66 24 16 67 27 68 82 6 15 51 77 74 93 39 56 11 76 21 36 8 52 0 60 46 38 81 44 95 99 89 80 87 64 54 86 91 58 53 55 22
720 2
22 51 97 43 99 87 83 80 12 26 10 39 30 31 27 93 84 4 18 77 98 25 57 96 61 58 78 92 19 16 8 56 54 64 79 5 15 6 3 74 41 89 23 38 46 88 59 48 73 2 50 76 34 94 75 7 13 0 21 44 53 70 95 65 81 82 71 62 20 45 24 91 90 47 11 32 1 28 9 52 55 33 63 37 29 85 72 35 69 40 86 66 14 36 60 67 42 49 68 17
64 9 20 51 38 29 72 10 41 1 7 46 25 83 85 37 70 77 98 65 2 47 58 28 90 12 27 26 23 5 33 57 34 30 32 36 35 15 4 82 56 8 63 94 79 95 11 21 87 52 84 3 49 76 59 99 40 31 22 54 97 81 78 42 0 19 68 71 66 80 16 67 6 89 92 88 53 17 62 44 69 61 39 13 50 14 93 48 75 73 24 96 74 86 43 45 91 60 18 55
1080 2
52 13 71 51 89 50 63 70 18 27 6 75 28 17 14 46 87 1 79 38 93 16 99 32 61 53 45 39 30 49 12 58 37 25 69 48 55 23 72 9 56 35 4 7 77 54 94 20 41 62 97 65 60 33 26 81 83 11 96 24 0 59 29 10 98 3 95 67 64 91 43 85 19 80 73 57 76 82 66 8 74 36 44 40 84 2 90 21 22 42 92 34 86 47 15 78 31 5 68 88
0 47 10 36 61 76 69 2 79 11 7 27 52 39 31 45 33 98 80 17 78 75 16 90 56 58 4 9 74 29 34 99 21 22 89 46 51 1 87 68 8 12 91 83 82 73 48 37 35 18 55 3 41 25 94 97 62 64 53 43 54 26 24 6 84 5 72 20 13 63 28 42 86 15 70 32 65 95 67 40 49 81 93 59 57 85 66 88 38 30 96 71 77 44 60 92 23 50 19 14
1152 2
32 70 85 28 54 84 72 13 31 79 1 53 51 93 40 7 49 6 27 90 17 78 39 52 65 75 66 99 77 87 4 60 81 21 64 35 33 86 63 34 98 48 12 46 30 89 8 26 74 97 62 61 58 55 20 37 59 0 88 19 11 83 2 43 56 82 67 95 69 5 10 71 24 92 22 68 44 3 45 94 41 42 76 14 50 29 38 25 73 36 80 9 23 15 47 16 18 91 57 96
47 28 32 10 6 86 13 69 25 46 36 42 14 4 68 85 40 38 73 90 84 89 39 19 75 60 65 74 33 67 83 26 57 1 18 56 3 76 66 88 53 35 49 63 7 45 54 94 64 11 95 72 80 16 9 5 41 2 27 92 8 43 15 61 71 31 17 97 12 44 70 48 98 34 58 93 79 21 78 37 99 30 82 81 87 62 55 20 22 77 23 50 96 24 0 91 59 29 51 52
1920 2
15 24 67 43 41 29 76 40 39 56 90 93 51 31 32 12 84 77 98 94 70 21 26 64 3 75 50 33 65 34 58 57 14 66 80 45 35 28 72 54 0 53 63 23 92 36 81 91 68 78 2 7 20 4 8 83 19 99 60 6 52 18 97 13 1 10 71 87 16 85 30 49 82 17 73 9 59 44 27 89 69 46 38 55 62 5 61 22 37 79 88 96 74 86 25 95 47 48 11 42
89 94 45 90 38 91 82 63 53 14 19 41 75 30 9 21 60 31 93 10 49 15 55 44 28 96 58 57 24 67 13 17 66 77 64 52 92 74 4 46 69 11 80 51 23 2 39 88 85 20 62 43 35 8 86 22 99 27 26 98 16 72 50 7 34 83 32 29 73 40 79 95 61 68 37 12 81 33 97 70 42 76 6 65 87 48 54 84 47 0 3 5 36 18 1 71 25 78 59 56
2160 2
14 43 20 51 72 55 44 47 9 8 93 18 96 83 0 16 15 59 11 61 2 73 94 28 98 48 38 79 23 84 90 52 74 46 92 53 65 70 26 40 39 58 66 1 6 87 33 7 25 57 97 3 31 35 88 5 68 49 41 17 99 19 64 82 62 36 42 85 56 77 37 78 4 21 32 80 81 69 71 27 75 76 63 13 29 67 89 45 54 86 30 95 34 10 22 91 12 50 24 60
52 13 71 51 89 50 63 70 18 27 6 75 28 17 14 46 87 1 79 38 93 16 99 32 61 53 45 39 30 49 12 58 37 25 69 48 55 23 72 9 56 35 4 7 77 54 94 20 41 62 97 65 60 33 26 81 83 11 96 24 0 59 29 10 98 3 95 67 64 91 43 85 19 80 73 57 76 82 66 8 74 36 44 40 84 2 90 21 22 42 92 34 86 47 15 78 31 5 68 88
