194472 74
111 333
2
0 1 72 73 2 3 4 5 6 7 8 9 10 11 12 13 14 15 16 17 18 19 20 21 22 23 24 25 26 27 28 29 30 31 32 33 34 35 36 37 38 39 40 41 42 43 44 45 46 47 48 49 50 51 52 53 54 55 56 57 58 59 60 61 62 63 64 65 66 67 68 69 70 71
1 38 30 24 43 57 63 15 22 6 32 55 11 70 29 56 5 27 37 71 61 65 48 18 51 52 26 34 54 35 46 4 36 72 17 14 10 23 0 58 44 47 49 31 66 33 2 62 8 59 50 3 73 39 68 12 7 16 53 42 19 69 41 9 21 64 40 13 28 20 67 60 45 25
25
2 1
56 62 19 3 42 65 13 47 24 55 30 12 11 6 49 73 36 58 67 2 64 66 38 59 8 52 54 44 51 60 10 45 69 40 35 34 16 63 22 71 33 53 4 43 27 31 68 7 57 14 72 28 25 41 26 9 0 48 17 23 29 70 1 37 20 5 21 18 46 32 61 39 50 15
3 1
40 46 4 61 5 2 30 16 45 23 34 71 3 59 26 49 69 31 8 39 14 68 67 62 33 57 20 42 51 58 48 50 22 43 64 36 38 28 35 44 66 29 53 24 19 18 72 47 6 55 17 37 60 27 11 15 52 63 41 70 56 12 9 25 10 65 0 32 73 7 13 54 1 21
4 1
67 46 17 49 43 50 51 53 40 16 0 13 21 52 14 56 48 39 35 8 34 38 36 4 22 55 18 15 68 71 12 66 59 11 32 44 69 9 30 54 47 29 42 45 26 23 58 19 37 5 3 7 33 6 2 65 57 27 61 20 28 1 25 73 60 62 63 70 64 24 10 72 41 31
4 2
70 42 24 13 63 50 14 8 7 44 29 30 21 3 6 71 38 60 66 28 56 12 46 52 2 41 34 37 19 10 11 68 33 32 26 62 49 27 16 43 54 25 1 39 9 65 22 67 53 36 5 51 23 48 40 57 20 55 72 64 17 61 35 4 59 45 18 47 31 73 0 15 58 69
10 3 26 1 53 31 45 40 54 32 0 59 57 42 65 56 66 35 38 69 71 55 37 25 34 23 2 46 73 70 64 5 9 44 24 17 36 22 18 58 7 52 13 72 33 6 27 67 63 49 68 61 41 4 8 21 15 12 39 11 62 51 60 48 30 14 16 47 50 19 29 20 43 28
4 2
21 33 17 72 20 49 68 73 15 30 11 10 41 42 38 8 40 2 29 64 4 0 57 23 45 36 60 63 66 18 9 31 69 1 50 62 25 52 14 46 16 12 13 44 43 24 39 53 58 5 34 54 37 47 51 59 61 22 48 55 26 56 35 27 19 70 28 71 6 32 65 67 3 7
30 67 66 48 16 57 37 73 69 21 65 70 44 53 27 32 4 28 24 60 40 9 49 31 18 39 64 14 17 45 0 23 15 71 59 35 46 6 63 25 20 43 47 41 12 29 36 42 3 22 55 61 68 13 56 50 54 5 72 34 19 51 62 38 26 10 2 1 52 8 11 33 58 7
6 1
13 60 7 35 55 73 42 0 25 40 67 24 63 34 26 2 5 43 17 14 20 4 36 41 50 61 44 58 19 9 28 45 64 54 15 29 12 23 32 37 69 53 59 56 30 68 71 47 39 10 49 6 33 48 1 31 72 18 38 66 65 16 51 46 70 52 62 11 21 3 27 22 57 8
6 2
21 33 17 72 20 49 68 73 15 30 11 10 41 42 38 8 40 2 29 64 4 0 57 23 45 36 60 63 66 18 9 31 69 1 50 62 25 52 14 46 16 12 13 44 43 24 39 53 58 5 34 54 37 47 51 59 61 22 48 55 26 56 35 27 19 70 28 71 6 32 65 67 3 7
59 42 71 41 4 48 68 29 57 2 27 44 72 33 53 25 60 30 73 5 20 51 15 6 12 22 40 43 18 66 67 62 47 52 65 31 8 1 32 16 46 45 37 10 63 3 26 38 19 64 56 55 13 69 0 21 70 36 49 54 39 34 35 11 58 61 7 17 23 14 50 9 24 28
6 2
19 63 69 61 6 41 4 21 13 38 10 56 25 8 66 39 68 52 22 0 36 7 18 45 34 12 71 35 29 28 65 50 51 42 24 27 20 59 9 15 49 5 33 67 73 23 62 55 58 40 31 32 17 54 53 47 11 70 48 37 64 3 46 1 60 30 14 43 16 2 57 26 72 44
33 39 29 31 21 28 37 59 22 46 17 12 11 65 40 71 48 10 30 53 20 4 8 45 56 34 63 49 5 2 18 3 58 0 25 66 72 6 47 1 14 69 54 70 67 23 9 38 16 27 64 68 52 19 42 62 24 73 32 7 61 60 55 26 50 13 35 44 51 41 43 15 36 57
8 2
62 63 54 16 61 29 20 7 58 72 28 52 40 41 35 31 3 34 39 36 6 55 38 56 48 43 68 57 10 5 69 15 70 47 17 14 19 50 22 18 12 13 73 25 53 67 46 33 24 64 37 71 11 44 2 21 23 27 8 60 59 4 0 1 49 66 65 45 26 30 32 51 9 42
63 65 62 35 9 16 29 60 38 4 69 39 19 31 20 15 5 45 48 12 14 53 72 32 33 43 30 50 64 6 26 13 23 24 56 3 42 44 8 11 51 41 36 25 37 17 59 52 18 68 27 40 47 21 66 57 34 55 61 46 7 58 2 0 28 1 54 70 49 10 67 73 22 71
9 1
38 72 3 45 48 36 40 7 19 31 70 2 62 65 35 59 46 47 60 4 13 11 6 57 37 1 39 58 49 66 26 69 54 20 16 24 68 33 67 28 17 9 15 30 55 8 23 29 21 10 43 5 42 14 22 18 56 41 12 44 61 52 71 0 73 53 32 27 25 34 50 63 64 51
12 1
8 40 65 54 59 22 20 50 71 73 12 38 51 24 69 10 36 47 49 70 28 26 61 66 55 19 56 31 15 27 30 7 6 0 11 62 9 57 16 23 3 13 46 43 72 53 44 52 14 60 34 68 4 67 48 5 2 35 45 25 32 63 39 58 37 1 42 41 18 21 33 17 64 29
12 2
37 12 73 30 57 72 1 55 24 42 62 18 17 40 3 70 22 4 14 35 45 27 51 46 9 32 31 59 7 25 66 0 49 64 19 48 15 58 50 26 29 67 41 38 44 28 60 65 2 13 68 10 43 33 52 69 16 6 39 53 36 47 56 61 21 5 11 8 54 20 23 71 63 34
11 67 69 39 9 23 8 34 6 4 51 0 41 32 26 63 56 42 31 28 48 54 62 5 57 40 14 68 19 29 58 18 13 43 7 45 61 66 53 3 25 12 17 33 71 35 65 60 20 49 59 10 64 38 21 73 16 24 30 50 47 36 22 15 52 46 37 1 27 2 72 44 70 55
12 2
12 68 56 70 40 10 24 9 35 7 5 52 0 42 33 27 64 57 43 32 29 49 55 63 6 58 41 15 69 20 30 59 19 14 44 8 46 62 67 54 4 26 13 18 34 72 36 66 61 21 50 60 11 65 39 22 2 17 25 31 51 48 37 23 16 53 47 38 1 28 3 73 45 71
60 37 14 33 48 58 29 31 12 47 73 23 8 17 2 24 50 13 66 68 39 49 64 11 15 35 46 40 65 6 55 7 69 3 34 25 43 1 56 20 27 59 67 36 52 53 26 9 4 21 16 71 44 45 61 30 38 70 5 41 0 54 72 63 22 28 18 42 19 32 57 51 62 10
12 2
67 66 12 31 27 25 6 48 15 3 41 68 28 37 50 71 57 29 5 17 16 22 26 54 23 18 21 51 2 19 73 9 14 61 72 47 52 60 42 59 10 40 43 38 7 35 39 45 44 56 32 4 62 11 24 33 65 20 58 46 13 55 36 34 30 49 69 70 53 1 0 8 63 64
10 46 49 57 25 27 50 34 15 33 28 23 41 22 6 29 31 71 7 17 52 37 54 26 68 72 11 44 0 8 47 36 32 62 18 73 16 53 43 35 67 65 42 58 5 59 64 69 51 70 14 63 61 21 13 3 40 55 38 66 24 20 9 48 1 12 45 56 60 30 2 19 4 39
12 2
69 17 6 60 66 24 59 28 33 57 35 11 25 12 52 36 49 46 31 38 42 19 5 47 22 13 0 4 72 71 18 30 32 70 65 45 43 41 21 16 54 56 68 15 14 10 1 73 64 39 9 67 44 48 55 40 37 50 34 2 61 3 51 29 53 58 27 62 20 26 8 63 7 23
54 59 46 0 28 17 24 13 1 67 48 14 72 36 52 4 60 70 18 68 21 63 2 73 33 66 49 12 15 38 32 30 31 6 58 62 7 19 56 69 16 42 71 25 44 57 22 34 51 55 35 10 11 9 3 26 29 64 47 8 40 39 50 20 45 23 43 53 37 61 5 41 27 65
24 2
64 9 13 32 59 67 68 38 54 1 30 53 15 2 69 12 17 16 40 65 62 44 34 28 37 73 42 27 23 52 10 47 3 55 22 66 49 24 7 51 18 70 26 63 21 50 46 31 72 36 45 39 29 11 8 33 57 56 61 4 71 58 20 43 0 19 35 5 6 14 41 60 48 25
17 71 7 25 40 30 66 38 11 34 67 43 49 19 36 65 64 55 59 12 26 47 1 6 3 42 73 20 31 72 51 44 37 16 57 68 15 46 13 10 0 41 62 4 29 33 24 23 52 69 39 45 21 54 5 50 22 58 48 63 9 56 27 53 18 2 60 8 28 14 70 35 61 32
24 2
52 5 55 16 59 32 17 0 34 65 47 27 71 72 49 14 19 67 13 3 54 44 62 38 43 8 57 58 30 10 64 23 1 40 25 70 41 2 31 39 63 60 22 48 51 45 61 29 24 15 4 21 7 46 56 37 20 73 11 50 36 53 42 33 28 68 12 6 9 35 69 66 18 26
2 35 0 30 64 60 6 34 46 57 39 68 59 17 58 73 37 13 38 71 24 72 36 51 20 50 41 70 52 63 3 31 49 45 7 1 22 16 18 10 47 26 65 48 67 33 8 40 43 32 25 23 28 55 56 53 54 9 14 12 5 66 69 29 4 42 61 44 11 62 27 19 21 15
24 2
59 56 16 36 15 21 53 40 57 66 32 33 25 64 20 4 2 24 31 26 14 5 38 29 17 12 19 41 39 23 51 18 10 11 49 58 3 62 22 28 7 27 70 52 48 73 54 47 44 34 55 30 43 6 46 50 1 8 35 0 65 69 37 72 13 60 9 71 68 61 42 67 63 45
54 59 46 0 28 17 24 13 1 67 48 14 72 36 52 4 60 70 18 68 21 63 2 73 33 66 49 12 15 38 32 30 31 6 58 62 7 19 56 69 16 42 71 25 44 57 22 34 51 55 35 10 11 9 3 26 29 64 47 8 40 39 50 20 45 23 43 53 37 61 5 41 27 65
37 1
44 50 30 53 73 35 12 43 18 72 71 66 37 61 24 46 55 62 52 54 26 47 68 40 42 32 39 48 70 33 57 28 23 22 4 51 10 59 21 41 64 31 15 19 56 67 45 2 60 16 13 29 14 69 0 36 5 11 17 58 1 25 8 65 9 6 34 20 49 27 38 3 7 63
73 1
52 9 39 61 53 65 59 47 33 15 48 3 71 30 55 21 38 41 32 4 10 0 35 70 45 60 11 19 37 56 34 18 7 66 36 64 69 25 67 54 43 27 5 24 42 50 73 16 63 26 1 51 57 29 20 23 40 6 31 62 58 13 46 28 14 2 68 8 72 22 12 44 17 49
146 2
47 18 34 40 52 66 12 51 24 28 69 44 6 61 58 67 23 17 1 64 29 54 39 16 8 62 43 65 9 20 33 63 35 30 2 32 45 56 72 22 3 57 49 26 11 36 73 0 48 42 70 7 4 59 21 68 37 41 14 53 71 13 25 31 19 27 5 15 55 10 50 60 38 46
61 33 35 20 21 12 66 69 62 29 51 57 19 47 3 37 43 65 32 25 28 10 73 2 59 24 23 17 53 40 18 7 34 45 16 1 30 72 56 13 58 44 27 68 42 14 39 31 48 11 46 63 55 8 52 26 67 50 36 9 38 22 64 0 6 49 60 15 4 54 41 5 71 70
219 2
42 16 33 57 30 0 10 20 50 37 27 15 61 45 53 66 51 23 34 26 40 62 22 63 49 58 60 6 29 52 70 72 9 67 36 68 18 32 24 35 7 64 5 13 69 43 31 21 8 38 48 1 28 73 25 44 12 59 54 3 19 56 47 17 65 41 11 2 39 55 4 71 46 14
70 57 19 65 13 1 25 47 64 43 72 67 60 55 12 63 8 30 0 42 62 36 22 9 35 37 17 28 68 3 26 39 66 56 40 41 44 6 50 54 51 24 2 23 21 58 10 48 7 45 69 34 32 53 31 4 73 5 49 11 14 15 71 61 16 29 52 59 27 38 18 20 46 33
292 2
1 52 15 53 10 26 21 30 67 56 33 11 55 23 35 6 54 27 42 34 9 2 59 39 44 38 57 71 5 29 36 20 46 69 25 12 43 70 19 41 51 13 3 7 62 32 65 66 40 48 68 49 60 18 50 14 31 28 24 37 0 72 58 61 63 45 8 47 16 4 22 73 64 17
11 67 69 39 9 23 8 34 6 4 51 0 41 32 26 63 56 42 31 28 48 54 62 5 57 40 14 68 19 29 58 18 13 43 7 45 61 66 53 3 25 12 17 33 71 35 65 60 20 49 59 10 64 38 21 73 16 24 30 50 47 36 22 15 52 46 37 1 27 2 72 44 70 55
438 2
64 9 13 32 59 67 68 38 54 1 30 53 15 2 69 12 17 16 40 65 62 44 34 28 37 73 42 27 23 52 10 47 3 55 22 66 49 24 7 51 18 70 26 63 21 50 46 31 72 36 45 39 29 11 8 33 57 56 61 4 71 58 20 43 0 19 35 5 6 14 41 60 48 25
60 72 46 56 39 59 16 35 40 54 69 50 49 8 9 5 47 7 41 68 31 43 0 24 62 12 3 27 30 33 57 48 70 36 1 17 29 64 19 53 13 55 51 52 11 10 63 6 20 25 44 73 21 4 14 18 26 28 61 15 22 65 23 2 66 58 37 67 38 45 71 32 34 42
876 2
59 10 17 9 49 42 6 1 65 47 56 25 19 29 5 28 15 62 68 57 37 33 14 71 61 18 16 35 72 46 24 39 30 45 23 69 34 53 51 8 70 55 36 32 12 73 7 54 41 64 40 50 44 13 22 4 0 63 27 20 60 52 11 67 66 21 38 43 26 31 48 3 2 58
2 35 0 30 64 60 6 34 46 57 39 68 59 17 58 73 37 13 38 71 24 72 36 51 20 50 41 70 52 63 3 31 49 45 7 1 22 16 18 10 47 26 65 48 67 33 8 40 43 32 25 23 28 55 56 53 54 9 14 12 5 66 69 29 4 42 61 44 11 62 27 19 21 15
