29120 65
35 40 70 80 91 104 140 160
2
27 1 49 42 8 35 50 32 38 43 41 23 5 29 18 7 58 22 60 37 25 61 33 54 19 44 31 9 11 47 17 40 36 30 45 62 15 48 51 55 64 2 52 0 57 39 13 46 24 10 59 4 63 14 28 34 6 20 21 56 53 16 12 3 26
1 0 9 41 17 49 25 57 33 2 10 27 44 43 22 30 20 4 38 37 16 24 14 60 21 6 59 11 64 54 15 32 31 8 51 48 58 19 18 53 61 3 52 13 12 47 55 45 35 5 62 34 42 39 29 46 63 7 36 26 23 40 50 56 28
19
2 1
47 30 16 43 38 36 32 7 12 59 11 10 8 49 48 55 2 54 45 34 61 26 62 31 56 27 21 25 46 51 1 23 6 58 19 37 5 35 4 63 44 53 57 3 40 18 28 0 14 13 64 29 60 41 17 15 24 42 33 9 52 20 22 39 50
4 2
35 39 29 61 48 16 14 27 47 41 21 12 11 17 6 38 5 13 59 56 20 10 60 50 37 43 34 7 45 2 57 49 63 62 26 0 53 24 15 1 44 9 55 25 40 28 51 8 4 31 23 46 54 36 52 42 19 30 64 18 22 3 33 32 58
30 53 59 54 58 42 13 47 27 10 9 50 23 6 17 32 55 14 29 33 20 41 34 12 45 49 60 8 37 18 0 43 15 19 22 57 39 28 63 36 51 21 5 31 46 24 44 7 64 25 11 40 61 1 3 16 62 35 4 2 26 52 56 38 48
4 1
36 50 14 27 3 30 5 52 37 20 49 47 18 51 35 41 26 2 7 44 62 39 48 58 54 55 59 40 15 19 60 16 53 38 29 17 23 63 25 61 4 45 42 9 34 28 64 13 32 46 24 11 12 22 1 33 8 21 0 31 6 57 43 56 10
5 1
13 60 26 9 25 23 53 52 18 31 47 49 37 46 32 33 14 1 28 29 57 59 43 16 8 40 39 55 64 11 50 58 5 0 44 63 30 17 3 56 34 22 21 27 4 7 15 36 35 51 10 19 6 45 2 41 54 42 38 20 12 62 48 61 24
7 1
30 10 32 55 9 50 23 6 17 57 51 36 28 19 63 22 39 26 52 4 48 56 35 38 2 41 20 34 33 29 12 14 45 3 11 1 16 61 40 62 25 7 21 31 44 64 24 46 5 15 8 49 37 43 60 0 18 59 13 58 53 42 27 54 47
8 3
49 30 3 2 12 46 51 42 9 8 61 22 4 56 14 57 20 18 17 32 16 34 11 53 29 43 47 40 54 24 1 39 19 60 21 52 59 41 45 31 27 37 7 25 62 38 5 26 55 0 58 6 35 23 28 48 13 15 50 36 33 10 44 64 63
24 47 34 21 53 48 52 36 63 64 62 39 23 25 14 33 28 41 37 58 54 3 31 12 0 13 30 45 16 49 26 22 50 15 2 51 7 18 40 11 38 17 59 56 61 27 55 1 5 29 32 35 6 4 20 46 43 60 19 42 57 44 10 8 9
36 8 22 11 46 12 33 24 1 30 37 3 5 27 14 52 50 44 62 54 58 39 2 48 7 45 64 13 32 42 9 34 28 6 31 57 0 10 43 21 56 61 29 38 17 25 4 63 23 59 16 60 15 55 19 53 40 35 20 49 51 41 18 47 26
8 2
11 34 35 46 30 50 28 15 47 63 41 20 16 44 24 39 59 58 12 27 61 32 4 45 2 9 21 42 1 7 53 43 55 23 6 14 40 37 19 29 8 54 38 60 3 57 13 36 49 51 17 64 25 22 56 26 10 33 5 18 62 0 31 52 48
25 45 51 7 36 31 33 3 53 11 32 9 38 39 48 46 19 60 42 16 63 56 47 28 49 0 54 59 23 44 40 5 10 6 57 64 4 37 12 13 30 55 18 50 29 1 15 22 14 24 43 2 61 8 26 41 21 34 62 27 17 52 58 20 35
8 2
10 12 51 32 34 35 48 31 44 55 0 64 1 37 19 28 46 36 47 14 45 60 23 22 58 41 30 57 15 59 26 7 3 42 4 5 17 13 43 49 52 25 33 38 8 20 16 18 6 39 61 2 40 56 63 9 53 27 24 29 21 50 62 54 11
48 42 52 29 55 37 32 60 58 64 6 46 33 2 17 61 34 31 8 36 41 14 28 15 38 39 12 30 50 0 1 21 59 57 9 13 7 51 47 56 5 49 27 18 24 25 4 44 3 53 54 40 35 20 22 11 45 26 43 10 19 63 62 23 16
8 2
27 10 28 34 6 59 4 63 14 50 1 49 35 32 8 42 38 54 60 22 37 33 19 61 25 24 39 0 2 57 46 52 13 21 3 12 53 20 16 26 56 62 15 64 55 48 30 51 45 11 9 47 31 36 17 44 40 29 58 5 18 23 41 7 43
13 0 30 17 3 56 34 44 63 15 27 35 22 21 7 36 4 16 59 57 28 1 29 43 8 14 47 32 46 49 31 37 33 10 54 19 41 2 6 51 45 9 53 26 25 18 52 23 60 12 42 61 20 62 38 24 48 11 58 40 5 64 50 55 39
10 2
35 34 7 49 57 45 43 2 63 61 29 48 47 27 16 39 14 42 54 23 31 46 52 19 36 60 37 13 59 10 50 20 56 53 1 0 24 26 44 15 62 41 17 6 38 5 21 12 11 3 30 58 22 33 18 64 32 4 51 28 25 9 40 8 55
11 7 42 21 43 9 55 1 53 5 33 0 48 18 52 31 62 36 13 49 57 3 38 54 60 34 35 46 30 50 28 15 47 10 25 26 17 56 22 64 51 61 2 4 58 45 27 32 12 19 29 40 14 8 23 6 37 20 44 63 24 41 16 59 39
13 1
10 7 57 26 3 59 15 30 41 36 58 47 14 45 60 23 22 5 49 13 42 43 4 17 52 19 37 28 1 64 46 55 0 11 27 21 54 24 62 50 29 20 16 38 33 18 25 6 8 34 51 44 48 12 31 32 35 61 40 39 56 53 2 9 63
14 2
7 15 39 47 63 31 23 0 55 37 29 30 51 54 17 1 35 14 21 32 26 18 45 6 48 34 20 36 61 10 11 5 19 64 25 16 27 9 59 2 50 56 60 43 52 22 62 3 24 53 40 12 44 49 13 8 41 58 57 38 42 28 46 4 33
22 61 18 13 11 63 6 43 47 40 12 4 10 3 38 19 50 28 2 15 56 59 0 45 33 44 60 35 17 49 46 55 39 24 41 27 51 53 14 32 9 34 48 7 25 23 30 8 42 29 16 36 64 37 62 31 20 58 57 21 26 1 54 5 52
16 3
61 64 3 23 31 10 13 8 27 26 50 14 11 53 38 59 33 16 17 43 51 9 20 45 60 28 58 34 29 40 24 44 22 18 7 0 46 56 12 35 25 15 47 1 57 2 42 36 37 5 49 32 41 63 48 30 54 4 21 52 55 39 62 6 19
3 27 35 0 11 51 59 19 43 16 32 4 57 52 31 63 9 21 58 7 49 17 50 61 47 56 33 1 54 48 42 14 10 26 64 2 60 40 44 45 37 53 30 8 38 39 55 24 29 20 22 5 13 41 28 46 25 12 18 6 36 23 62 15 34
10 12 51 32 34 35 48 31 44 55 0 64 1 37 19 28 46 36 47 14 45 60 23 22 58 41 30 57 15 59 26 7 3 42 4 5 17 13 43 49 52 25 33 38 8 20 16 18 6 39 61 2 40 56 63 9 53 27 24 29 21 50 62 54 11
20 2
36 27 50 5 14 3 37 52 30 17 38 25 29 23 4 61 63 9 45 64 42 34 32 13 28 11 46 1 24 12 8 33 22 31 21 43 0 6 10 56 57 47 20 35 49 18 26 41 51 44 2 48 7 62 54 58 39 40 55 60 59 15 53 16 19
18 24 35 5 34 54 8 14 13 15 32 19 56 27 47 10 52 7 30 50 20 63 4 62 53 51 64 6 39 0 29 44 9 11 58 59 28 36 21 37 25 38 3 46 43 1 31 17 26 40 33 49 55 45 42 61 23 2 22 57 48 16 12 41 60
26 2
43 24 58 30 17 14 57 48 11 32 31 8 22 45 5 19 55 4 51 15 41 56 12 63 1 29 47 37 34 25 3 10 9 46 28 49 36 27 61 62 53 20 64 0 54 13 33 26 7 35 52 18 50 40 44 16 21 6 2 60 59 38 39 23 42
37 27 38 12 46 59 29 15 44 19 42 18 3 16 39 7 13 61 11 9 35 52 49 64 24 33 45 1 62 6 50 58 43 25 63 20 48 0 2 14 51 54 10 32 8 26 4 53 36 22 30 40 21 47 41 56 55 60 31 5 57 17 28 34 23
32 2
32 34 7 3 27 55 54 40 46 19 6 63 42 53 12 33 0 2 14 57 38 64 29 10 5 30 21 52 8 20 13 11 51 62 48 4 1 47 22 28 17 24 18 31 50 61 39 60 36 37 45 16 35 25 23 41 15 59 26 9 49 44 56 43 58
58 38 16 3 45 34 5 59 48 26 39 61 20 23 30 46 37 19 22 49 15 11 62 41 42 6 4 17 18 54 56 40 60 24 25 7 13 63 10 1 32 36 53 50 57 9 12 35 29 27 0 21 44 33 8 14 55 64 43 47 31 51 28 2 52
52 2
37 27 38 12 46 59 29 15 44 19 42 18 3 16 39 7 13 61 11 9 35 52 49 64 24 33 45 1 62 6 50 58 43 25 63 20 48 0 2 14 51 54 10 32 8 26 4 53 36 22 30 40 21 47 41 56 55 60 31 5 57 17 28 34 23
9 48 16 33 30 53 44 37 28 7 26 4 17 34 12 24 39 51 38 36 10 59 62 52 1 13 29 19 55 20 63 49 27 47 54 2 32 0 21 35 60 57 40 43 23 46 22 64 15 5 42 14 6 31 25 61 58 56 41 18 50 8 45 11 3
56 2
40 9 0 45 58 30 19 7 52 15 35 29 56 3 5 49 31 64 36 51 54 61 21 12 14 23 34 47 4 16 2 13 20 46 37 50 17 25 42 53 24 43 33 32 60 11 28 41 10 22 39 59 18 62 27 8 26 57 38 63 6 1 48 44 55
29 32 9 61 15 33 62 8 7 2 49 28 39 50 41 4 37 64 55 34 26 23 59 21 35 38 20 58 11 0 56 47 1 5 19 24 52 16 25 12 51 14 63 44 43 60 53 31 54 10 13 40 36 46 48 18 30 57 27 22 45 3 6 42 17
64 3
54 41 4 47 25 14 11 52 7 46 24 26 59 28 60 48 51 33 2 31 40 50 57 8 30 18 63 45 0 16 36 27 1 15 55 61 10 58 38 43 35 53 64 62 5 19 3 9 17 39 22 56 23 32 13 12 29 21 42 34 44 20 49 6 37
5 9 44 2 52 55 15 34 41 25 48 43 35 60 1 64 36 58 8 56 28 10 30 12 62 14 17 16 7 63 33 22 40 31 20 54 39 51 38 27 4 61 29 37 53 21 13 0 45 42 26 11 32 3 23 47 24 6 50 46 59 18 19 49 57
39 48 22 10 15 24 5 37 6 30 35 9 43 62 31 13 41 0 17 61 11 28 54 42 8 21 60 40 29 25 20 7 57 12 49 63 52 14 38 18 58 50 44 53 45 23 27 19 34 1 55 2 26 33 51 16 32 59 46 56 36 64 4 3 47
