194472 74
111 333
2
0 1 72 73 2 3 4 5 6 7 8 9 10 11 12 13 14 15 16 17 18 19 20 21 22 23 24 25 26 27 28 29 30 31 32 33 34 35 36 37 38 39 40 41 42 43 44 45 46 47 48 49 50 51 52 53 54 55 56 57 58 59 60 61 62 63 64 65 66 67 68 69 70 71
1 38 30 24 43 57 63 15 22 6 32 55 11 70 29 56 5 27 37 71 61 65 48 18 51 52 26 34 54 35 46 4 36 72 17 14 10 23 0 58 44 47 49 31 66 33 2 62 8 59 50 3 73 39 68 12 7 16 53 42 19 69 41 9 21 64 40 13 28 20 67 60 45 25
3
3 1
59 56 2 24 31 26 14 5 38 29 17 12 19 41 39 23 51 18 10 11 49 58 3 62 22 28 7 27 70 52 48 73 54 47 44 34 55 30 43 6 46 50 1 8 35 0 65 69 37 72 13 60 9 71 68 61 42 67 63 45 16 36 15 21 53 40 57 66 32 33 25 64 20 4
9 1
32 69 17 73 61 37 48 8 65 27 22 45 49 43 14 31 38 44 5 24 57 63 70 15 58 52 56 7 2 36 21 53 64 40 28 12 4 1 54 10 13 35 60 9 68 50 18 59 39 3 71 23 67 72 46 55 29 34 6 30 26 62 42 11 51 33 20 41 66 16 19 47 0 25
37 1
68 63 13 61 45 9 23 57 4 1 22 33 26 37 0 55 2 36 50 14 70 46 62 52 32 54 29 59 48 49 17 56 73 38 35 12 18 20 19 44 64 60 43 31 66 53 34 8 51 25 6 65 28 16 71 67 15 40 39 41 47 24 21 58 3 42 10 11 72 30 5 27 7 69
