175560 266
35 70 76 77 88 95 105 133 140 152 154 190 209 210 228 231 264 280 285 308 380 385 399 418
2
16 66 134 82 114 7 209 5 113 213 148 58 52 118 178 138 0 168 49 231 108 127 201 81 55 133 195 233 132 101 255 203 122 147 247 163 184 136 176 164 229 112 42 92 126 197 179 196 238 18 111 264 12 87 65 24 262 61 11 88 237 57 257 96 218 54 1 185 119 123 241 210 245 174 91 191 152 214 161 182 243 23 3 84 83 131 263 53 59 151 102 74 43 219 200 107 63 170 227 177 186 29 90 252 140 146 173 95 20 246 183 50 41 8 4 145 153 157 13 68 225 156 32 69 160 211 44 21 154 158 248 85 28 25 2 234 37 217 15 204 104 175 226 143 188 115 105 33 10 149 150 89 76 116 128 180 121 117 129 235 124 78 171 35 39 216 250 167 17 189 97 162 236 106 73 141 38 99 14 46 155 261 79 110 36 67 100 208 144 169 242 75 258 239 223 26 47 45 228 207 94 22 254 31 139 205 206 199 187 6 71 125 224 9 77 251 165 137 64 93 256 221 253 194 212 120 142 98 198 40 259 19 244 27 135 159 172 60 48 193 240 70 190 80 232 72 109 34 130 260 166 215 103 222 202 30 220 62 192 230 249 181 56 86 51
153 77 138 264 200 186 98 245 95 74 140 173 163 241 139 10 36 58 64 161 20 222 116 61 151 14 71 53 39 237 86 141 201 192 170 9 117 56 69 125 122 144 63 194 22 55 50 65 49 206 183 99 157 195 40 247 253 12 169 210 112 255 97 133 188 78 135 226 191 142 174 127 121 136 35 262 107 248 47 263 66 177 51 102 261 215 250 59 242 89 240 234 70 205 143 179 79 217 123 82 76 93 166 21 158 31 187 100 155 41 134 244 131 246 197 238 44 16 3 90 52 159 54 6 75 28 126 26 128 229 160 60 145 42 252 80 147 68 164 25 15 105 38 172 109 175 203 73 221 111 235 231 224 189 216 198 104 120 156 72 199 171 81 57 2 85 83 146 209 17 182 19 94 214 92 132 115 162 181 8 148 202 34 46 208 256 236 196 18 0 13 137 204 114 230 27 106 193 108 130 257 260 178 167 33 101 48 220 223 218 87 150 67 91 11 165 225 62 168 113 258 180 103 184 232 154 212 228 265 259 43 24 152 185 213 211 5 254 176 7 119 190 243 88 149 239 219 45 1 249 30 84 110 37 29 23 233 4 207 129 32 251 124 96 118 227
38
2 1
229 12 73 3 62 39 60 190 203 91 237 30 1 176 108 245 119 209 161 67 40 249 243 151 263 231 45 98 88 111 11 183 145 49 228 102 110 180 112 5 20 199 66 212 251 26 158 152 51 33 116 48 153 53 80 265 171 214 58 64 6 120 4 126 59 205 42 19 122 178 99 93 131 2 182 81 127 89 114 181 54 75 222 210 248 188 195 149 28 77 169 9 172 71 217 106 232 143 27 70 244 253 35 196 104 223 95 144 14 150 36 29 38 255 78 138 50 135 258 16 61 121 68 256 239 148 63 76 215 175 207 72 164 259 156 117 137 136 115 242 141 140 162 97 107 32 159 191 125 87 109 23 47 52 160 219 134 192 46 146 154 18 142 240 132 225 166 202 233 90 184 56 92 220 197 129 13 198 69 226 37 79 74 31 170 189 264 246 85 185 7 147 157 260 257 86 103 174 177 41 234 236 167 8 206 65 204 130 208 17 83 261 43 247 57 128 235 94 218 155 173 262 82 105 250 165 179 241 34 0 230 25 96 168 200 216 201 10 252 124 163 227 139 22 100 15 187 213 84 21 224 44 238 101 254 113 123 194 118 133 193 211 221 24 186 55
3 1
215 155 56 254 96 217 200 7 185 84 170 133 219 256 60 18 93 76 255 45 67 27 187 78 182 139 20 44 36 144 259 17 201 55 136 23 112 241 88 94 19 1 231 258 21 40 97 105 148 265 226 125 39 230 83 216 238 186 3 169 234 24 232 146 90 10 25 26 221 92 239 81 72 171 120 16 31 180 35 30 210 119 46 196 198 57 22 134 110 37 147 248 211 75 52 87 138 82 251 124 50 132 151 80 53 193 149 250 6 99 38 107 28 245 102 62 179 43 135 71 263 218 262 194 109 213 159 183 197 8 122 131 240 181 95 212 173 220 4 66 233 168 206 222 224 236 157 64 247 156 70 114 223 5 141 41 106 63 143 192 140 113 204 253 163 142 121 145 154 191 65 252 261 34 0 203 123 91 172 244 227 11 61 209 205 129 85 86 214 175 190 59 126 47 176 243 54 229 9 12 108 202 32 189 225 237 165 68 208 127 103 69 118 51 264 174 33 153 166 199 228 207 158 260 29 162 100 77 137 128 104 242 115 160 14 49 167 184 2 150 101 89 42 246 116 161 195 48 177 98 111 249 73 164 58 15 257 13 117 79 152 178 130 74 188 235
4 2
75 209 87 36 4 181 61 46 120 252 85 167 135 96 212 139 141 42 174 200 235 261 32 229 146 97 91 66 150 154 219 148 22 63 114 138 3 44 254 155 149 250 17 192 37 176 7 217 175 185 236 151 257 228 98 184 156 80 182 210 218 6 78 33 265 122 27 244 81 69 128 116 202 190 84 0 248 201 62 142 57 68 193 188 74 10 194 2 186 101 166 26 108 111 240 206 13 25 54 118 100 89 163 134 245 246 153 130 92 113 164 93 199 109 34 161 71 214 99 125 8 234 65 140 171 119 222 127 70 205 107 162 136 232 103 12 132 137 35 15 123 16 79 195 169 145 24 216 31 40 28 51 197 106 29 39 56 225 191 260 253 115 131 102 110 249 90 11 243 144 221 124 211 230 18 48 45 183 242 238 220 5 58 177 55 49 88 247 83 263 73 158 43 82 86 143 223 152 227 112 19 77 72 203 231 129 95 207 233 1 59 172 14 239 117 255 147 47 60 30 180 170 126 196 224 157 259 198 53 23 173 204 133 208 121 20 50 262 179 213 94 256 178 168 67 104 105 187 76 165 41 251 9 160 38 215 241 52 264 226 159 21 237 189 258 64
0 18 21 215 207 45 149 37 170 60 49 34 187 20 16 22 14 19 1 17 13 2 15 179 241 173 66 91 52 194 121 148 139 250 11 125 255 7 55 155 61 63 200 71 46 5 44 193 214 10 118 208 28 53 172 38 106 57 58 253 9 40 201 41 265 107 26 110 70 69 68 43 158 258 143 75 95 78 77 262 80 128 217 204 195 185 154 261 126 223 108 27 166 159 180 76 235 230 211 236 251 196 263 112 239 147 56 65 90 152 67 260 103 197 167 133 192 175 50 138 221 30 130 140 178 35 88 145 81 243 122 132 131 115 199 247 162 224 119 32 123 212 237 74 226 127 256 105 31 6 257 233 109 156 86 39 153 249 72 93 210 232 136 189 244 225 92 114 205 259 8 242 54 25 209 117 181 198 124 23 94 176 182 227 254 85 222 12 231 163 264 202 116 47 29 84 101 113 177 134 42 62 191 203 83 168 248 4 51 174 160 98 141 245 48 3 246 82 252 234 240 120 186 89 137 165 144 183 228 238 97 188 161 151 219 96 99 142 229 104 220 24 171 129 164 213 216 135 206 157 33 100 218 59 184 36 146 150 73 169 111 87 79 102 190 64
5 1
5 113 66 42 122 191 29 213 82 164 131 101 8 179 67 158 89 180 170 3 4 90 112 197 203 65 28 84 227 128 218 13 134 100 259 110 253 37 255 39 111 238 184 176 85 183 226 247 231 186 262 132 211 250 87 14 152 59 187 123 2 205 19 233 235 254 53 159 206 219 216 0 12 221 156 55 174 46 72 129 178 202 78 173 150 243 209 121 9 224 175 222 20 69 48 119 143 208 7 257 57 105 76 239 252 142 17 190 157 24 168 98 181 6 92 81 228 16 52 234 161 50 114 33 47 251 126 27 1 146 133 171 225 104 10 194 148 151 236 21 41 193 214 26 189 83 68 147 196 200 198 118 36 34 107 188 264 162 94 75 22 30 144 166 116 199 240 18 195 169 63 32 35 212 61 207 153 260 140 204 73 256 109 154 62 177 74 136 229 108 45 261 163 124 265 172 58 93 127 215 95 120 138 223 246 102 79 139 185 165 91 137 220 40 11 86 258 217 201 23 145 106 103 182 232 248 38 96 88 64 263 15 117 167 149 155 115 51 80 210 241 192 130 230 245 25 31 141 237 56 60 135 242 249 244 77 160 70 99 43 97 71 54 44 49 125
6 2
76 143 159 29 149 62 55 137 54 120 155 173 131 99 215 213 263 119 231 246 41 140 38 217 3 238 27 190 101 24 242 148 152 10 81 128 1 221 207 261 21 98 233 176 44 65 232 11 188 144 93 171 154 53 58 206 240 95 8 210 224 50 256 64 129 199 73 228 175 127 52 84 241 253 178 251 260 114 105 122 170 229 195 201 179 218 247 49 186 78 56 59 254 61 226 111 220 132 20 265 259 135 72 234 96 89 113 146 235 115 69 57 79 239 202 227 82 86 123 187 156 163 112 177 18 25 42 110 193 63 141 216 138 139 83 28 222 153 97 185 40 219 88 36 87 67 204 191 164 245 121 136 252 7 70 33 9 212 14 198 258 46 200 150 31 147 92 223 37 75 172 257 80 47 208 196 192 118 214 71 39 23 100 85 184 133 142 17 255 174 26 165 43 35 16 116 68 108 2 45 237 134 77 203 107 60 6 22 189 30 91 243 262 248 74 158 12 181 183 130 104 168 151 225 205 167 250 109 145 34 19 124 161 126 249 197 211 162 125 106 90 102 209 236 244 4 230 117 15 103 94 169 32 66 166 48 5 51 264 182 0 180 157 194 160 13
0 19 20 128 60 71 39 129 54 123 37 189 171 15 18 13 17 16 14 1 2 22 21 200 193 132 91 210 88 35 72 67 152 221 214 29 246 10 40 6 38 198 201 68 44 70 57 174 163 243 250 131 199 53 8 180 133 46 58 190 4 94 179 153 137 154 160 31 43 69 45 5 30 264 229 104 260 191 225 247 254 178 249 233 256 100 122 236 28 167 139 26 170 226 61 161 169 238 159 248 85 142 242 116 75 223 113 130 109 108 127 232 117 106 147 197 103 112 120 194 118 188 86 9 215 138 134 110 3 7 107 51 25 56 126 186 157 64 125 90 207 204 101 230 211 148 219 114 145 205 255 212 32 63 65 168 177 136 231 98 66 95 217 48 228 202 172 89 155 96 92 12 166 208 47 192 196 156 81 62 55 237 218 259 184 240 135 263 121 11 59 77 175 24 119 234 176 115 41 52 23 42 165 203 141 149 261 140 173 241 27 144 151 265 34 124 257 162 182 146 251 33 262 105 245 78 93 235 164 74 143 158 111 83 195 227 87 181 97 239 185 209 102 49 244 224 36 79 99 82 50 220 252 258 80 150 84 216 253 183 76 206 222 187 73 213
6 2
76 143 159 29 149 62 55 137 54 120 155 173 131 99 215 213 263 119 231 246 41 140 38 217 3 238 27 190 101 24 242 148 152 10 81 128 1 221 207 261 21 98 233 176 44 65 232 11 188 144 93 171 154 53 58 206 240 95 8 210 224 50 256 64 129 199 73 228 175 127 52 84 241 253 178 251 260 114 105 122 170 229 195 201 179 218 247 49 186 78 56 59 254 61 226 111 220 132 20 265 259 135 72 234 96 89 113 146 235 115 69 57 79 239 202 227 82 86 123 187 156 163 112 177 18 25 42 110 193 63 141 216 138 139 83 28 222 153 97 185 40 219 88 36 87 67 204 191 164 245 121 136 252 7 70 33 9 212 14 198 258 46 200 150 31 147 92 223 37 75 172 257 80 47 208 196 192 118 214 71 39 23 100 85 184 133 142 17 255 174 26 165 43 35 16 116 68 108 2 45 237 134 77 203 107 60 6 22 189 30 91 243 262 248 74 158 12 181 183 130 104 168 151 225 205 167 250 109 145 34 19 124 161 126 249 197 211 162 125 106 90 102 209 236 244 4 230 117 15 103 94 169 32 66 166 48 5 51 264 182 0 180 157 194 160 13
106 126 115 17 224 158 221 169 252 120 261 234 81 265 256 15 35 3 71 201 235 85 182 147 119 107 253 73 196 187 136 148 58 180 131 16 42 55 259 155 218 108 36 88 184 79 144 249 89 232 80 178 117 244 152 37 56 236 32 264 149 170 215 220 96 112 190 228 135 127 86 18 262 27 171 153 239 200 255 45 50 12 189 246 124 21 70 161 43 48 240 160 250 172 166 243 64 130 197 99 207 175 157 173 129 188 0 25 41 159 110 211 65 260 162 2 174 52 118 24 9 167 199 177 84 146 1 69 194 104 97 34 219 185 230 68 30 251 141 139 183 138 176 233 46 145 125 23 31 60 223 242 54 75 247 39 156 102 5 109 91 87 114 225 164 217 94 121 206 7 61 74 93 103 116 101 142 123 51 231 33 191 22 140 44 133 192 29 105 82 66 181 186 263 128 208 28 98 227 122 77 19 237 203 238 245 168 100 195 222 258 111 241 248 257 62 229 165 40 132 63 6 209 150 4 163 254 198 67 216 134 179 49 143 11 20 57 202 204 76 90 212 151 95 53 205 83 154 213 47 92 137 8 26 226 78 14 214 210 38 113 10 72 193 59 13
6 1
147 66 146 132 195 137 122 255 241 57 191 220 222 129 53 2 68 217 79 60 250 206 126 203 80 38 114 209 81 233 82 5 16 101 184 12 162 166 213 226 92 111 65 118 181 160 39 238 24 42 105 3 262 125 18 163 196 256 211 251 182 242 165 130 74 148 133 232 22 151 52 112 71 107 113 108 177 161 23 64 141 28 218 94 120 207 87 85 170 63 202 110 73 47 86 13 32 174 153 243 159 21 156 249 258 50 11 117 178 227 25 31 72 54 248 59 115 127 145 225 37 173 138 0 89 26 96 40 20 215 7 261 240 140 123 91 75 139 172 41 58 229 149 175 48 223 185 56 252 253 157 247 214 224 104 244 168 95 143 194 254 131 204 19 235 264 8 212 27 102 33 197 198 221 4 35 263 51 192 98 136 154 228 216 259 176 246 6 167 199 190 69 180 46 100 90 134 142 187 78 237 121 97 219 119 77 88 83 36 169 236 1 45 135 106 150 61 43 70 189 231 109 158 17 29 208 186 201 55 144 49 152 183 179 171 116 103 257 93 205 76 84 67 245 210 9 193 260 14 155 62 164 230 234 188 124 99 34 265 200 10 239 30 15 128 44
7 1
87 4 216 5 218 113 171 181 27 89 148 81 66 120 151 254 75 33 161 146 194 167 214 108 205 155 225 124 92 111 93 2 34 114 135 127 179 9 95 3 74 199 1 236 43 65 36 188 157 209 172 24 224 223 83 207 60 243 250 211 132 176 12 142 215 263 42 213 31 97 202 11 241 183 63 30 102 91 49 190 196 119 191 208 198 152 47 50 147 84 100 180 116 259 217 90 232 244 203 140 143 68 238 54 85 53 112 94 235 137 158 255 197 29 221 41 149 228 141 7 206 242 253 192 117 237 182 200 59 220 265 177 17 71 261 239 150 160 139 121 258 70 10 178 15 233 170 222 257 229 189 101 195 18 136 166 46 256 134 67 44 52 126 252 6 45 219 99 32 106 13 262 88 175 38 118 184 248 174 128 227 133 20 122 159 109 193 186 104 201 16 28 51 260 125 86 103 69 72 138 130 212 249 168 61 26 247 234 210 164 80 156 251 204 57 226 14 144 62 231 21 56 0 22 58 123 110 131 145 82 187 96 25 8 76 73 185 162 240 98 55 37 115 105 169 107 230 19 77 173 153 154 35 23 245 39 165 40 129 79 264 64 78 48 246 163
8 3
45 26 103 105 189 248 217 130 13 9 244 109 70 8 23 215 197 207 94 223 108 110 72 14 182 93 1 174 128 196 151 203 131 36 117 84 33 191 225 53 65 193 167 144 181 0 202 101 187 200 104 258 241 39 229 79 107 227 246 74 116 98 165 63 172 40 195 123 234 185 12 253 22 233 59 136 177 77 226 55 235 178 146 163 35 122 141 164 91 255 125 88 188 25 18 262 96 139 61 152 121 47 211 2 50 3 256 56 20 11 21 140 239 118 169 145 60 34 113 135 176 100 85 67 190 90 261 183 28 249 7 32 154 219 252 119 75 209 251 97 111 86 161 150 43 115 82 184 232 205 143 30 99 237 132 166 186 247 260 243 242 142 162 83 87 62 155 42 199 114 204 171 64 220 27 263 120 76 81 254 250 44 24 127 147 69 156 48 92 4 124 37 264 41 231 66 29 16 228 168 49 245 46 31 170 149 206 17 238 137 222 102 259 213 214 15 257 6 236 133 173 221 210 19 230 38 78 57 198 54 224 194 148 73 68 80 218 153 208 112 265 52 160 159 10 201 58 157 5 129 180 138 134 71 179 89 106 216 51 212 158 126 95 175 192 240
178 257 148 161 209 229 236 210 43 9 80 126 180 144 205 68 16 207 115 102 195 160 111 149 151 133 216 174 262 198 182 193 101 164 150 258 87 259 186 226 89 203 166 8 136 81 124 131 152 168 227 84 52 78 248 71 64 104 59 58 184 92 165 171 56 255 108 67 15 247 250 55 140 112 246 181 264 213 53 253 10 45 237 175 51 122 208 36 230 40 243 224 61 219 145 128 221 173 188 187 256 32 19 232 57 142 121 172 66 261 242 22 73 245 154 18 147 143 201 179 260 106 85 123 46 159 11 138 95 204 222 47 169 25 231 254 44 189 127 220 72 238 105 117 13 94 153 116 2 23 34 24 48 146 114 167 225 185 176 125 21 3 162 263 33 62 42 155 49 132 249 63 107 97 27 83 158 192 0 119 12 75 30 251 60 157 38 99 98 137 202 212 177 31 252 20 228 197 29 200 199 118 190 41 129 14 214 17 86 4 7 223 191 77 206 234 26 218 217 93 139 96 130 211 91 156 39 50 196 5 88 134 103 239 215 244 6 82 141 233 240 241 110 90 235 113 74 69 54 170 70 183 194 79 135 65 100 1 35 37 120 109 28 163 76
108 41 4 224 2 115 76 7 114 162 99 92 250 169 239 65 16 85 229 237 45 32 116 112 124 225 193 174 58 79 202 216 21 35 117 33 84 243 93 172 215 1 247 154 141 20 151 242 235 138 83 87 67 64 94 196 78 263 28 262 72 126 62 171 53 15 178 52 255 166 180 228 60 149 95 208 6 221 56 29 187 195 102 50 36 17 181 51 142 234 259 161 11 38 54 74 213 129 261 10 120 160 82 189 163 230 158 226 0 188 131 147 23 252 8 5 22 34 134 179 100 176 207 241 24 212 61 168 246 97 130 110 144 156 118 254 238 232 49 249 184 44 88 150 132 248 211 111 209 73 143 46 244 223 43 185 133 167 106 191 101 91 9 104 258 165 69 157 127 13 220 63 39 204 27 227 121 217 66 119 70 86 190 199 140 155 219 80 109 103 182 159 218 26 245 81 55 197 253 183 251 231 30 257 173 233 206 122 75 148 210 146 125 96 214 40 31 177 192 186 170 77 222 153 3 25 107 175 71 18 105 201 137 205 89 48 264 19 136 14 265 123 47 37 152 194 128 42 145 139 12 200 113 198 135 68 260 203 164 90 256 98 59 57 236 240
10 2
96 134 107 157 82 183 16 114 219 254 49 15 89 217 136 11 6 56 211 252 102 75 109 264 24 132 167 145 113 58 263 176 55 33 235 246 210 130 144 169 178 261 133 155 166 234 162 245 112 10 97 91 111 151 258 32 17 127 29 177 140 227 126 69 110 103 93 197 68 63 214 196 115 73 92 21 232 104 148 221 205 215 4 251 142 249 90 105 120 12 86 51 74 66 99 122 0 50 236 94 223 265 20 65 77 87 228 2 184 22 64 52 48 28 7 72 116 165 128 137 88 123 95 121 164 125 62 57 118 247 37 199 25 42 1 203 14 119 191 170 60 241 84 156 38 27 243 172 78 187 231 53 192 204 209 43 143 3 182 238 185 248 46 244 124 117 44 26 179 39 139 213 147 181 207 200 31 59 40 168 239 173 158 5 108 160 190 149 259 226 186 138 152 230 262 229 71 67 198 131 175 201 233 135 153 80 237 174 212 154 36 18 208 171 70 81 256 13 253 8 220 79 240 100 250 225 189 61 106 195 193 150 76 202 45 34 98 206 159 180 222 141 255 146 163 47 35 129 161 85 224 83 19 218 9 242 216 260 54 188 257 41 194 30 23 101
71 55 139 61 153 77 134 143 101 85 114 75 209 106 160 167 128 62 117 231 92 31 60 193 97 199 178 165 95 155 220 21 121 184 222 163 111 48 240 158 176 242 228 100 261 257 190 256 37 219 83 175 202 89 213 1 109 263 93 200 22 3 17 183 181 226 98 245 196 259 146 0 164 243 133 11 129 5 120 81 91 79 137 50 104 9 90 116 154 53 86 80 20 58 210 28 96 24 66 212 43 8 217 182 84 195 13 136 161 56 149 36 141 201 10 130 87 18 123 249 78 32 122 118 241 239 172 127 16 76 115 144 235 74 6 177 107 82 171 2 147 112 188 7 131 150 70 140 151 110 145 148 185 4 88 29 265 191 39 238 14 108 162 35 72 27 234 15 246 224 192 138 126 232 207 51 40 135 26 264 237 64 103 63 33 152 225 247 142 250 46 157 170 23 218 105 68 262 215 25 59 113 52 205 254 203 206 174 233 12 94 252 99 54 214 198 253 102 194 49 30 221 34 236 169 186 65 258 42 229 244 19 173 208 166 132 223 180 159 125 38 124 41 73 230 67 168 187 248 119 189 251 211 216 204 260 47 45 227 69 255 44 197 57 179 156
10 2
33 1 182 23 56 125 0 32 227 104 21 112 165 206 105 44 134 237 158 119 166 87 137 28 103 173 26 27 29 30 3 31 6 7 146 42 45 224 106 115 15 75 52 201 41 217 220 35 47 55 9 222 48 148 49 4 54 13 261 73 226 111 70 250 159 136 264 69 89 164 12 124 25 91 71 40 235 178 116 200 177 77 117 154 101 211 257 185 233 208 248 190 133 22 37 92 20 230 205 152 170 187 122 147 118 151 168 189 96 60 244 64 212 50 43 183 11 150 113 82 251 5 179 10 88 142 246 145 14 156 36 130 163 120 114 223 193 46 176 260 98 68 204 34 169 53 135 186 228 61 19 196 236 207 214 108 184 247 97 149 210 90 175 83 110 171 155 84 58 252 161 62 140 202 174 194 219 221 157 17 63 215 129 198 2 123 249 241 262 79 253 18 195 181 231 51 128 245 232 256 229 16 209 203 121 243 8 254 216 72 258 153 78 218 132 65 141 131 99 188 93 76 242 143 139 126 259 57 127 107 191 263 39 74 86 80 213 102 255 109 265 167 192 172 67 144 199 81 100 24 240 95 197 59 85 234 225 238 66 239 94 38 138 162 160 180
75 174 261 255 207 176 40 44 221 218 185 114 247 235 141 32 212 200 209 42 96 87 139 238 256 230 27 26 257 86 234 31 15 41 167 119 215 46 184 39 6 33 19 116 7 181 37 82 117 85 99 233 150 228 211 254 153 80 182 160 252 149 77 250 64 130 91 164 128 69 81 192 191 264 195 0 206 62 201 237 57 70 47 231 143 49 29 21 222 196 92 66 90 260 220 248 20 173 172 50 251 223 189 199 213 216 156 122 166 197 244 159 134 152 11 232 43 48 236 35 170 219 107 123 242 138 186 145 68 168 65 136 162 161 112 187 131 224 125 22 140 14 262 84 259 127 241 246 148 61 52 208 113 56 194 155 106 165 202 111 59 133 132 263 67 157 108 34 129 226 120 178 98 97 1 214 5 227 171 229 240 45 58 198 38 10 126 135 204 102 258 72 71 217 154 74 89 109 183 103 17 78 158 203 188 243 76 4 151 18 253 54 16 104 175 36 105 193 9 121 94 8 88 101 137 249 169 177 53 179 25 83 115 51 30 13 118 79 23 245 180 146 124 205 110 239 147 12 95 225 63 100 60 210 55 3 24 28 190 144 93 2 142 163 73
10 1
140 76 196 41 176 202 159 231 185 7 54 32 108 102 70 98 22 206 81 172 189 139 89 99 165 260 127 143 215 119 38 246 213 263 240 62 112 211 74 224 171 71 84 82 123 141 158 95 8 65 30 228 232 136 44 175 52 64 60 156 169 67 115 170 40 10 180 93 148 14 47 252 243 2 241 113 31 131 259 106 28 184 94 135 203 262 26 134 237 137 200 216 120 207 77 21 227 245 85 1 201 251 154 204 138 97 79 205 92 104 35 229 117 258 164 150 122 118 56 124 33 43 188 208 91 50 147 198 247 221 199 25 230 18 214 11 217 37 0 197 195 29 155 233 46 116 58 126 66 234 3 16 151 20 90 163 226 72 83 174 36 114 142 48 254 80 235 96 223 250 130 255 178 15 128 183 87 12 209 149 53 152 110 45 191 59 132 129 105 248 239 86 186 190 145 63 146 103 236 109 13 173 167 24 69 61 73 75 101 5 107 249 218 88 157 242 55 187 121 179 177 68 193 27 160 49 162 238 220 4 78 192 39 168 6 100 133 144 19 23 194 153 261 111 9 34 222 257 125 181 17 225 182 256 264 161 253 219 210 244 212 42 265 51 57 166
11 1
130 69 146 138 213 238 119 65 241 153 156 220 173 139 13 30 249 169 202 26 166 193 211 154 127 38 0 35 86 107 194 29 125 122 177 203 16 117 87 151 33 27 104 161 32 21 225 75 64 265 132 59 137 60 245 239 224 25 136 72 79 183 172 80 74 51 129 174 206 91 197 62 105 221 120 23 216 12 237 68 182 242 54 255 5 48 3 92 131 232 61 200 78 76 34 99 115 235 145 222 192 57 234 175 209 20 73 70 208 252 133 82 181 90 226 195 251 56 160 47 144 83 212 50 113 162 126 199 14 217 18 15 240 84 259 231 106 256 223 149 81 190 77 24 116 163 250 147 180 93 42 22 36 49 246 108 97 171 157 95 39 10 186 101 201 109 121 71 227 148 110 188 140 123 1 257 155 164 184 258 187 118 191 159 233 158 94 58 9 43 210 236 111 179 176 261 17 207 96 167 45 229 215 19 219 103 66 55 230 168 128 52 244 142 262 41 141 2 185 124 248 196 204 170 89 214 100 63 243 44 264 228 253 198 31 135 150 98 28 247 254 46 143 189 8 11 205 102 114 37 53 260 178 152 4 7 112 6 67 85 134 165 40 218 88 263
12 2
41 202 21 130 55 193 149 137 133 169 254 241 146 108 112 224 216 35 174 79 76 58 7 200 34 158 73 258 117 83 176 53 93 180 134 262 30 15 207 166 159 63 179 242 94 138 33 45 162 87 152 105 86 148 140 156 129 235 2 160 213 32 212 0 240 102 27 110 247 67 196 78 173 91 167 6 90 43 171 125 227 141 136 219 233 123 175 184 147 84 20 26 155 61 250 13 57 72 56 104 248 68 132 16 197 126 211 131 95 118 69 220 246 239 143 170 74 154 218 5 206 255 215 172 165 19 51 228 62 98 229 263 65 198 24 70 214 22 47 40 185 201 189 192 144 127 249 208 31 75 23 195 252 38 28 232 4 256 230 139 190 39 217 237 164 186 161 116 205 245 177 71 85 97 191 52 36 115 222 257 46 121 168 80 49 54 124 157 163 231 59 18 114 119 234 223 135 99 8 11 150 81 209 203 194 182 251 153 88 1 253 243 128 259 82 238 103 48 109 29 265 100 225 151 37 178 226 183 145 3 25 142 92 89 204 96 113 188 122 236 260 199 77 106 244 9 14 101 221 12 44 120 50 264 261 181 187 42 66 60 64 10 17 107 210 111
159 191 207 204 261 29 224 63 90 104 172 242 141 227 247 149 171 3 173 86 76 54 64 181 178 18 258 73 122 42 175 53 94 6 233 136 102 265 21 170 41 137 5 241 93 238 37 154 23 243 252 167 79 228 38 123 153 115 98 253 99 32 222 260 139 30 59 69 112 164 43 223 174 190 105 180 133 196 216 132 108 146 262 107 134 156 176 184 77 62 198 210 221 250 61 248 161 209 185 169 13 192 125 187 109 201 49 257 232 9 110 75 143 113 246 166 81 45 259 179 39 163 231 254 114 36 12 148 84 2 214 119 52 20 128 199 229 40 189 22 56 126 47 68 236 127 116 11 145 220 162 103 152 140 142 95 205 71 1 240 91 206 237 217 67 101 57 249 4 60 120 256 182 25 202 65 19 235 212 131 111 48 10 92 211 58 14 151 255 215 27 158 165 263 82 78 88 213 8 208 188 74 72 203 17 85 96 129 135 230 160 87 24 218 234 138 195 121 197 193 15 183 89 157 33 34 50 100 31 35 97 28 80 225 130 251 239 150 117 144 0 70 147 106 244 118 124 186 155 51 44 177 226 66 55 200 16 83 264 245 7 168 194 219 26 46
12 2
120 188 99 86 80 136 180 213 76 159 94 234 174 54 88 265 89 29 17 176 87 252 46 14 223 225 258 253 189 72 43 244 95 85 175 196 84 109 9 152 161 118 143 3 100 119 177 142 173 15 56 150 125 127 4 197 39 22 248 264 75 20 19 239 38 34 27 164 242 228 114 200 229 210 48 55 8 112 128 35 153 1 208 231 132 60 11 61 255 97 259 160 205 168 156 183 184 78 41 64 232 215 82 233 90 247 170 249 236 261 69 40 167 137 146 50 219 138 140 101 111 81 216 93 162 62 204 53 202 92 201 214 65 169 195 124 116 108 157 155 7 165 171 45 227 31 77 141 110 0 230 238 207 254 246 113 123 47 131 2 59 149 241 135 148 199 106 70 10 104 96 117 129 51 121 36 178 260 52 126 49 256 37 44 251 226 263 191 12 151 26 24 163 194 158 237 102 33 250 105 134 5 16 203 107 58 185 115 79 193 91 6 71 98 209 42 28 103 133 130 245 240 217 25 57 187 235 63 67 257 74 186 32 181 30 21 139 212 122 221 144 192 23 198 145 182 83 147 172 262 243 166 206 190 13 68 222 18 66 218 224 220 179 154 73 211
177 150 213 79 92 262 6 99 76 41 93 82 173 58 135 15 225 193 194 175 243 152 111 124 78 89 73 160 47 209 196 244 232 182 176 43 62 197 118 252 57 9 246 35 183 263 120 28 174 265 185 188 132 127 205 109 206 40 13 66 220 198 36 113 140 178 59 67 241 148 165 181 214 26 121 261 8 247 24 3 129 230 11 215 125 245 208 250 163 25 218 253 4 10 123 100 184 223 159 7 95 231 234 134 133 112 166 116 144 55 110 22 105 63 141 226 107 238 38 186 46 74 171 94 23 84 130 53 191 80 126 229 52 104 103 14 249 227 151 221 64 114 216 154 108 145 147 146 69 260 1 138 21 172 143 239 156 189 257 98 27 224 242 88 228 70 106 199 168 169 251 122 153 12 48 19 34 0 65 201 211 71 33 44 96 50 119 202 51 157 210 128 255 17 18 217 30 37 61 167 233 179 187 203 219 54 56 235 86 29 190 180 256 2 72 83 142 195 90 204 60 139 237 97 161 16 115 137 164 131 81 101 32 200 102 207 240 222 117 155 236 68 162 20 31 85 42 77 254 136 87 170 39 91 248 192 212 158 264 259 149 75 5 45 258 49
14 2
82 66 183 5 12 3 132 16 168 180 162 93 4 184 235 107 7 164 52 213 74 173 105 101 48 96 65 203 147 255 81 122 233 209 145 238 158 227 197 113 194 138 42 251 154 225 134 195 24 114 149 157 18 223 196 163 262 57 250 215 171 206 218 182 211 26 1 146 253 174 140 259 177 216 20 119 200 84 221 133 83 30 0 80 77 104 86 229 92 91 106 89 88 11 144 112 25 178 124 202 169 23 127 103 85 22 90 15 151 189 179 111 95 39 49 139 172 239 129 75 176 242 31 165 98 257 142 102 226 118 234 241 6 79 46 228 160 150 41 115 70 258 126 244 94 34 67 28 237 50 137 108 188 224 44 231 261 51 36 170 136 161 10 55 17 123 219 249 8 100 159 60 116 21 69 220 120 72 97 110 9 190 63 2 13 201 246 230 152 109 181 222 256 264 40 47 54 38 248 199 76 185 99 27 247 263 61 265 210 33 208 64 236 19 243 59 73 217 62 166 175 78 191 53 153 45 128 37 135 87 187 155 232 32 130 14 212 148 35 117 252 131 121 214 143 254 186 204 198 167 58 43 240 68 245 29 192 125 141 71 260 156 56 205 193 207
229 12 73 3 62 39 60 190 203 91 237 30 1 176 108 245 119 209 161 67 40 249 243 151 263 231 45 98 88 111 11 183 145 49 228 102 110 180 112 5 20 199 66 212 251 26 158 152 51 33 116 48 153 53 80 265 171 214 58 64 6 120 4 126 59 205 42 19 122 178 99 93 131 2 182 81 127 89 114 181 54 75 222 210 248 188 195 149 28 77 169 9 172 71 217 106 232 143 27 70 244 253 35 196 104 223 95 144 14 150 36 29 38 255 78 138 50 135 258 16 61 121 68 256 239 148 63 76 215 175 207 72 164 259 156 117 137 136 115 242 141 140 162 97 107 32 159 191 125 87 109 23 47 52 160 219 134 192 46 146 154 18 142 240 132 225 166 202 233 90 184 56 92 220 197 129 13 198 69 226 37 79 74 31 170 189 264 246 85 185 7 147 157 260 257 86 103 174 177 41 234 236 167 8 206 65 204 130 208 17 83 261 43 247 57 128 235 94 218 155 173 262 82 105 250 165 179 241 34 0 230 25 96 168 200 216 201 10 252 124 163 227 139 22 100 15 187 213 84 21 224 44 238 101 254 113 123 194 118 133 193 211 221 24 186 55
15 1
197 199 45 181 103 109 127 167 207 166 112 94 191 245 20 251 195 194 200 252 113 81 183 250 108 185 114 235 102 58 14 190 249 38 145 115 4 155 26 36 128 234 260 130 254 261 135 217 49 73 0 23 19 9 213 216 139 16 67 88 42 95 153 215 90 82 154 96 98 52 188 222 246 10 203 265 174 3 161 64 123 69 210 11 117 55 110 225 175 152 60 244 182 141 233 27 97 37 159 15 165 21 136 256 147 43 220 237 184 253 221 63 100 198 13 72 180 223 178 40 177 205 227 208 189 18 83 85 247 118 50 134 231 140 47 92 263 76 89 170 86 106 226 41 33 122 101 8 202 138 25 53 79 5 242 87 229 104 74 238 132 179 163 51 124 142 30 144 248 206 17 258 77 157 219 211 150 262 137 70 239 34 240 204 24 71 176 212 193 84 224 187 12 218 59 143 160 29 28 131 120 146 99 162 126 54 2 232 149 93 169 125 121 257 168 75 65 7 22 172 228 192 158 48 264 105 164 129 241 6 259 31 119 78 107 173 68 39 236 116 196 66 35 201 46 1 255 61 148 57 186 62 111 230 151 209 32 133 80 214 171 156 56 44 91 243
19 1
39 46 169 34 162 235 49 25 189 103 12 108 4 184 3 77 255 42 62 38 226 37 19 120 104 153 95 205 250 7 193 51 163 209 230 254 236 73 130 30 166 217 164 13 229 188 64 249 141 111 110 157 79 137 186 233 0 204 147 41 124 261 1 126 20 200 218 199 179 155 246 31 43 27 211 231 26 232 33 28 207 113 262 190 107 48 144 154 2 98 106 228 88 10 86 187 16 160 171 45 183 117 127 180 265 63 192 201 244 168 253 114 65 82 132 252 237 242 248 36 8 239 259 264 91 17 68 241 74 240 55 102 116 18 66 89 178 148 215 71 128 94 182 151 258 5 21 133 172 29 223 93 225 60 44 119 206 122 75 131 222 109 11 234 257 54 61 195 176 121 263 224 6 67 245 167 101 53 247 149 152 80 22 92 251 15 140 145 9 161 87 136 35 165 78 208 123 213 129 146 76 156 143 216 97 159 219 85 243 221 47 134 158 105 210 14 227 138 52 194 175 40 214 72 96 202 70 173 32 181 112 174 84 135 197 59 260 150 256 23 139 170 100 191 99 238 196 57 125 220 56 177 118 142 69 50 90 198 24 115 212 185 58 203 81 83
20 2
26 45 196 223 185 84 103 108 32 123 145 74 49 128 14 105 151 217 203 130 131 174 36 23 140 243 0 215 110 197 72 207 8 94 40 202 22 160 228 249 34 41 227 101 241 1 229 246 248 12 188 176 253 106 144 234 181 189 79 194 136 219 199 150 220 155 148 193 187 200 107 167 30 250 11 154 216 265 235 58 236 143 116 230 5 114 170 231 166 256 124 91 135 141 33 99 109 237 156 95 134 43 239 6 168 15 53 70 7 96 28 251 224 113 85 165 82 118 117 205 245 264 186 9 90 244 147 172 13 169 19 20 171 238 100 92 60 232 138 210 24 93 263 81 54 10 221 126 66 190 63 16 211 173 75 65 98 240 254 222 37 163 212 161 214 115 88 71 104 129 86 132 127 153 21 257 51 262 233 258 206 56 191 204 184 4 122 68 50 57 149 182 260 67 59 261 2 29 252 62 69 225 35 18 183 119 180 31 255 209 139 152 162 218 164 27 76 17 213 61 64 146 159 3 112 201 259 42 38 46 83 87 137 178 55 78 80 97 133 102 157 44 242 25 125 120 47 247 48 39 73 111 198 52 158 208 89 175 179 226 192 195 177 142 121 77
96 134 107 157 82 183 16 114 219 254 49 15 89 217 136 11 6 56 211 252 102 75 109 264 24 132 167 145 113 58 263 176 55 33 235 246 210 130 144 169 178 261 133 155 166 234 162 245 112 10 97 91 111 151 258 32 17 127 29 177 140 227 126 69 110 103 93 197 68 63 214 196 115 73 92 21 232 104 148 221 205 215 4 251 142 249 90 105 120 12 86 51 74 66 99 122 0 50 236 94 223 265 20 65 77 87 228 2 184 22 64 52 48 28 7 72 116 165 128 137 88 123 95 121 164 125 62 57 118 247 37 199 25 42 1 203 14 119 191 170 60 241 84 156 38 27 243 172 78 187 231 53 192 204 209 43 143 3 182 238 185 248 46 244 124 117 44 26 179 39 139 213 147 181 207 200 31 59 40 168 239 173 158 5 108 160 190 149 259 226 186 138 152 230 262 229 71 67 198 131 175 201 233 135 153 80 237 174 212 154 36 18 208 171 70 81 256 13 253 8 220 79 240 100 250 225 189 61 106 195 193 150 76 202 45 34 98 206 159 180 222 141 255 146 163 47 35 129 161 85 224 83 19 218 9 242 216 260 54 188 257 41 194 30 23 101
21 2
178 115 102 224 199 250 23 119 258 84 45 7 41 148 207 111 16 68 144 257 205 160 195 252 204 12 159 220 106 52 259 234 70 2 249 262 191 9 226 161 165 25 121 124 8 247 229 186 206 108 90 67 107 188 80 17 31 104 15 82 216 126 242 48 88 146 138 182 55 59 136 81 198 163 65 30 132 180 253 93 196 133 69 103 37 187 230 38 174 72 261 131 197 190 255 158 1 156 202 185 215 238 33 208 246 86 211 29 127 27 172 58 46 18 14 96 97 140 201 11 40 155 200 61 167 192 123 49 149 236 171 227 151 71 0 175 32 117 231 232 137 251 256 110 113 21 74 95 263 169 135 76 193 94 203 42 116 19 147 162 145 254 26 209 122 120 4 43 118 128 142 235 143 154 64 150 20 177 134 92 248 181 51 35 125 233 214 223 260 98 79 244 184 243 225 264 54 179 89 166 164 168 189 173 237 176 63 114 83 73 210 28 34 194 47 222 240 3 139 62 109 101 100 85 217 213 87 91 129 112 105 66 218 99 56 130 228 24 221 141 60 241 219 152 36 5 57 10 77 212 245 239 6 265 39 153 170 157 44 75 53 50 183 13 22 78
215 155 56 254 96 217 200 7 185 84 170 133 219 256 60 18 93 76 255 45 67 27 187 78 182 139 20 44 36 144 259 17 201 55 136 23 112 241 88 94 19 1 231 258 21 40 97 105 148 265 226 125 39 230 83 216 238 186 3 169 234 24 232 146 90 10 25 26 221 92 239 81 72 171 120 16 31 180 35 30 210 119 46 196 198 57 22 134 110 37 147 248 211 75 52 87 138 82 251 124 50 132 151 80 53 193 149 250 6 99 38 107 28 245 102 62 179 43 135 71 263 218 262 194 109 213 159 183 197 8 122 131 240 181 95 212 173 220 4 66 233 168 206 222 224 236 157 64 247 156 70 114 223 5 141 41 106 63 143 192 140 113 204 253 163 142 121 145 154 191 65 252 261 34 0 203 123 91 172 244 227 11 61 209 205 129 85 86 214 175 190 59 126 47 176 243 54 229 9 12 108 202 32 189 225 237 165 68 208 127 103 69 118 51 264 174 33 153 166 199 228 207 158 260 29 162 100 77 137 128 104 242 115 160 14 49 167 184 2 150 101 89 42 246 116 161 195 48 177 98 111 249 73 164 58 15 257 13 117 79 152 178 130 74 188 235
22 2
26 45 196 223 185 84 103 108 32 123 145 74 49 128 14 105 151 217 203 130 131 174 36 23 140 243 0 215 110 197 72 207 8 94 40 202 22 160 228 249 34 41 227 101 241 1 229 246 248 12 188 176 253 106 144 234 181 189 79 194 136 219 199 150 220 155 148 193 187 200 107 167 30 250 11 154 216 265 235 58 236 143 116 230 5 114 170 231 166 256 124 91 135 141 33 99 109 237 156 95 134 43 239 6 168 15 53 70 7 96 28 251 224 113 85 165 82 118 117 205 245 264 186 9 90 244 147 172 13 169 19 20 171 238 100 92 60 232 138 210 24 93 263 81 54 10 221 126 66 190 63 16 211 173 75 65 98 240 254 222 37 163 212 161 214 115 88 71 104 129 86 132 127 153 21 257 51 262 233 258 206 56 191 204 184 4 122 68 50 57 149 182 260 67 59 261 2 29 252 62 69 225 35 18 183 119 180 31 255 209 139 152 162 218 164 27 76 17 213 61 64 146 159 3 112 201 259 42 38 46 83 87 137 178 55 78 80 97 133 102 157 44 242 25 125 120 47 247 48 39 73 111 198 52 158 208 89 175 179 226 192 195 177 142 121 77
27 1 136 28 49 223 23 30 164 142 92 259 171 216 141 65 181 68 215 203 208 193 89 6 167 235 35 0 3 31 7 29 33 32 46 26 118 256 97 253 125 130 42 237 122 179 34 47 54 4 185 131 56 180 48 55 52 135 146 88 148 95 242 80 82 15 221 91 17 174 102 143 264 129 111 119 139 188 161 169 63 172 64 176 170 245 86 156 59 22 99 67 10 149 225 61 115 38 189 90 144 231 70 205 150 230 217 234 166 178 133 74 249 222 251 96 226 137 36 75 192 155 44 158 204 40 147 199 190 73 41 51 218 110 220 57 2 117 238 76 140 14 9 71 100 243 58 126 60 93 104 232 160 213 257 121 87 173 123 183 152 78 262 228 8 184 108 24 191 79 84 12 81 157 69 246 83 241 109 45 53 16 227 159 165 50 214 250 77 98 128 168 120 21 255 198 206 247 195 127 258 244 202 19 124 103 196 239 20 236 210 224 229 153 186 18 13 106 132 219 134 66 113 5 211 94 116 182 163 212 105 101 151 261 107 25 209 43 138 207 263 177 62 145 201 85 175 197 260 112 187 114 252 39 265 194 37 154 200 11 248 233 162 240 72 254
24 2
210 124 257 168 178 16 133 84 193 246 21 262 211 237 154 19 204 24 173 157 43 203 167 260 236 152 162 14 263 4 150 31 226 70 160 238 80 82 182 183 56 258 239 186 105 230 86 33 128 170 209 174 22 18 38 253 135 219 214 92 81 97 93 164 177 199 49 134 62 181 47 242 64 6 222 259 103 139 215 202 125 156 223 55 85 7 101 115 51 0 231 44 207 68 35 42 218 206 130 63 41 46 113 142 158 91 129 221 102 216 180 111 201 108 148 198 67 161 110 109 2 79 166 39 195 36 57 104 169 254 244 114 251 73 116 40 50 30 191 163 13 90 76 34 261 78 23 149 131 265 137 224 228 175 27 256 60 15 127 225 143 252 208 77 99 194 200 52 248 48 66 144 172 53 88 264 11 72 29 138 118 205 54 123 28 185 20 241 8 9 187 179 71 188 220 1 132 32 87 227 122 240 121 10 5 69 61 59 26 136 89 255 155 45 234 145 119 235 229 126 165 243 233 37 247 250 197 65 25 96 213 141 232 74 58 249 17 140 94 95 112 190 192 107 98 75 189 151 3 217 159 196 117 83 106 12 212 120 100 245 146 171 176 184 153 147
20 60 114 237 4 108 109 147 53 77 103 134 33 153 189 197 112 40 193 54 0 122 131 236 247 199 140 215 226 214 71 232 170 12 92 233 172 230 160 142 17 66 78 86 145 89 250 241 245 182 117 261 110 8 19 121 136 198 132 263 1 161 164 162 167 67 41 65 155 175 128 30 120 231 150 211 203 9 42 82 125 174 79 225 148 180 43 111 137 45 169 246 34 181 195 244 96 146 105 264 184 202 217 10 104 98 251 252 5 6 52 87 16 116 2 219 113 50 165 190 72 55 21 200 171 80 185 127 70 129 139 22 58 259 11 221 56 88 163 130 26 187 39 258 192 44 97 7 84 257 74 206 201 13 191 68 222 207 229 210 38 61 63 138 62 118 183 64 212 90 32 124 36 173 81 69 228 194 254 239 85 93 49 166 100 126 223 141 188 14 119 154 144 18 177 94 196 15 57 25 123 152 101 76 227 248 151 157 256 224 159 75 168 253 29 27 255 102 218 115 265 135 156 186 209 83 28 204 176 158 37 73 31 35 234 262 23 3 242 179 249 47 238 260 95 48 91 24 205 240 46 106 107 213 178 216 208 149 143 133 243 51 235 59 99 220
30 2
75 235 209 98 219 128 263 149 61 77 134 229 12 141 96 42 212 200 32 139 87 174 261 162 63 17 136 218 106 199 65 82 34 152 234 101 137 196 22 140 214 257 70 192 176 80 81 92 39 145 217 66 227 84 194 41 48 37 182 249 151 35 102 150 158 221 171 71 116 181 69 7 175 226 173 30 198 206 258 178 51 59 159 55 24 118 36 251 183 113 6 122 114 110 168 79 73 23 111 245 16 28 62 99 10 86 8 191 236 138 205 190 161 127 254 154 119 46 85 109 197 108 4 253 107 244 186 125 97 18 27 167 243 15 112 132 135 177 166 1 29 50 201 58 53 11 208 148 156 230 144 49 153 33 238 202 103 5 19 260 155 237 157 242 54 224 68 185 91 89 26 265 204 207 164 31 20 222 78 123 246 133 9 3 76 57 13 264 252 120 88 124 184 216 220 213 131 146 250 56 130 83 193 259 14 211 143 40 255 232 90 203 121 247 233 117 262 126 25 94 21 240 105 256 210 223 172 187 67 60 228 129 225 74 231 64 100 104 179 95 0 44 52 170 169 147 47 248 188 215 43 241 195 115 180 189 2 142 239 93 72 38 160 165 163 45
216 142 47 100 91 51 250 28 67 234 72 195 85 81 228 87 95 218 205 41 222 27 24 90 38 194 158 164 230 78 160 237 9 54 203 7 240 98 150 79 182 1 262 99 137 5 253 232 167 188 249 97 227 22 153 68 239 199 32 154 247 145 62 122 83 36 245 35 257 155 241 172 112 71 244 105 6 173 56 29 103 50 217 19 168 12 44 70 108 214 157 94 107 18 4 121 248 171 131 184 111 229 118 66 238 65 151 254 3 255 113 212 31 211 223 104 146 13 102 201 116 178 144 161 246 259 117 74 224 58 17 190 197 193 123 139 189 20 55 243 57 82 64 40 219 101 109 198 80 14 261 61 174 220 215 133 43 263 135 10 221 115 45 242 25 192 120 140 63 110 208 162 149 143 33 141 15 75 236 46 2 176 233 37 147 183 175 264 11 132 185 92 210 42 200 60 48 170 156 196 21 138 0 231 213 34 129 89 136 256 76 125 88 96 127 179 30 260 130 84 152 202 251 180 23 209 252 187 73 106 8 93 114 77 206 26 258 159 134 39 177 181 52 235 207 265 191 49 226 126 165 86 204 59 124 166 225 119 16 169 186 53 69 128 163 148
30 2
97 47 237 104 210 204 195 13 172 151 73 251 152 7 263 94 127 139 125 111 136 265 253 91 108 231 144 122 198 67 44 150 216 38 173 255 169 50 33 206 137 156 140 87 30 107 163 1 100 112 37 244 63 53 80 249 194 85 58 262 86 129 83 52 221 256 141 29 98 215 168 160 72 10 182 81 119 147 202 192 54 75 103 62 226 57 60 43 177 191 110 23 203 154 15 227 197 0 68 233 48 243 113 82 3 225 241 45 24 183 90 19 49 102 167 246 180 142 247 76 175 208 27 205 124 18 153 16 178 61 155 131 185 260 199 162 20 40 187 17 42 66 117 229 26 235 201 77 161 212 31 9 12 126 93 130 41 181 240 236 71 148 135 46 189 223 254 114 70 36 170 257 8 34 232 120 190 88 128 248 116 157 74 109 184 132 224 138 214 164 176 89 79 259 56 6 222 96 28 134 211 146 78 92 5 123 39 219 121 242 4 200 149 258 188 69 32 245 230 207 228 64 196 165 186 105 84 95 220 143 218 25 174 99 261 145 159 2 238 239 158 106 209 101 51 217 115 118 179 55 264 11 252 22 166 35 65 171 213 193 133 234 59 14 250 21
96 134 107 157 82 183 16 114 219 254 49 15 89 217 136 11 6 56 211 252 102 75 109 264 24 132 167 145 113 58 263 176 55 33 235 246 210 130 144 169 178 261 133 155 166 234 162 245 112 10 97 91 111 151 258 32 17 127 29 177 140 227 126 69 110 103 93 197 68 63 214 196 115 73 92 21 232 104 148 221 205 215 4 251 142 249 90 105 120 12 86 51 74 66 99 122 0 50 236 94 223 265 20 65 77 87 228 2 184 22 64 52 48 28 7 72 116 165 128 137 88 123 95 121 164 125 62 57 118 247 37 199 25 42 1 203 14 119 191 170 60 241 84 156 38 27 243 172 78 187 231 53 192 204 209 43 143 3 182 238 185 248 46 244 124 117 44 26 179 39 139 213 147 181 207 200 31 59 40 168 239 173 158 5 108 160 190 149 259 226 186 138 152 230 262 229 71 67 198 131 175 201 233 135 153 80 237 174 212 154 36 18 208 171 70 81 256 13 253 8 220 79 240 100 250 225 189 61 106 195 193 150 76 202 45 34 98 206 159 180 222 141 255 146 163 47 35 129 161 85 224 83 19 218 9 242 216 260 54 188 257 41 194 30 23 101
30 2
163 264 206 77 83 192 74 72 111 61 171 140 98 13 259 231 123 244 242 46 173 175 112 125 84 221 136 203 187 186 234 179 134 117 67 51 86 169 184 39 82 214 255 55 189 97 19 103 158 128 115 35 52 146 138 43 165 224 227 89 79 9 226 104 64 73 68 34 66 135 99 166 7 65 6 176 116 3 213 60 105 121 40 4 24 144 36 202 205 59 90 141 212 194 94 201 196 45 12 70 232 178 228 47 63 80 245 185 263 150 237 8 22 156 220 50 76 33 211 218 200 81 145 16 239 23 217 223 49 250 167 131 172 233 32 69 26 151 54 207 11 91 238 148 85 122 53 147 143 161 109 137 209 159 177 188 113 230 48 153 181 149 243 0 174 56 71 130 248 37 252 10 132 20 164 21 75 154 101 31 254 160 198 260 38 107 29 28 155 44 208 241 5 210 93 225 96 265 182 249 120 95 87 27 246 88 2 139 190 152 193 118 92 78 41 253 258 126 119 251 114 25 247 127 57 195 62 58 102 235 157 15 100 133 30 229 262 110 142 124 261 191 18 162 17 106 204 222 168 199 129 219 170 215 180 42 256 257 216 14 183 240 236 108 1 197
59 171 203 148 160 178 4 212 91 18 92 27 208 52 262 225 146 200 29 11 192 230 231 128 66 53 63 232 159 259 28 189 74 243 142 12 209 204 253 116 34 145 70 194 141 246 78 242 179 213 67 190 131 263 254 32 221 5 173 136 48 227 218 210 223 94 195 207 30 88 217 117 228 133 188 109 256 214 235 135 187 197 85 176 119 104 258 17 44 144 257 143 71 114 168 43 181 129 51 215 23 47 166 237 161 37 151 101 241 244 186 249 68 115 83 26 65 264 3 105 155 1 31 38 25 19 138 147 2 112 58 90 89 64 220 219 238 157 56 198 245 60 149 122 139 251 126 73 69 113 93 125 121 22 162 75 82 222 205 84 202 0 10 40 61 123 177 110 127 153 102 86 50 185 103 260 55 265 130 111 16 150 172 247 108 236 107 250 201 77 98 124 164 156 120 169 95 252 163 79 96 87 134 137 226 211 229 193 35 154 132 199 152 106 158 261 81 191 234 8 196 99 140 76 14 97 15 224 216 21 49 80 183 248 45 100 9 57 182 255 165 180 20 170 6 175 24 206 39 41 62 118 36 54 42 184 233 13 33 174 46 239 167 240 72 7
38 2
82 66 183 5 12 3 132 16 168 180 162 93 4 184 235 107 7 164 52 213 74 173 105 101 48 96 65 203 147 255 81 122 233 209 145 238 158 227 197 113 194 138 42 251 154 225 134 195 24 114 149 157 18 223 196 163 262 57 250 215 171 206 218 182 211 26 1 146 253 174 140 259 177 216 20 119 200 84 221 133 83 30 0 80 77 104 86 229 92 91 106 89 88 11 144 112 25 178 124 202 169 23 127 103 85 22 90 15 151 189 179 111 95 39 49 139 172 239 129 75 176 242 31 165 98 257 142 102 226 118 234 241 6 79 46 228 160 150 41 115 70 258 126 244 94 34 67 28 237 50 137 108 188 224 44 231 261 51 36 170 136 161 10 55 17 123 219 249 8 100 159 60 116 21 69 220 120 72 97 110 9 190 63 2 13 201 246 230 152 109 181 222 256 264 40 47 54 38 248 199 76 185 99 27 247 263 61 265 210 33 208 64 236 19 243 59 73 217 62 166 175 78 191 53 153 45 128 37 135 87 187 155 232 32 130 14 212 148 35 117 252 131 121 214 143 254 186 204 198 167 58 43 240 68 245 29 192 125 141 71 260 156 56 205 193 207
70 54 109 65 152 235 137 233 239 108 202 103 225 116 200 61 105 115 140 124 30 127 91 120 154 55 138 159 123 135 20 129 142 201 112 260 69 102 60 226 232 187 259 237 258 99 165 214 85 53 197 198 81 49 1 25 246 195 211 145 38 15 186 96 193 3 82 263 171 36 0 240 150 131 147 90 215 166 156 264 94 52 66 83 221 48 181 104 168 149 75 22 176 143 80 217 63 175 179 45 117 183 37 11 87 16 158 209 9 2 234 177 34 218 251 17 13 100 248 155 23 189 164 28 19 252 224 21 133 31 153 73 184 128 262 29 191 6 26 139 18 207 32 93 229 59 241 74 172 89 72 151 4 130 24 119 78 257 106 27 220 169 180 253 122 46 77 204 88 161 199 68 148 203 238 97 92 111 243 98 162 86 228 101 132 261 62 41 244 121 265 136 212 64 206 57 250 50 51 170 14 33 10 173 167 205 194 141 247 107 210 58 192 255 47 76 227 95 113 219 160 84 249 223 126 12 39 216 182 144 230 256 40 7 110 5 254 43 174 8 71 146 242 178 188 245 56 208 118 222 196 114 125 163 236 213 231 157 44 42 35 185 134 67 79 190
42 2
82 66 183 5 12 3 132 16 168 180 162 93 4 184 235 107 7 164 52 213 74 173 105 101 48 96 65 203 147 255 81 122 233 209 145 238 158 227 197 113 194 138 42 251 154 225 134 195 24 114 149 157 18 223 196 163 262 57 250 215 171 206 218 182 211 26 1 146 253 174 140 259 177 216 20 119 200 84 221 133 83 30 0 80 77 104 86 229 92 91 106 89 88 11 144 112 25 178 124 202 169 23 127 103 85 22 90 15 151 189 179 111 95 39 49 139 172 239 129 75 176 242 31 165 98 257 142 102 226 118 234 241 6 79 46 228 160 150 41 115 70 258 126 244 94 34 67 28 237 50 137 108 188 224 44 231 261 51 36 170 136 161 10 55 17 123 219 249 8 100 159 60 116 21 69 220 120 72 97 110 9 190 63 2 13 201 246 230 152 109 181 222 256 264 40 47 54 38 248 199 76 185 99 27 247 263 61 265 210 33 208 64 236 19 243 59 73 217 62 166 175 78 191 53 153 45 128 37 135 87 187 155 232 32 130 14 212 148 35 117 252 131 121 214 143 254 186 204 198 167 58 43 240 68 245 29 192 125 141 71 260 156 56 205 193 207
134 96 33 217 166 245 252 11 44 37 247 119 25 263 114 58 16 55 113 157 176 145 264 6 237 41 162 109 211 107 75 56 136 102 212 183 244 84 87 254 120 12 155 167 258 10 112 214 63 127 261 182 29 260 196 68 234 246 111 69 240 123 219 206 174 74 231 51 17 82 32 133 89 209 146 259 151 248 265 190 54 71 59 208 9 223 105 226 64 198 50 227 179 79 153 147 115 116 189 233 222 221 2 83 57 230 28 52 49 220 143 15 229 144 207 1 156 137 168 7 165 42 164 126 43 184 61 108 169 228 235 91 76 81 178 150 70 140 66 218 117 239 170 172 18 160 65 158 13 128 175 132 243 255 173 121 97 257 95 26 21 39 159 73 200 40 199 124 201 149 256 130 110 203 88 135 205 177 0 197 77 181 67 262 192 99 47 85 53 202 93 36 125 152 213 22 80 92 72 4 122 118 98 154 24 20 48 14 103 163 210 106 249 225 186 100 60 224 232 242 27 238 215 187 3 194 38 131 236 46 86 138 139 185 31 171 129 204 101 251 216 241 62 193 191 250 104 45 180 34 5 141 23 78 161 94 142 19 8 30 188 90 35 148 195 253
55 2
127 141 146 27 59 203 204 92 213 208 116 241 65 247 70 97 16 187 24 199 25 128 112 99 195 111 140 242 35 103 243 75 185 77 171 167 89 36 220 181 240 71 238 251 153 76 4 222 125 108 105 87 256 79 46 6 152 248 106 145 217 179 109 3 177 163 66 190 129 13 205 96 38 17 32 90 55 166 100 60 133 233 122 78 202 164 130 192 235 253 91 216 11 29 263 1 104 144 226 21 214 82 23 159 223 98 136 47 231 227 215 225 160 258 262 80 94 56 118 61 34 57 132 7 200 9 126 178 102 250 172 189 255 19 201 120 169 39 0 107 165 207 51 184 44 54 68 147 180 239 170 22 249 15 113 10 85 194 264 193 211 48 218 114 157 150 237 252 138 221 26 230 198 20 139 219 228 265 168 210 73 52 86 69 191 176 188 148 30 64 234 110 212 93 156 42 196 119 182 115 14 49 62 81 45 124 53 246 161 5 197 151 142 121 254 143 31 206 88 67 40 58 174 41 117 173 244 84 74 158 135 134 37 209 175 259 28 245 18 154 72 123 261 260 50 33 95 257 8 224 2 229 236 232 83 101 137 183 149 162 186 63 12 155 43 131
233 239 66 24 101 143 193 248 255 156 177 132 57 119 175 251 37 187 165 261 54 31 151 179 209 262 252 109 62 99 259 183 108 83 88 184 36 253 122 256 20 195 215 32 194 247 105 69 49 243 163 82 112 68 142 124 117 46 73 11 129 14 80 203 218 100 217 29 60 234 90 168 114 136 157 45 47 145 40 146 0 227 254 111 140 188 81 8 48 152 190 107 225 257 208 210 110 125 241 13 213 244 204 258 35 192 180 219 85 238 127 50 137 76 123 5 185 16 39 67 9 226 65 237 139 264 126 63 246 250 115 120 25 71 263 164 17 160 167 23 104 103 78 150 265 214 2 147 196 205 130 118 232 135 174 260 229 235 10 216 211 186 15 33 155 133 220 42 18 106 242 228 236 87 197 1 144 30 170 55 148 181 202 149 84 189 176 58 43 201 6 27 12 70 64 86 169 159 138 191 207 230 178 96 141 21 206 222 74 26 75 52 72 38 7 198 154 79 231 128 4 221 93 172 89 121 240 41 162 131 116 44 249 28 113 94 19 212 199 61 92 51 182 34 166 173 91 95 77 224 53 171 3 56 98 245 22 200 102 158 153 223 59 97 134 161
56 2
91 107 212 90 78 142 172 165 112 5 224 171 259 3 162 18 70 176 246 47 223 203 51 96 85 149 132 72 24 144 219 69 15 82 190 97 185 241 236 104 221 253 152 89 74 11 23 95 179 115 114 125 261 147 22 26 157 247 256 232 249 36 169 145 254 214 54 216 19 263 209 130 44 133 119 177 34 206 126 242 181 120 233 41 8 153 83 213 122 250 230 63 211 62 121 14 243 55 163 4 161 20 205 12 102 66 139 37 116 229 207 155 28 9 53 75 148 166 127 235 92 128 123 0 154 134 240 61 13 198 110 222 159 210 105 56 220 173 124 193 46 111 180 131 170 88 238 129 186 252 93 226 67 84 73 196 106 248 164 192 202 113 191 1 251 217 52 146 109 204 160 156 39 31 194 27 262 215 200 237 100 40 183 239 151 64 182 158 10 49 136 68 35 45 76 138 25 99 245 80 150 140 79 137 178 244 7 59 264 135 195 17 58 187 208 228 188 57 43 167 174 38 86 2 42 60 227 48 189 218 94 30 265 65 87 175 199 184 260 108 257 258 29 255 6 50 103 77 16 117 168 234 141 143 118 201 101 197 98 32 231 225 81 21 33 71
32 1 108 28 4 171 29 23 45 223 261 239 183 123 75 156 117 196 230 227 122 220 43 7 116 255 42 30 3 6 27 33 0 31 181 52 253 37 65 217 69 115 26 22 233 8 244 54 49 48 141 237 35 144 47 55 56 204 106 179 157 95 96 85 215 38 189 159 130 40 216 134 154 136 158 14 234 245 107 252 138 140 190 207 161 63 229 124 182 232 212 142 114 111 186 61 62 135 197 99 246 103 149 101 129 222 58 78 2 228 118 93 259 128 92 41 24 16 110 174 150 193 20 13 87 185 126 218 113 104 68 191 248 146 71 97 73 195 80 145 81 50 91 184 53 139 133 169 180 102 120 168 249 256 72 165 15 60 74 67 176 84 250 163 203 155 192 263 151 147 243 5 211 175 119 173 160 265 202 59 148 34 88 12 143 125 94 221 209 66 82 131 166 121 260 137 17 98 201 235 205 198 178 164 57 200 242 83 251 188 214 172 90 219 210 64 70 39 127 213 21 187 105 9 224 225 254 19 109 86 18 264 89 44 76 199 238 51 236 11 241 240 206 170 46 77 100 262 132 152 162 208 79 36 226 25 153 258 257 112 194 10 247 167 231 177
57 2
79 62 173 172 210 237 71 149 159 247 160 220 243 252 150 100 110 41 147 98 262 166 253 73 265 234 6 78 39 228 56 14 29 239 43 12 93 206 22 140 92 49 76 198 83 191 81 192 85 17 182 145 250 164 218 130 165 106 46 72 105 169 196 163 64 116 52 77 213 11 133 26 122 185 0 143 223 189 176 74 144 58 18 86 168 104 44 24 205 142 244 68 203 167 94 13 55 254 171 222 241 227 61 175 48 179 151 121 204 21 224 157 251 246 257 138 240 131 3 99 216 146 59 113 124 112 7 219 128 235 96 201 115 226 193 135 155 259 132 217 28 190 255 249 258 177 107 82 129 126 31 57 208 25 207 202 120 230 108 221 174 127 178 197 215 30 109 36 263 102 33 19 118 194 10 245 27 51 238 60 97 154 233 37 139 23 54 114 47 67 229 231 188 211 2 90 1 63 34 209 137 117 136 40 158 232 183 181 212 242 260 134 152 91 256 53 156 184 186 161 69 8 119 42 16 214 70 261 32 141 111 45 88 50 153 148 9 248 162 170 65 15 199 35 195 103 123 236 5 75 66 125 95 38 180 89 225 187 80 200 4 101 264 84 20 87
28 58 61 198 238 129 41 153 77 245 35 158 260 217 118 67 142 223 1 253 133 183 171 156 85 234 252 88 52 126 134 177 63 199 157 97 247 23 55 165 21 139 53 95 190 192 64 143 229 230 16 111 0 200 218 182 74 108 18 17 124 227 196 149 264 259 54 242 105 136 113 150 34 176 193 191 71 205 170 140 154 123 20 141 146 104 80 181 194 19 57 29 232 174 83 257 224 10 98 231 206 201 161 254 24 197 47 131 90 84 22 187 240 147 138 13 5 209 237 167 221 33 137 262 213 49 91 100 79 116 96 169 65 82 250 255 162 235 164 6 128 94 50 106 144 248 109 70 3 32 76 36 256 179 86 222 37 72 249 117 99 166 69 25 114 186 102 244 78 107 168 110 26 189 175 93 261 215 9 7 212 258 38 40 112 241 39 51 236 219 265 202 243 56 27 152 246 68 148 121 42 216 75 120 180 8 127 48 12 159 188 211 204 60 4 31 101 115 66 173 103 203 225 59 130 155 226 2 228 207 125 160 263 135 163 122 210 14 214 185 184 239 15 45 119 178 62 151 251 11 30 145 172 89 220 233 195 43 87 132 208 73 81 92 46 44
60 2
21 241 133 65 240 158 57 104 169 108 243 179 225 41 105 0 175 154 208 34 170 207 55 146 28 19 26 160 246 74 255 145 153 94 176 192 217 98 218 235 50 90 162 116 205 130 152 216 16 177 248 68 125 110 60 159 184 118 63 264 265 76 82 137 39 71 190 228 114 31 215 173 30 66 135 10 259 263 52 107 99 78 23 157 84 140 124 100 103 17 33 27 220 129 13 54 6 47 144 239 172 189 201 202 87 45 22 1 139 93 69 38 5 224 204 56 18 138 252 88 109 247 222 20 256 195 209 67 131 236 174 196 35 261 191 147 150 232 233 44 155 83 237 171 32 53 234 219 148 213 24 151 4 37 242 227 58 42 231 226 210 85 141 112 244 3 15 79 80 75 260 186 7 165 14 11 181 2 43 48 61 25 180 168 149 206 126 229 70 200 59 132 134 86 51 81 36 211 95 262 187 214 238 203 194 9 254 166 178 143 253 40 89 115 121 249 142 128 250 29 64 46 230 193 185 117 106 161 164 101 77 163 156 12 62 92 120 97 119 183 221 167 212 8 127 123 136 102 197 257 251 111 96 91 113 199 223 188 258 182 245 49 72 122 73 198
8 45 2 72 0 19 197 108 4 111 113 51 214 64 42 98 154 101 186 83 118 7 9 103 86 122 253 26 215 223 23 110 207 94 1 202 188 240 115 220 252 41 181 178 100 34 32 234 12 227 168 117 246 127 248 185 144 183 76 91 57 56 222 38 92 105 210 67 36 53 125 132 192 190 52 166 224 146 247 216 96 257 237 5 126 133 147 15 263 128 39 264 13 20 235 40 245 65 87 211 218 124 229 30 184 97 137 77 21 50 228 22 35 221 16 63 208 11 93 191 123 135 167 260 17 225 143 69 194 239 165 28 157 155 231 189 217 254 78 226 161 130 255 84 61 164 107 24 148 182 81 116 206 213 114 85 159 71 88 250 66 177 134 230 244 141 205 25 109 55 129 18 153 142 79 102 163 140 209 200 152 14 232 60 251 169 171 29 68 121 258 199 3 196 89 219 242 236 99 119 212 195 112 203 249 75 180 46 151 43 160 198 179 172 48 131 174 256 44 201 90 10 238 187 58 70 243 261 31 175 176 162 149 204 262 33 6 241 62 170 259 82 193 139 145 80 74 138 265 233 156 104 95 27 106 173 136 150 73 37 120 49 47 158 59 54
60 2
220 222 32 216 156 24 153 182 227 205 10 122 47 243 83 55 173 72 181 146 240 115 251 223 230 134 160 190 247 132 42 31 170 144 119 3 142 4 75 87 139 106 214 200 92 249 33 141 165 44 8 1 101 148 133 224 197 64 85 66 38 172 194 108 113 219 210 127 175 110 68 74 130 253 174 60 235 151 18 201 140 19 257 187 48 93 117 232 195 143 239 27 49 58 184 41 20 103 104 98 6 154 112 229 99 178 95 193 265 40 228 13 256 57 186 123 121 196 159 263 137 191 204 21 192 45 188 145 241 56 17 25 157 252 131 28 189 169 79 109 152 12 179 162 46 67 81 43 244 221 77 150 80 100 52 250 37 29 107 218 264 94 89 105 164 84 155 171 22 120 2 255 177 262 71 70 136 61 163 36 180 78 245 198 161 183 217 14 202 176 91 116 233 158 238 242 86 129 185 212 147 138 126 203 11 206 9 259 23 237 59 0 215 149 30 199 35 114 118 246 211 213 51 208 15 209 254 50 69 97 5 82 39 124 128 236 76 225 62 260 96 234 88 111 53 7 65 135 207 125 166 168 54 258 261 167 102 231 73 248 90 226 16 34 26 63
252 36 120 3 87 146 153 260 265 106 139 89 5 115 175 169 192 79 246 247 197 118 96 209 88 242 190 26 24 181 135 164 155 206 167 255 12 76 54 159 20 248 173 201 140 219 207 70 126 90 177 176 193 69 245 8 6 58 239 27 113 2 191 99 93 217 59 127 131 244 51 42 114 73 142 44 123 86 122 204 0 262 230 97 72 38 188 33 179 130 80 91 75 161 133 9 10 124 170 15 240 225 187 234 61 35 39 162 254 100 110 4 195 220 194 46 157 17 156 163 166 186 200 144 214 150 62 31 222 198 23 199 52 57 83 229 14 50 48 168 211 174 256 101 235 67 1 29 228 63 116 158 85 183 121 98 259 202 147 95 253 182 18 178 145 154 104 119 22 149 213 216 224 102 189 16 212 108 34 241 56 151 184 180 64 40 249 71 43 81 66 138 136 45 237 30 78 251 109 233 208 77 125 203 238 21 111 236 196 11 258 92 47 32 134 128 105 143 243 132 7 172 82 107 250 65 227 55 53 112 215 68 218 231 25 37 13 84 117 94 129 28 257 41 148 152 223 74 232 165 261 185 49 210 137 171 19 103 264 205 60 221 141 263 160 226
60 3
58 63 28 95 171 74 191 37 217 245 94 253 188 198 88 153 126 134 41 199 177 52 156 137 223 64 101 246 2 103 262 90 209 125 59 250 123 7 67 102 175 18 96 229 97 143 230 47 77 180 105 142 21 57 135 110 119 53 0 34 213 117 258 1 25 186 196 38 252 182 218 238 190 201 5 75 215 48 214 121 80 176 170 254 239 151 183 212 14 241 31 216 232 159 10 3 42 44 244 256 100 26 39 29 195 50 138 222 148 113 55 189 194 109 243 133 116 61 147 56 145 79 150 36 259 33 16 221 181 167 257 225 165 115 17 54 168 23 106 174 255 261 51 45 144 120 236 118 108 202 122 85 197 15 227 263 22 160 264 93 157 166 205 260 211 132 161 129 136 178 82 4 247 265 139 40 81 20 169 224 49 128 69 86 204 233 65 231 12 111 72 6 192 193 112 104 66 152 13 19 235 73 149 228 184 162 248 242 237 32 249 164 87 60 78 76 91 8 70 220 219 127 107 24 179 131 226 154 203 43 46 187 92 185 240 200 146 208 71 84 234 89 207 114 98 9 27 172 206 210 35 251 68 11 83 140 99 130 62 124 163 141 30 155 158 173
42 68 39 147 255 66 121 152 19 129 258 184 206 168 119 253 113 17 191 8 164 75 222 172 226 188 236 27 123 178 40 192 133 145 174 98 60 63 38 2 30 235 0 240 103 221 86 225 242 84 229 77 73 91 142 96 220 161 263 195 36 211 115 37 72 216 5 101 1 205 78 252 64 52 254 21 199 51 70 106 130 158 112 88 49 262 46 241 83 203 233 53 247 244 194 217 55 177 35 249 201 67 143 44 151 212 79 165 218 155 126 111 82 16 176 62 116 169 128 14 160 6 179 28 156 243 110 213 118 9 80 257 180 32 134 237 193 230 227 175 190 208 54 102 198 33 146 3 204 224 265 104 7 214 200 109 124 264 81 250 120 57 202 183 20 107 256 246 13 117 209 248 23 182 34 139 114 97 29 122 132 215 173 163 11 251 210 238 25 189 140 18 31 136 94 59 219 231 144 76 154 100 162 89 148 69 12 261 141 170 186 61 105 127 153 181 65 95 108 196 56 45 22 223 149 47 24 138 234 50 137 197 260 90 228 41 26 135 187 259 43 87 48 125 93 245 167 92 171 99 159 185 71 15 74 4 166 131 10 239 232 207 85 58 157 150
70 124 105 210 33 237 150 84 256 24 232 243 157 127 30 109 61 116 200 91 140 115 54 133 9 103 38 226 168 263 14 31 260 4 119 162 43 59 26 203 196 224 253 36 171 240 258 128 239 238 50 88 170 147 22 178 135 99 211 37 89 16 73 262 145 65 77 246 165 235 0 195 176 62 174 194 131 66 126 191 118 153 86 261 7 231 82 87 51 60 251 19 137 182 100 257 177 113 122 57 94 245 193 25 219 2 154 152 158 15 204 134 172 97 206 21 17 248 80 34 214 205 98 198 1 218 78 13 47 223 199 76 141 23 111 56 213 92 149 197 20 132 180 144 143 64 167 53 155 138 6 254 107 81 106 148 187 12 108 173 184 216 35 247 188 68 181 146 28 190 52 44 112 159 74 252 72 96 55 244 142 166 93 183 160 185 215 156 164 189 169 79 233 102 75 71 40 139 123 130 18 209 250 39 110 121 114 220 259 201 3 58 221 136 120 186 161 225 125 104 207 212 242 129 41 217 27 265 229 228 230 85 10 192 241 69 236 5 49 48 45 234 222 11 179 101 67 163 117 249 202 90 175 42 151 264 8 95 46 208 32 83 63 29 255 227
110 2
236 257 221 198 64 165 149 164 231 245 254 194 260 95 219 212 118 60 104 80 34 119 89 210 223 171 209 182 178 193 262 174 101 161 25 168 22 151 218 117 235 42 71 50 87 154 189 216 166 248 251 44 152 73 131 258 52 49 68 177 187 102 110 172 59 186 196 205 106 246 67 238 162 79 255 139 113 48 263 17 199 170 176 94 184 7 261 153 40 112 107 47 157 159 78 247 18 142 158 197 155 185 179 93 24 229 129 91 8 215 109 230 253 55 30 19 83 181 16 128 20 201 228 85 234 237 147 28 61 136 63 46 74 115 121 173 250 224 252 90 5 183 144 84 51 265 58 126 206 204 81 36 256 192 76 214 123 11 226 29 232 77 38 188 92 203 125 138 167 2 233 111 3 120 75 14 122 145 35 23 53 56 242 207 202 82 163 217 114 4 124 62 15 103 241 41 66 21 27 133 175 57 191 150 239 190 180 69 33 140 99 37 97 134 10 227 222 148 220 70 88 146 31 195 39 135 264 143 132 98 225 213 211 26 200 240 127 9 96 45 259 156 86 12 43 208 13 1 108 137 169 105 0 160 116 32 249 141 6 72 65 130 243 100 244 54
26 45 196 223 185 84 103 108 32 123 145 74 49 128 14 105 151 217 203 130 131 174 36 23 140 243 0 215 110 197 72 207 8 94 40 202 22 160 228 249 34 41 227 101 241 1 229 246 248 12 188 176 253 106 144 234 181 189 79 194 136 219 199 150 220 155 148 193 187 200 107 167 30 250 11 154 216 265 235 58 236 143 116 230 5 114 170 231 166 256 124 91 135 141 33 99 109 237 156 95 134 43 239 6 168 15 53 70 7 96 28 251 224 113 85 165 82 118 117 205 245 264 186 9 90 244 147 172 13 169 19 20 171 238 100 92 60 232 138 210 24 93 263 81 54 10 221 126 66 190 63 16 211 173 75 65 98 240 254 222 37 163 212 161 214 115 88 71 104 129 86 132 127 153 21 257 51 262 233 258 206 56 191 204 184 4 122 68 50 57 149 182 260 67 59 261 2 29 252 62 69 225 35 18 183 119 180 31 255 209 139 152 162 218 164 27 76 17 213 61 64 146 159 3 112 201 259 42 38 46 83 87 137 178 55 78 80 97 133 102 157 44 242 25 125 120 47 247 48 39 73 111 198 52 158 208 89 175 179 226 192 195 177 142 121 77
114 2
82 66 183 5 12 3 132 16 168 180 162 93 4 184 235 107 7 164 52 213 74 173 105 101 48 96 65 203 147 255 81 122 233 209 145 238 158 227 197 113 194 138 42 251 154 225 134 195 24 114 149 157 18 223 196 163 262 57 250 215 171 206 218 182 211 26 1 146 253 174 140 259 177 216 20 119 200 84 221 133 83 30 0 80 77 104 86 229 92 91 106 89 88 11 144 112 25 178 124 202 169 23 127 103 85 22 90 15 151 189 179 111 95 39 49 139 172 239 129 75 176 242 31 165 98 257 142 102 226 118 234 241 6 79 46 228 160 150 41 115 70 258 126 244 94 34 67 28 237 50 137 108 188 224 44 231 261 51 36 170 136 161 10 55 17 123 219 249 8 100 159 60 116 21 69 220 120 72 97 110 9 190 63 2 13 201 246 230 152 109 181 222 256 264 40 47 54 38 248 199 76 185 99 27 247 263 61 265 210 33 208 64 236 19 243 59 73 217 62 166 175 78 191 53 153 45 128 37 135 87 187 155 232 32 130 14 212 148 35 117 252 131 121 214 143 254 186 204 198 167 58 43 240 68 245 29 192 125 141 71 260 156 56 205 193 207
74 196 194 118 260 248 26 126 221 236 174 69 35 95 31 241 224 49 82 171 264 109 38 185 87 153 71 176 140 32 165 150 228 170 198 243 167 183 253 28 203 17 223 34 86 231 58 188 104 41 233 177 66 215 186 96 30 151 81 122 179 102 1 197 64 240 250 189 91 220 226 6 59 23 79 249 42 67 27 0 258 46 147 44 263 48 83 265 232 255 195 213 40 36 94 252 130 180 19 119 15 261 169 245 85 60 57 146 158 166 16 230 125 123 187 132 65 201 172 222 156 107 72 246 124 251 149 161 128 148 55 117 138 70 211 135 202 200 115 184 39 229 89 75 80 51 121 18 235 7 14 106 212 234 181 136 216 111 204 8 10 219 238 63 53 56 21 93 84 61 239 98 3 2 160 103 78 145 162 105 254 207 50 206 217 73 218 257 192 77 141 45 47 134 173 244 62 163 43 242 259 131 155 92 108 88 37 154 152 199 4 193 208 68 225 164 120 139 54 127 11 159 99 76 110 256 133 101 29 190 157 191 205 182 25 129 247 5 178 33 116 100 209 12 90 175 113 9 237 143 52 112 13 22 97 142 214 114 144 137 210 227 20 168 262 24
120 2
231 163 94 244 97 237 13 112 254 217 167 45 23 245 71 154 185 59 221 158 16 76 164 259 100 195 55 173 206 264 123 175 46 242 263 224 121 261 15 48 0 41 192 25 207 155 73 166 227 135 128 191 19 24 66 99 189 113 35 72 168 50 117 232 248 82 251 33 22 74 101 80 17 32 177 34 174 57 2 202 14 262 152 87 153 114 241 253 190 210 60 181 136 47 78 150 103 212 149 26 53 219 182 144 226 143 162 109 7 225 200 125 108 77 127 88 8 205 84 31 203 223 49 209 139 171 230 85 61 5 95 134 197 140 141 122 145 81 196 236 257 131 147 234 96 92 188 180 64 218 130 165 65 118 38 11 51 204 52 255 146 28 199 229 68 239 93 256 90 102 246 111 198 176 21 119 27 69 56 172 142 265 169 104 9 20 157 37 160 178 115 156 214 138 194 43 193 201 179 106 228 132 216 220 186 62 161 215 159 30 240 63 4 86 42 44 79 184 98 70 120 260 252 36 58 107 183 39 110 1 250 40 211 233 105 235 124 129 170 151 89 213 67 29 249 6 238 247 148 3 126 54 258 83 116 208 10 133 222 12 18 187 137 75 243 91
209 36 61 3 70 91 26 155 55 95 196 85 106 63 150 229 148 46 66 219 75 154 22 206 28 243 6 164 24 252 181 260 153 135 109 190 1 132 238 110 174 78 193 138 185 184 17 90 245 126 244 158 255 202 87 8 173 217 156 247 235 2 79 13 220 214 18 107 257 175 4 98 234 166 187 20 213 117 41 62 86 250 215 165 168 11 80 54 265 176 47 5 140 105 249 9 131 259 71 188 228 121 144 103 104 93 12 67 116 34 39 115 212 246 200 111 108 77 143 177 120 101 139 161 124 163 49 171 128 254 191 96 37 210 186 33 136 167 43 122 92 189 216 118 102 182 159 149 16 147 14 201 236 32 21 7 58 240 51 146 205 123 170 125 27 83 73 137 84 204 162 127 262 56 40 69 89 119 178 203 223 30 145 256 45 44 134 74 99 141 35 130 198 42 233 207 10 261 192 232 114 151 53 179 169 160 23 195 231 0 133 224 112 76 65 82 142 57 237 19 64 251 230 180 211 258 263 241 100 15 222 208 199 194 72 60 152 218 38 253 157 227 248 25 50 48 113 59 242 94 81 221 29 239 129 52 183 68 225 97 31 197 172 226 264 88
168 2
133 240 28 129 67 19 186 256 253 242 264 58 198 169 179 137 218 68 138 124 56 21 219 100 171 136 166 220 204 38 139 158 25 176 175 70 212 16 183 168 182 105 42 93 134 79 80 157 143 117 18 61 250 45 185 241 265 148 248 199 22 104 225 118 97 251 221 210 222 30 90 65 150 101 48 119 82 23 103 53 227 172 261 203 3 201 1 229 260 72 35 238 234 131 98 57 156 122 165 52 77 194 24 252 51 207 54 232 262 192 147 47 88 39 215 142 63 217 116 164 40 153 64 132 5 121 123 259 226 84 130 43 126 170 255 85 32 196 50 69 107 115 141 74 81 247 249 223 95 151 89 245 31 125 34 145 189 111 152 7 27 161 187 162 75 94 202 108 113 211 0 102 144 114 33 154 174 195 216 200 128 83 120 29 246 106 188 163 6 96 109 8 190 146 73 228 15 62 254 239 14 135 26 181 2 205 91 41 55 236 4 13 258 184 209 173 243 49 37 60 160 263 17 110 9 197 180 46 177 257 127 235 140 231 237 233 214 92 206 59 86 208 224 178 10 149 213 155 11 193 99 71 78 191 12 44 159 87 36 230 112 76 167 66 244 20
116 218 214 117 164 189 221 113 227 32 64 72 264 108 153 15 184 204 11 148 253 78 70 50 22 94 58 262 259 133 216 135 235 255 142 208 198 12 87 151 194 213 104 75 111 52 100 4 123 234 222 51 132 119 256 62 200 223 226 137 203 239 138 60 205 105 103 171 201 21 24 73 18 95 167 152 146 233 69 238 83 141 13 159 252 183 175 176 186 25 20 2 30 231 89 71 19 5 187 220 157 182 128 237 114 156 48 0 82 210 110 179 188 169 42 57 107 263 249 241 240 228 34 106 36 170 102 180 126 84 41 28 45 155 39 245 67 215 55 112 127 251 122 56 1 77 202 258 96 99 181 134 43 165 154 29 65 46 248 80 191 196 8 85 47 14 174 229 206 7 190 136 16 61 177 212 38 166 6 44 140 257 244 163 172 197 217 230 139 97 125 236 54 79 207 93 199 242 124 161 143 261 76 63 219 10 247 40 211 109 209 35 86 130 91 59 92 88 144 17 149 178 23 115 118 33 26 162 250 74 98 195 27 145 243 9 160 66 193 173 254 53 185 49 101 31 147 168 265 224 121 81 129 90 120 225 192 150 246 131 260 68 232 3 37 158
660 2
159 86 76 84 99 223 170 2 38 254 265 215 256 149 173 227 3 171 247 191 207 64 54 188 263 52 210 160 77 136 174 69 152 183 234 42 124 172 41 224 21 8 74 112 93 43 115 202 217 106 44 119 208 228 90 111 20 37 98 27 261 61 131 140 40 142 91 53 241 164 238 29 175 26 35 109 7 158 34 186 55 212 51 225 16 13 231 239 122 249 22 258 120 50 32 206 60 117 240 155 156 47 147 81 180 157 113 214 9 232 148 80 45 49 11 213 187 143 39 82 259 255 176 104 138 189 128 110 204 63 257 167 18 153 12 14 71 139 36 198 129 17 192 97 87 145 193 246 127 85 200 24 94 260 30 4 235 229 28 185 59 248 121 23 31 72 182 62 95 161 221 141 57 135 154 165 88 205 146 222 123 150 197 245 211 0 199 219 163 242 253 196 65 178 179 130 19 166 137 79 181 5 101 203 126 220 168 56 25 70 73 236 103 46 233 114 83 237 10 116 177 6 194 201 118 216 250 251 67 105 68 1 75 107 78 100 184 48 209 144 58 230 125 243 244 33 102 132 169 262 252 15 226 264 108 162 134 195 66 92 133 96 89 151 190 218
224 158 172 48 140 102 240 61 13 9 38 68 192 161 74 250 84 162 191 131 115 211 41 231 151 18 264 190 5 65 17 228 33 260 81 29 117 6 243 57 220 111 132 105 40 163 149 229 142 254 109 62 181 127 106 168 21 100 4 27 252 180 241 93 0 35 258 67 222 69 126 246 173 160 157 137 177 24 146 255 251 88 238 47 165 184 107 98 34 199 95 73 76 139 46 183 133 209 156 152 39 103 28 242 245 187 261 138 206 169 244 22 178 226 70 221 147 237 113 194 235 42 119 182 196 154 114 148 186 85 125 234 121 170 124 71 219 265 86 63 58 143 3 225 99 31 208 247 53 94 176 77 144 2 130 80 87 14 230 15 91 8 30 257 110 16 248 128 185 50 96 89 153 174 72 262 263 92 223 204 7 189 207 90 129 55 167 43 82 52 59 25 216 23 122 249 134 259 108 171 136 256 97 203 217 49 198 123 78 202 26 56 195 213 79 175 12 179 60 200 44 20 11 112 64 141 118 166 145 83 1 193 120 201 19 232 197 36 188 104 37 51 101 10 164 239 135 116 227 212 159 155 218 66 205 214 233 45 253 236 32 54 215 150 210 75
