25308 38
57 148
2
0 1 36 37 2 3 4 5 6 7 8 9 10 11 12 13 14 15 16 17 18 19 20 21 22 23 24 25 26 27 28 29 30 31 32 33 34 35
1 20 19 30 33 4 13 36 22 3 37 15 8 23 14 16 11 27 32 21 0 2 12 6 25 29 26 34 18 24 9 10 28 5 17 7 35 31
6
2 1
21 30 7 25 15 17 6 2 13 9 34 36 26 8 20 4 33 5 35 23 14 0 24 19 22 3 12 29 32 27 1 37 28 16 10 18 11 31
3 1
33 8 20 17 3 11 16 25 30 2 24 21 12 28 27 15 22 4 7 0 9 5 6 10 23 18 31 35 36 32 1 34 37 19 26 14 13 29
4 2
36 23 28 30 17 33 19 24 37 34 32 11 12 27 25 22 35 4 26 6 29 31 15 1 7 14 18 13 2 20 3 21 10 5 9 16 0 8
32 20 27 24 5 4 16 30 26 22 36 12 11 28 25 34 6 33 37 35 1 21 9 29 3 14 8 2 13 23 7 31 0 17 15 19 10 18
19 1
24 22 21 17 30 32 31 36 3 27 33 20 4 34 2 23 8 12 6 26 13 19 7 10 15 14 16 29 25 11 37 28 1 5 0 18 9 35
37 1
4 1 17 14 3 15 19 27 37 25 12 30 29 8 2 18 10 13 9 26 32 22 0 5 16 11 31 36 34 7 28 35 21 23 6 20 33 24
74 2
29 27 5 8 32 2 25 9 3 7 28 13 17 11 31 18 24 12 15 20 19 21 34 30 16 6 33 1 10 0 23 14 4 26 22 35 37 36
31 14 26 29 37 8 16 19 5 15 10 22 13 12 1 9 6 21 25 7 27 17 11 34 28 18 2 20 24 3 36 0 33 32 23 35 30 4
