150348 68
44 51 102 132 134 187 268 374
2
0 1 66 67 2 3 4 5 6 7 8 9 10 11 12 13 14 15 16 17 18 19 20 21 22 23 24 25 26 27 28 29 30 31 32 33 34 35 36 37 38 39 40 41 42 43 44 45 46 47 48 49 50 51 52 53 54 55 56 57 58 59 60 61 62 63 64 65
1 35 34 62 20 23 37 3 67 53 9 40 18 43 19 25 13 61 42 39 48 11 50 44 24 32 47 57 52 6 59 51 15 64 36 0 2 29 45 14 21 33 12 16 5 55 46 65 4 30 66 56 58 10 27 38 31 54 28 49 17 60 7 8 41 26 22 63
14
2 1
43 10 36 18 11 25 66 21 34 37 1 4 67 54 33 58 44 51 3 45 39 7 30 31 59 5 62 57 48 60 22 23 46 14 8 50 2 9 61 20 65 52 49 0 16 19 32 53 28 42 35 17 41 47 13 56 55 27 15 24 29 38 26 64 63 40 6 12
3 1
5 14 37 10 2 24 8 3 44 22 7 21 39 13 33 66 29 27 38 62 15 51 54 18 0 25 57 53 35 50 32 28 60 1 67 31 34 4 23 47 58 56 19 52 6 46 64 12 63 41 16 11 61 17 9 48 49 65 59 40 30 43 42 55 45 26 20 36
4 2
41 30 34 37 18 47 12 9 21 7 25 40 6 57 58 35 28 20 4 49 17 8 52 39 66 10 27 26 16 38 1 60 48 42 2 15 56 3 29 23 11 0 33 55 45 44 61 5 32 19 63 54 22 67 51 43 36 13 14 65 31 46 64 50 62 59 24 53
12 19 9 27 28 60 41 34 46 2 36 64 0 15 55 13 18 42 16 1 33 61 29 51 63 56 37 3 4 22 49 47 53 20 7 57 10 26 52 54 62 6 17 58 65 59 8 31 67 30 66 23 38 32 39 14 25 35 43 45 5 21 40 24 11 44 50 48
6 2
62 49 55 23 34 66 10 46 31 59 6 41 64 15 37 13 53 18 17 54 61 63 42 3 48 50 57 28 27 58 32 8 30 47 4 39 52 14 65 35 45 11 22 56 51 40 7 33 24 1 25 44 36 16 19 2 43 26 29 9 67 20 0 21 12 38 5 60
44 55 34 42 49 6 5 20 54 39 21 35 23 26 61 32 51 48 67 38 7 10 64 12 60 45 13 28 27 50 57 65 15 36 2 11 33 46 19 9 58 59 3 47 0 25 37 43 17 4 29 16 56 62 8 1 52 30 40 41 24 14 53 66 22 31 63 18
11 1
22 39 20 7 3 16 48 19 8 53 42 13 45 58 54 41 59 1 47 37 32 56 6 34 10 40 28 57 67 15 61 31 36 17 43 49 35 38 11 52 64 65 62 63 9 50 23 26 12 18 44 25 30 66 46 60 4 33 21 51 27 55 5 29 24 14 0 2
12 2
62 49 55 23 34 66 10 46 31 59 6 41 64 15 37 13 53 18 17 54 61 63 42 3 48 50 57 28 27 58 32 8 30 47 4 39 52 14 65 35 45 11 22 56 51 40 7 33 24 1 25 44 36 16 19 2 43 26 29 9 67 20 0 21 12 38 5 60
17 43 36 32 4 14 45 51 42 64 6 59 41 31 63 29 19 67 54 62 18 9 15 46 56 28 24 1 48 22 39 55 44 7 65 23 58 11 34 47 40 66 52 27 3 10 35 30 25 50 57 33 8 60 20 13 26 49 2 37 61 53 16 5 21 38 12 0
17 1
16 56 8 49 42 66 25 39 13 20 7 50 31 62 38 46 17 28 12 61 21 1 63 67 29 19 54 48 57 35 27 40 58 2 36 4 14 32 45 37 15 24 18 53 43 5 9 0 51 11 60 44 55 26 34 10 41 22 65 52 59 33 47 6 30 23 64 3
22 2
63 11 51 53 37 21 23 15 42 12 45 1 9 38 24 7 17 16 30 49 34 5 48 6 14 55 52 47 41 64 18 35 66 46 20 31 61 4 13 43 54 28 8 39 56 10 33 27 22 19 60 2 26 3 40 25 44 58 57 67 50 36 65 0 29 62 32 59
63 12 67 64 33 42 11 8 7 62 18 6 1 66 41 43 25 29 10 54 24 56 40 26 20 16 23 38 44 17 36 47 60 4 61 53 30 48 27 45 22 14 5 15 28 39 58 31 37 52 59 55 49 35 19 51 21 65 46 50 32 34 9 0 3 57 13 2
33 1
52 61 57 49 5 55 50 25 3 54 2 20 60 14 47 10 8 19 43 62 32 35 65 0 6 38 34 16 31 13 9 41 1 48 12 15 51 4 28 39 37 66 33 53 27 45 59 44 22 63 58 42 64 56 29 30 46 40 21 11 24 23 36 26 7 67 17 18
34 1
41 52 23 58 29 48 45 64 35 4 7 61 9 57 42 10 25 24 47 54 62 12 33 65 8 30 43 16 6 55 56 66 44 0 22 34 40 14 67 26 13 53 59 5 1 49 27 37 38 21 11 50 63 19 28 60 15 31 39 46 3 2 17 51 36 18 32 20
34 2
12 54 56 35 55 48 50 20 67 38 64 62 0 39 23 26 60 34 61 44 7 25 47 14 30 21 15 53 57 37 24 63 49 66 17 3 42 29 9 13 51 45 36 52 19 41 59 22 5 32 6 40 43 27 1 4 2 28 65 46 16 18 11 31 10 58 33 8
53 7 14 12 50 19 64 1 36 32 56 42 3 34 2 65 43 44 49 5 37 39 27 40 52 66 47 22 51 59 63 67 9 38 13 60 8 20 33 21 23 55 11 16 17 61 58 26 57 18 4 28 24 0 62 41 10 48 46 29 35 45 54 30 6 15 25 31
34 2
39 45 61 30 1 55 32 5 20 4 11 37 59 40 46 57 56 2 53 10 43 15 18 35 67 21 65 58 22 50 48 6 33 24 42 60 51 12 36 34 62 26 19 63 17 49 66 3 41 8 31 16 28 27 38 44 25 47 7 14 64 13 52 29 0 54 23 9
43 10 36 18 11 25 66 21 34 37 1 4 67 54 33 58 44 51 3 45 39 7 30 31 59 5 62 57 48 60 22 23 46 14 8 50 2 9 61 20 65 52 49 0 16 19 32 53 28 42 35 17 41 47 13 56 55 27 15 24 29 38 26 64 63 40 6 12
66 2
38 6 47 13 5 4 1 24 66 64 61 52 26 3 30 19 60 45 32 15 37 48 55 62 7 29 12 65 50 25 14 41 18 58 49 46 44 20 0 40 39 31 63 56 36 17 35 2 21 34 28 57 11 59 67 22 43 51 33 53 16 10 23 42 9 27 8 54
62 49 55 23 34 66 10 46 31 59 6 41 64 15 37 13 53 18 17 54 61 63 42 3 48 50 57 28 27 58 32 8 30 47 4 39 52 14 65 35 45 11 22 56 51 40 7 33 24 1 25 44 36 16 19 2 43 26 29 9 67 20 0 21 12 38 5 60
67 1
52 7 34 38 21 25 20 51 67 4 14 2 36 9 1 59 6 11 10 46 47 3 32 28 40 24 42 65 63 30 54 18 64 33 44 16 37 22 43 15 26 61 41 5 29 62 60 17 35 19 31 27 56 12 13 49 48 53 66 0 50 23 57 45 55 58 8 39
