265680 82
123 205 432
2
0 1 80 44 17 26 35 53 62 71 81 2 10 11 12 13 14 15 16 18 4 19 20 21 22 23 24 25 27 5 28 29 30 31 32 33 34 36 6 37 38 39 40 41 42 43 45 3 46 47 48 49 50 51 52 54 7 55 56 57 58 59 60 61 63 8 64 65 66 67 68 69 70 72 9 73 74 75 76 77 78 79
1 3 2 0 5 7 8 4 9 6 20 65 42 54 36 33 62 19 35 64 70 71 50 16 11 32 80 72 22 75 31 39 44 53 13 48 51 78 58 30 55 69 46 56 25 49 12 59 18 79 28 14 60 15 34 77 73 37 76 66 61 52 23 41 17 24 47 26 29 63 10 81 74 43 27 68 38 40 57 45 67 21
62
2 1
9 68 20 80 39 64 42 79 63 0 12 18 10 31 62 40 24 44 11 22 2 35 19 61 16 52 81 32 54 50 69 13 27 33 47 21 36 55 72 4 15 76 6 60 17 53 49 34 59 46 29 57 25 45 28 37 58 51 56 48 43 23 14 8 5 70 73 74 1 30 65 75 38 66 67 71 41 78 77 7 3 26
3 1
28 41 35 71 31 55 66 75 14 38 22 36 11 61 44 4 2 6 59 67 77 63 73 25 37 53 20 24 39 76 21 15 19 72 42 16 12 27 46 0 40 52 80 56 8 69 9 78 13 62 18 29 1 23 43 57 54 5 70 50 7 48 65 30 3 49 17 32 45 68 79 64 74 10 33 60 51 26 81 58 34 47
3 1
75 20 45 55 30 24 60 5 18 64 65 43 73 37 4 77 58 22 53 51 59 57 79 10 7 49 54 70 31 11 14 34 44 19 28 80 9 78 35 69 3 15 0 29 48 71 68 21 32 56 63 33 39 8 74 40 25 47 66 1 81 50 27 61 36 23 16 67 76 52 62 2 12 72 26 42 46 41 13 17 38 6
4 1
19 71 15 42 44 12 66 79 43 73 75 6 8 2 55 77 31 56 61 17 49 52 20 60 39 58 53 69 47 68 80 72 23 64 62 33 1 11 36 14 3 16 50 5 18 65 48 25 9 63 40 74 45 76 7 24 0 57 28 26 67 4 10 22 78 21 37 32 51 30 70 38 41 46 29 34 59 13 35 81 27 54
4 2
30 22 73 11 61 64 21 47 34 9 17 3 26 53 19 67 31 10 78 14 48 6 1 68 65 60 12 40 59 56 0 16 76 38 8 46 42 57 33 72 27 79 36 51 63 54 35 7 20 74 75 43 52 13 45 58 29 37 55 28 25 4 81 44 5 24 69 15 23 66 77 80 39 2 49 50 32 70 18 41 71 62
65 54 34 55 42 56 51 18 73 52 68 58 32 37 44 35 16 23 7 63 48 43 45 17 30 74 76 71 77 64 24 31 12 75 2 15 61 13 50 79 80 72 4 21 14 22 67 78 20 60 38 6 9 57 1 3 5 53 11 70 49 36 66 19 29 0 62 46 10 81 59 27 41 8 25 33 26 28 47 39 40 69
4 2
61 19 16 48 38 5 49 28 74 57 54 43 24 72 45 25 2 78 21 1 47 18 46 80 12 15 52 70 7 50 51 44 35 60 58 32 66 69 4 79 76 73 62 11 31 14 22 20 3 6 29 30 26 53 10 65 68 9 34 63 33 0 42 59 71 55 36 81 56 37 27 64 13 41 8 77 40 75 17 39 23 67
21 75 28 24 80 53 10 16 52 51 6 20 48 76 60 68 7 78 61 77 11 0 71 38 3 56 74 27 2 35 57 37 50 45 41 29 79 31 23 66 72 34 81 47 69 33 64 43 12 54 32 9 8 5 49 63 25 30 73 65 14 18 67 55 46 59 39 62 15 44 70 22 40 58 26 1 13 19 17 36 4 42
5 1
30 77 71 67 64 39 35 74 19 50 17 45 65 62 31 43 11 54 24 76 3 42 63 4 6 27 26 32 44 0 15 5 52 57 37 53 25 66 28 61 69 22 16 29 12 21 56 58 59 73 60 33 36 18 72 47 34 48 49 51 40 14 23 78 13 38 46 79 41 9 10 7 70 55 80 20 1 8 68 75 2
6 2
47 70 5 24 42 2 76 54 63 61 15 13 29 11 17 10 33 14 36 79 68 72 57 60 3 49 38 75 31 12 35 28 34 16 32 30 18 67 26 43 66 81 4 39 52 56 69 0 71 25 80 77 44 62 7 64 45 22 58 59 23 9 53 8 55 73 40 37 20 46 1 48 21 65 78 27 6 51 74 19 50 41
36 54 3 32 22 34 14 70 31 6 1 58 4 11 9 7 30 76 47 72 19 79 12 16 5 50 46 26 63 57 23 48 2 60 24 33 64 45 75 25 56 65 29 80 41 66 27 55 8 43 39 62 73 77 10 18 67 42 13 59 35 17 78 71 0 44 37 40 21 38 15 28 20 81 53 69 61 74 51 68 49 52
6 2
42 24 38 77 4 56 75 62 68 12 16 76 9 67 80 60 10 36 64 43 61 72 79 46 1 34 40 37 39 63 49 57 41 69 25 81 17 27 2 28 26 32 0 19 59 66 23 47 73 30 55 78 58 71 65 50 5 31 52 44 15 20 7 29 18 54 45 13 8 33 74 53 21 48 70 6 11 3 51 22 14 35
47 13 34 53 4 32 71 67 25 41 50 70 56 1 43 80 31 39 46 60 26 44 64 79 62 8 20 51 33 45 66 16 5 28 2 40 69 54 68 17 35 9 42 14 21 29 18 0 76 63 10 27 72 3 37 57 12 55 59 58 19 81 24 49 22 78 30 7 38 36 11 6 52 74 73 77 48 75 65 23 15 61
8 1
40 68 5 46 58 73 11 23 42 29 35 69 36 80 7 60 49 43 71 50 37 65 59 48 54 28 9 39 81 24 72 52 38 64 34 33 2 79 19 31 26 0 53 63 16 76 66 45 51 22 15 4 47 30 41 13 67 78 61 18 21 14 57 8 62 32 20 3 55 1 10 77 17 25 27 75 74 44 70 56 6 12
8 2
21 13 52 38 55 12 74 25 8 64 77 39 5 1 59 56 51 75 31 50 47 0 79 67 29 7 37 33 48 24 63 18 70 27 42 54 45 26 3 11 65 66 34 43 76 36 49 20 28 46 19 16 2 72 35 4 15 60 78 14 57 68 71 30 9 40 41 23 61 81 32 62 53 80 6 17 44 10 58 22 73 69
36 35 29 38 54 7 60 5 51 62 34 55 69 39 14 59 43 52 67 79 27 30 26 74 72 32 22 20 63 2 21 57 25 66 10 1 0 76 3 13 49 61 80 16 50 48 71 68 45 40 44 8 17 75 4 11 56 31 73 15 6 41 9 28 65 64 33 18 47 12 81 46 24 58 23 53 37 78 77 19 42 70
8 2
61 67 54 15 9 52 33 45 38 4 41 73 17 77 59 3 56 12 64 23 27 50 75 19 62 81 49 20 76 36 79 47 66 6 53 78 29 55 8 44 72 10 69 51 39 7 74 31 48 26 21 43 5 34 2 37 16 63 60 14 58 0 24 57 18 71 32 1 70 42 68 65 40 11 46 22 28 13 35 30 80 25
41 6 45 46 70 17 1 30 29 67 77 28 57 21 48 18 74 5 15 26 65 13 69 47 78 27 19 25 11 8 7 32 31 68 38 42 43 71 34 44 79 0 35 36 39 2 3 23 14 66 61 53 58 51 72 81 64 12 52 80 63 50 75 60 56 20 49 9 33 22 4 37 54 73 16 62 76 10 24 40 59 55
9 2
66 47 2 59 15 33 68 53 29 75 50 57 30 67 61 16 4 69 54 63 28 17 74 7 78 1 18 10 72 58 77 40 3 62 80 34 52 73 6 55 42 81 31 24 0 36 39 25 13 51 27 60 45 23 26 46 11 56 8 32 49 79 5 71 41 37 44 48 38 21 22 19 20 65 70 76 9 12 43 14 35 64
41 69 2 63 80 67 14 26 36 51 25 9 53 39 65 35 34 10 12 20 32 27 0 54 8 17 77 47 3 52 23 16 19 48 31 42 24 68 79 62 4 22 15 58 64 43 33 21 46 56 1 11 78 18 30 5 76 75 45 71 57 37 13 28 70 6 81 55 61 50 44 72 59 38 66 60 49 7 29 73 40 74
9 2
61 52 2 60 71 81 48 21 18 35 8 15 25 22 46 19 63 24 10 11 9 43 68 69 53 36 27 58 75 54 1 3 51 64 28 20 12 62 67 0 59 37 32 7 14 77 44 45 70 40 29 42 30 17 50 66 4 16 26 49 31 39 41 57 65 33 79 74 13 78 6 56 76 5 38 34 80 47 23 55 72 73
26 80 2 67 14 36 69 51 63 41 16 0 75 43 50 61 79 31 57 39 62 42 7 49 3 34 11 15 5 71 76 38 13 52 73 37 28 47 17 58 6 77 68 32 54 20 29 35 78 70 4 22 72 60 56 8 44 66 19 48 74 27 45 55 30 1 18 24 21 40 23 46 33 25 53 81 64 9 59 10 65 12
9 2
29 63 26 44 64 72 49 78 11 55 41 39 68 15 58 30 81 36 73 16 37 67 46 0 21 14 47 80 42 23 13 27 10 18 48 17 35 52 60 8 28 32 40 43 57 75 74 2 65 79 69 50 20 12 45 71 1 3 25 7 76 5 4 56 62 34 77 24 53 51 66 9 61 33 22 54 38 70 59 6 31 19
45 27 20 42 51 4 3 29 26 53 56 47 16 66 36 77 55 24 15 9 39 14 48 54 25 17 37 41 79 75 70 10 63 13 38 67 21 8 74 2 49 1 6 43 40 59 65 52 60 44 72 5 11 19 78 12 31 28 35 0 22 62 69 80 50 76 33 58 81 61 73 68 64 30 34 7 46 18 23 57 32 71
9 2
67 46 45 70 1 41 30 17 29 6 60 23 44 55 47 71 40 37 81 42 59 11 62 21 8 26 75 65 18 24 9 48 38 16 50 20 52 7 72 0 33 76 73 43 66 58 4 54 69 13 80 27 78 3 14 49 22 77 2 35 61 10 56 74 63 51 12 39 57 31 53 79 32 19 64 25 5 68 36 15 34 28
45 27 20 42 51 4 3 29 26 53 56 47 16 66 36 77 55 24 15 9 39 14 48 54 25 17 37 41 79 75 70 10 63 13 38 67 21 8 74 2 49 1 6 43 40 59 65 52 60 44 72 5 11 19 78 12 31 28 35 0 22 62 69 80 50 76 33 58 81 61 73 68 64 30 34 7 46 18 23 57 32 71
9 2
4 31 42 16 80 40 35 34 15 2 70 46 54 59 61 63 68 75 52 19 1 13 33 65 47 44 18 60 45 38 55 20 76 36 39 79 22 58 69 7 64 28 9 23 50 41 71 48 24 37 25 12 26 73 51 81 72 27 49 21 57 67 53 8 5 43 10 14 3 29 66 11 77 62 32 78 74 56 17 6 0 30
35 42 32 59 79 18 38 70 45 74 48 16 60 46 78 41 21 62 23 19 2 11 50 5 7 37 43 81 72 4 12 9 20 25 66 69 44 33 80 10 52 56 76 64 58 77 68 34 39 22 49 27 65 67 57 54 15 55 36 71 30 17 61 28 26 40 47 75 13 0 24 3 63 14 31 53 1 8 73 29 6 51
9 2
32 50 80 39 81 45 53 2 6 57 69 51 27 9 44 4 68 16 75 12 24 46 43 22 30 59 54 19 78 56 20 29 61 10 41 72 21 62 26 76 37 63 28 23 52 60 36 58 70 73 79 66 14 8 38 55 31 13 74 67 5 0 40 34 18 35 11 25 17 33 77 49 65 71 47 64 3 48 42 1 7 15
23 53 13 37 20 48 17 57 68 10 80 64 81 33 71 30 1 79 34 4 19 60 74 58 12 76 29 15 38 78 27 28 22 2 51 14 45 59 31 62 25 66 54 47 49 70 5 61 46 72 8 18 73 16 56 55 42 69 0 3 77 43 67 11 63 52 75 39 50 7 36 35 44 65 32 41 40 21 26 6 9 24
9 2
47 59 61 62 79 71 56 57 23 39 49 16 80 15 12 65 73 9 44 45 7 81 75 69 78 25 18 58 50 64 70 68 24 10 38 6 42 36 48 17 2 28 37 31 26 52 5 63 34 33 41 22 19 27 4 3 35 20 53 74 76 40 55 0 67 13 60 29 43 8 77 46 21 11 1 51 66 30 32 54 14 72
19 54 16 18 70 37 29 15 78 20 35 34 22 9 51 39 38 57 27 68 13 71 50 32 66 25 53 3 14 49 1 63 76 56 40 67 21 72 2 7 11 80 81 47 58 43 42 45 61 6 12 28 31 55 30 26 64 65 62 4 8 73 44 52 33 17 69 10 0 24 59 36 5 48 79 41 23 74 60 77 75 46
9 2
12 42 2 46 37 78 27 57 72 74 80 81 49 8 47 73 65 4 76 5 67 16 18 11 71 40 75 34 48 20 51 14 55 43 6 38 59 17 50 36 61 53 79 63 77 3 45 31 58 0 35 66 32 56 9 52 41 64 28 39 44 25 24 33 7 21 30 29 10 15 26 62 13 69 54 70 22 60 19 1 68 23
41 69 2 63 80 67 14 26 36 51 25 9 53 39 65 35 34 10 12 20 32 27 0 54 8 17 77 47 3 52 23 16 19 48 31 42 24 68 79 62 4 22 15 58 64 43 33 21 46 56 1 11 78 18 30 5 76 75 45 71 57 37 13 28 70 6 81 55 61 50 44 72 59 38 66 60 49 7 29 73 40 74
10 1
73 27 1 65 75 3 70 24 59 58 17 76 52 46 66 51 79 69 37 43 35 2 16 74 19 10 6 47 45 30 44 71 68 14 32 29 56 55 7 53 8 18 81 26 12 4 57 25 63 31 21 49 34 54 48 11 0 40 36 28 22 23 33 15 38 42 9 61 20 50 80 39 5 62 41 13 67 77 78 72 64 60
10 2
20 63 22 49 45 57 21 52 70 65 18 79 43 19 30 36 51 35 10 13 0 6 2 23 25 24 55 41 31 39 14 28 67 77 37 17 15 34 64 29 71 27 56 12 54 4 62 68 66 3 78 16 7 69 44 26 42 5 59 58 60 73 46 1 38 9 48 32 47 53 8 40 76 61 80 81 72 33 50 11 74 75
36 35 29 38 54 7 60 5 51 62 34 55 69 39 14 59 43 52 67 79 27 30 26 74 72 32 22 20 63 2 21 57 25 66 10 1 0 76 3 13 49 61 80 16 50 48 71 68 45 40 44 8 17 75 4 11 56 31 73 15 6 41 9 28 65 64 33 18 47 12 81 46 24 58 23 53 37 78 77 19 42 70
10 2
3 24 66 0 68 72 11 76 43 10 9 6 53 29 81 65 80 57 28 19 47 38 49 63 1 44 45 78 18 13 67 48 34 58 32 71 37 36 21 74 56 52 70 8 25 26 79 20 31 22 50 73 41 12 62 61 40 17 33 69 75 55 54 23 77 15 2 30 4 59 42 35 5 51 39 60 7 64 27 46 16 14
31 53 37 55 40 29 8 56 6 62 17 22 12 50 30 61 63 10 76 24 47 68 11 69 19 48 81 57 38 5 14 0 33 32 71 77 59 2 28 43 4 45 78 39 65 41 74 20 25 79 13 52 51 1 70 3 7 27 75 36 64 15 9 16 60 44 80 73 21 23 54 34 72 67 46 58 18 35 42 49 66 26
12 2
24 31 51 56 32 58 47 50 35 26 12 68 81 71 9 39 17 44 27 70 79 61 80 73 62 2 14 55 33 5 22 69 72 41 3 65 54 66 48 57 23 28 11 38 16 7 46 59 43 76 45 25 60 19 78 18 34 15 29 6 64 74 0 13 52 8 75 20 42 1 53 63 4 40 21 37 77 49 36 67 30 10
61 69 57 27 4 18 30 70 80 44 8 67 22 76 68 25 14 11 52 2 42 41 59 21 73 50 20 29 74 3 65 38 72 24 60 81 13 77 43 7 0 23 26 31 79 51 32 35 1 75 15 53 5 45 49 34 58 19 64 12 55 40 28 37 56 6 71 17 16 48 39 78 46 33 62 54 36 63 66 9 10 47
12 2
0 73 12 13 47 68 70 78 45 26 19 7 49 48 69 31 36 15 39 64 25 44 16 80 75 66 34 71 55 41 61 17 8 50 9 63 22 1 35 60 29 40 4 33 59 32 28 42 3 2 43 53 58 67 24 46 30 23 72 21 18 56 6 38 10 76 20 51 81 79 62 74 52 37 27 54 77 65 11 14 57 5
80 63 33 34 21 66 25 7 54 44 56 22 65 47 60 67 16 79 31 73 71 4 11 57 41 6 42 70 45 46 38 18 40 2 3 64 78 61 30 53 32 24 26 76 9 28 29 13 59 52 72 69 49 39 8 75 10 23 77 48 14 37 68 1 35 12 5 15 62 51 27 20 50 19 81 55 43 58 36 17 0 74
16 2
67 58 56 17 8 10 80 64 4 11 5 9 25 22 32 55 37 3 47 24 72 39 13 81 19 12 43 63 41 34 45 40 14 54 29 62 78 16 70 21 31 28 53 26 69 30 77 18 79 49 74 75 59 42 33 15 2 60 1 52 57 71 35 27 7 68 73 0 65 44 38 61 20 66 50 51 76 46 36 48 6 23
74 46 40 17 35 55 63 20 54 69 71 45 58 78 30 15 80 3 79 60 7 65 72 44 56 64 77 49 66 61 14 42 75 41 34 4 43 76 50 81 2 33 31 36 23 11 1 62 52 27 38 68 48 70 8 5 24 67 12 73 19 29 47 6 25 21 28 57 51 9 53 10 22 59 0 32 37 26 13 18 16 39
18 3
80 16 60 38 12 73 1 18 9 41 78 40 20 69 39 48 6 21 64 57 4 43 79 5 32 49 24 62 0 42 45 50 26 70 3 51 54 22 34 72 46 8 68 17 53 77 11 31 74 59 47 56 27 75 55 36 35 67 58 25 65 63 52 81 7 2 13 19 29 66 76 10 14 23 15 44 33 30 71 37 28 61
14 34 32 6 31 70 3 22 54 36 30 74 47 51 0 46 38 29 37 81 50 68 7 76 60 44 65 52 39 17 10 4 2 73 1 69 9 18 16 28 48 55 43 42 25 71 15 12 40 75 20 13 27 59 8 41 66 63 58 53 24 67 62 57 79 26 56 61 21 35 5 45 80 33 11 49 23 78 77 64 72 19
16 80 51 10 24 21 28 52 75 53 3 70 26 50 45 42 0 73 62 49 32 5 79 43 4 57 12 64 6 48 39 69 20 40 78 60 61 37 71 30 33 44 15 23 41 14 76 66 29 19 13 2 7 9 81 63 65 25 58 67 35 36 18 55 27 56 47 59 74 31 11 38 77 17 68 8 46 72 34 22 1 54
18 3
22 44 31 47 20 7 46 5 53 28 15 38 59 74 60 10 39 72 48 29 4 77 0 24 23 62 68 50 9 19 34 2 36 69 30 56 32 65 11 16 70 76 43 42 1 61 6 3 18 66 27 55 78 8 79 51 35 71 64 12 14 45 25 63 58 37 49 81 26 33 40 57 17 80 13 75 41 21 52 54 73 67
30 66 46 14 69 78 64 8 7 68 51 25 48 72 3 50 80 81 56 34 43 21 29 26 28 11 23 55 24 22 0 58 60 42 19 59 47 62 65 57 79 70 33 20 45 44 2 36 12 61 15 10 53 52 76 27 18 39 31 35 32 49 37 77 6 38 1 74 9 4 41 73 13 71 67 75 54 63 5 40 16 17
23 62 2 16 32 25 58 44 38 76 67 49 81 50 43 59 3 55 74 40 80 46 54 0 79 5 70 48 34 68 41 63 4 47 28 72 73 52 8 69 19 30 71 14 7 65 21 33 27 11 13 56 37 66 22 17 51 60 6 15 57 78 1 31 77 45 53 10 29 39 26 42 35 36 18 75 9 64 61 24 20 12
18 3
67 46 45 70 1 41 30 17 29 6 60 23 44 55 47 71 40 37 81 42 59 11 62 21 8 26 75 65 18 24 9 48 38 16 50 20 52 7 72 0 33 76 73 43 66 58 4 54 69 13 80 27 78 3 14 49 22 77 2 35 61 10 56 74 63 51 12 39 57 31 53 79 32 19 64 25 5 68 36 15 34 28
21 13 52 38 55 12 74 25 8 64 77 39 5 1 59 56 51 75 31 50 47 0 79 67 29 7 37 33 48 24 63 18 70 27 42 54 45 26 3 11 65 66 34 43 76 36 49 20 28 46 19 16 2 72 35 4 15 60 78 14 57 68 71 30 9 40 41 23 61 81 32 62 53 80 6 17 44 10 58 22 73 69
70 34 9 67 50 72 58 18 68 2 60 12 11 54 49 75 52 28 7 20 19 44 31 66 57 79 71 74 17 77 45 22 76 78 1 42 40 81 41 53 36 38 35 43 21 30 80 55 56 14 4 64 16 39 13 47 48 24 6 73 10 61 69 65 51 63 23 3 8 62 0 26 5 59 27 15 32 29 33 25 46 37
18 3
40 63 79 7 31 23 45 3 41 43 28 35 72 61 64 50 53 38 42 68 74 24 77 5 21 27 81 25 10 69 60 4 36 59 73 11 32 49 17 62 0 8 18 9 70 6 47 46 57 37 15 51 52 16 65 56 55 48 66 33 30 13 39 1 14 54 58 71 19 29 44 67 12 34 20 80 78 22 76 2 75 26
49 19 26 8 75 69 31 12 3 10 9 81 7 71 56 16 15 17 30 1 27 67 29 77 61 76 2 20 33 22 18 6 37 28 62 79 40 32 51 46 36 72 48 59 64 80 39 73 42 0 65 38 52 54 53 70 14 60 68 43 57 24 34 66 44 50 63 21 58 5 55 13 41 47 78 4 25 23 74 35 45 11
30 22 73 11 61 64 21 47 34 9 17 3 26 53 19 67 31 10 78 14 48 6 1 68 65 60 12 40 59 56 0 16 76 38 8 46 42 57 33 72 27 79 36 51 63 54 35 7 20 74 75 43 52 13 45 58 29 37 55 28 25 4 81 44 5 24 69 15 23 66 77 80 39 2 49 50 32 70 18 41 71 62
18 3
70 34 9 67 50 72 58 18 68 2 60 12 11 54 49 75 52 28 7 20 19 44 31 66 57 79 71 74 17 77 45 22 76 78 1 42 40 81 41 53 36 38 35 43 21 30 80 55 56 14 4 64 16 39 13 47 48 24 6 73 10 61 69 65 51 63 23 3 8 62 0 26 5 59 27 15 32 29 33 25 46 37
69 14 52 33 43 22 23 44 55 10 16 46 24 45 53 51 9 76 48 47 8 18 25 77 80 5 37 13 73 66 54 72 28 63 39 81 0 42 64 49 62 15 26 50 56 27 57 68 21 34 4 41 60 1 74 20 7 11 29 17 2 61 70 3 75 78 58 65 19 36 40 35 79 32 30 38 59 6 67 31 12 71
66 32 68 70 71 80 65 16 48 56 44 41 25 49 73 57 7 30 55 60 21 20 24 67 22 12 42 34 53 69 17 75 1 62 27 50 58 37 79 45 63 11 26 81 10 39 51 52 8 13 35 46 47 28 59 18 9 15 36 54 19 61 33 40 72 6 0 23 2 29 3 4 64 14 76 31 74 78 77 38 5 43
18 3
36 31 12 47 9 63 29 57 17 4 69 22 2 64 20 60 80 8 42 21 14 19 11 78 58 49 27 26 33 6 37 1 65 28 38 73 0 30 34 76 41 40 18 81 61 55 53 3 66 25 75 59 79 46 74 45 70 7 24 51 15 44 67 5 13 32 48 62 68 10 56 71 77 35 54 50 39 72 23 52 16 43
9 37 21 31 38 23 70 51 27 0 15 46 77 43 54 10 78 28 71 72 39 2 32 5 56 67 33 8 17 58 47 3 22 26 36 48 34 1 4 20 73 66 42 13 69 57 11 30 35 50 49 7 81 65 14 59 24 45 29 55 61 60 75 80 79 53 41 25 68 44 6 18 19 40 76 62 74 12 16 64 63 52
13 58 27 56 81 34 57 29 21 16 46 15 73 78 71 67 43 66 54 17 14 48 62 64 31 10 12 35 72 37 6 59 61 40 79 2 23 7 63 18 77 28 76 9 65 70 25 45 8 53 44 1 38 69 39 3 55 30 51 24 22 75 60 52 36 50 19 11 68 49 47 20 41 26 42 32 74 33 0 5 4 80
18 3
13 1 21 46 78 65 44 23 79 18 2 33 60 49 61 35 12 25 80 36 66 10 76 42 48 50 30 69 15 8 56 40 81 63 19 28 34 77 41 45 58 73 7 5 54 68 57 27 52 0 17 64 24 14 6 70 26 3 31 4 16 53 20 11 71 43 62 22 39 47 72 51 55 38 37 32 67 74 59 29 9 75
22 1 53 27 55 32 16 30 15 74 14 50 54 67 10 8 6 63 77 66 36 61 0 26 73 33 23 3 79 35 7 40 5 25 62 29 20 80 52 71 31 48 56 81 60 64 47 46 41 76 11 68 38 2 12 4 42 69 58 70 44 21 34 17 45 75 19 13 51 57 59 39 78 24 9 65 49 18 72 28 37 43
65 1 23 44 18 13 46 21 79 78 42 74 19 5 52 31 36 70 4 12 47 7 39 2 53 55 73 62 40 29 41 15 64 77 60 58 16 63 56 22 28 30 10 49 3 67 6 20 61 43 72 81 14 24 57 25 38 54 35 80 34 48 27 37 32 0 69 45 76 66 17 75 50 26 11 71 68 33 9 8 59 51
18 3
26 73 43 63 4 58 54 28 16 22 14 36 44 17 10 55 8 13 56 31 40 46 9 32 69 60 0 77 7 37 75 19 23 48 50 47 11 29 57 74 20 72 61 2 12 71 21 35 33 65 34 66 64 78 6 15 18 38 5 79 25 42 70 3 52 49 51 76 80 24 62 45 41 1 39 30 67 27 53 59 68
35 13 6 29 74 10 2 76 28 26 5 38 52 1 33 34 67 61 79 56 37 23 47 21 60 27 9 25 8 3 41 59 53 14 15 0 68 20 11 39 63 30 73 51 65 50 78 22 58 64 45 43 12 32 66 71 19 80 48 31 24 17 72 40 49 44 54 16 36 77 75 55 62 42 4 70 7 69 46 18 57
28 67 78 25 55 59 68 17 42 16 70 66 29 26 18 15 9 7 14 48 64 51 61 80 37 3 13 52 0 12 33 75 54 30 39 73 46 24 53 34 77 79 8 57 69 74 36 76 19 60 71 21 27 38 32 4 62 43 72 5 49 22 56 65 20 63 11 1 6 44 10 50 58 35 45 31 47 40 2 41 23
20 1
64 49 1 15 61 66 50 18 6 56 76 34 12 55 69 14 53 40 73 5 45 58 29 80 37 0 38 67 39 54 16 11 35 20 57 3 48 10 17 42 63 32 33 77 71 52 7 13 70 78 22 4 24 9 41 23 19 36 44 28 59 27 62 43 81 2 51 72 25 31 8 65 68 21 79 30 26 60 74 47 46 75
20 2
65 54 34 55 42 56 51 18 73 52 68 58 32 37 44 35 16 23 7 63 48 43 45 17 30 74 76 71 77 64 24 31 12 75 2 15 61 13 50 79 80 72 4 21 14 22 67 78 20 60 38 6 9 57 1 3 5 53 11 70 49 36 66 19 29 0 62 46 10 81 59 27 41 8 25 33 26 28 47 39 40 69
31 53 37 55 40 29 8 56 6 62 17 22 12 50 30 61 63 10 76 24 47 68 11 69 19 48 81 57 38 5 14 0 33 32 71 77 59 2 28 43 4 45 78 39 65 41 74 20 25 79 13 52 51 1 70 3 7 27 75 36 64 15 9 16 60 44 80 73 21 23 54 34 72 67 46 58 18 35 42 49 66 26
20 2
8 70 33 54 59 11 55 30 0 71 10 5 56 44 76 19 80 62 48 15 67 75 26 29 53 78 22 64 52 23 7 79 38 2 50 69 39 81 32 36 58 66 46 74 13 72 42 57 18 77 34 51 28 24 3 6 12 47 40 4 65 63 17 61 27 60 41 20 73 35 1 9 45 68 43 21 14 49 25 31 16 37
76 72 81 40 44 19 6 61 46 34 58 49 29 24 16 21 14 35 65 5 47 15 43 26 13 38 23 64 55 12 36 68 57 54 9 17 30 51 25 39 3 59 75 22 4 80 8 20 56 11 53 37 63 50 33 28 48 32 10 41 62 7 60 52 27 18 67 66 31 73 77 78 1 69 79 42 0 70 71 74 45 2
24 2
37 63 52 72 35 5 67 25 31 10 38 55 46 9 11 2 81 66 80 32 50 68 65 20 34 19 4 17 54 45 62 48 7 29 21 61 27 57 13 70 18 12 60 47 0 76 64 58 59 69 51 23 74 78 6 56 14 44 75 8 22 26 77 49 41 42 36 28 24 1 53 40 16 30 15 43 33 73 39 79 71 3
76 75 29 46 12 55 16 7 43 65 48 56 4 17 79 39 6 13 81 32 57 44 59 68 52 25 72 42 77 2 41 69 19 34 33 73 58 53 49 15 64 30 27 8 21 78 3 60 10 38 70 74 24 37 80 5 11 20 36 22 47 67 71 66 40 9 63 61 23 31 50 62 26 35 51 1 0 28 45 14 54 18
24 2
77 68 58 36 47 22 39 69 81 48 46 33 66 37 10 35 32 42 65 55 57 73 34 2 49 23 4 29 53 9 20 51 44 7 50 24 8 72 16 18 26 80 31 41 38 63 79 40 27 15 5 17 59 12 13 52 43 74 25 19 70 1 62 67 45 6 28 64 78 11 0 75 54 71 30 21 76 60 61 14 56 3
69 78 75 74 5 4 21 67 22 29 44 53 70 14 13 60 18 28 16 41 80 6 8 39 42 32 81 27 17 9 40 64 25 51 55 45 52 73 54 23 30 19 24 50 10 35 58 56 48 66 43 33 36 11 38 34 47 59 46 57 15 62 61 77 31 72 49 7 76 0 12 79 65 37 3 2 68 63 1 71 20 26
27 3
31 22 0 76 40 58 49 67 13 1 29 80 74 25 56 47 30 14 15 10 72 12 9 59 20 8 6 61 68 19 73 2 11 5 60 36 75 45 55 48 79 27 46 77 70 81 50 18 65 26 42 44 52 34 57 64 17 62 33 66 53 41 54 43 38 39 23 78 69 28 51 3 24 16 21 35 71 63 7 4 32 37
13 27 8 26 1 37 66 33 43 41 35 28 11 77 48 57 44 39 54 75 19 32 61 71 29 63 59 4 12 36 70 25 69 81 73 72 24 67 47 46 22 79 56 2 60 78 17 62 50 23 14 34 52 30 55 18 65 64 45 3 16 40 38 31 15 42 76 5 74 21 53 49 10 51 80 20 6 0 58 9 68 7
12 17 21 53 46 59 73 49 32 56 22 57 15 11 10 0 7 19 2 1 4 18 14 44 79 80 30 39 64 9 67 74 54 23 45 61 41 3 63 75 50 65 24 69 33 76 20 31 35 16 72 58 52 37 8 43 29 13 66 70 81 48 25 68 77 36 51 26 38 55 5 60 40 78 47 27 34 28 6 42 62 71
27 3
40 73 11 5 42 46 58 68 23 29 72 66 44 33 64 49 81 70 47 30 6 52 50 79 26 69 41 19 12 75 27 48 78 57 0 32 25 4 10 53 34 24 37 21 28 59 3 60 63 71 74 39 43 51 54 14 7 13 20 76 18 80 61 31 55 17 2 1 56 36 65 15 38 67 22 9 45 16 35 8 62 77
78 57 18 31 45 48 14 77 56 67 43 47 30 75 36 38 79 46 26 39 55 71 34 7 66 58 2 51 19 1 53 70 22 9 32 74 6 76 52 28 35 11 59 49 27 61 63 41 65 10 0 44 15 12 54 69 81 29 64 80 24 4 37 17 25 5 60 33 16 20 3 72 21 13 40 73 62 23 50 68 42 8
4 56 6 13 51 33 72 70 63 79 66 58 32 77 21 41 5 1 14 74 10 18 62 31 69 15 36 50 35 8 22 75 76 16 37 59 71 53 11 40 42 25 39 60 78 44 57 64 9 24 61 0 47 34 54 43 17 81 38 28 55 27 30 29 52 67 20 68 65 49 73 26 2 7 80 23 12 3 45 48 19 46
36 2
47 20 43 8 68 19 4 55 50 61 51 48 10 24 27 65 45 46 69 34 72 71 21 23 74 41 44 57 17 25 52 39 63 38 35 5 32 59 79 26 15 78 1 9 31 73 80 18 64 13 58 56 37 22 14 70 12 54 3 30 11 2 7 75 60 76 66 6 67 0 62 53 42 81 49 36 40 33 29 77 28 16
0 30 44 24 63 19 16 65 31 14 68 76 21 54 9 45 6 32 23 5 25 12 70 18 3 20 79 29 51 27 1 8 17 58 69 47 62 61 42 57 71 74 38 72 2 15 53 35 75 59 52 28 50 46 13 67 73 39 33 49 80 37 36 4 81 7 66 55 10 34 22 40 43 56 41 48 11 78 77 26 60 64
36 2
27 72 17 24 61 41 56 20 14 52 73 65 35 49 8 33 25 2 63 34 7 29 39 55 3 16 46 0 32 21 40 60 28 15 19 12 81 80 67 22 30 5 62 75 78 45 26 48 47 13 51 50 9 74 54 23 6 71 68 76 31 4 42 18 79 11 70 38 58 77 66 57 1 10 53 43 59 69 44 64 37 36
72 18 22 19 55 21 39 31 80 17 7 47 6 4 66 40 11 58 36 43 48 52 8 14 10 62 70 27 59 12 3 24 60 69 28 50 81 61 20 29 65 44 77 30 68 63 5 79 75 26 37 41 46 34 54 78 49 23 71 53 42 35 67 0 73 76 57 74 51 64 56 9 45 33 25 38 15 32 13 16 2 1
40 1
10 50 60 41 79 70 71 37 49 24 45 54 55 44 20 30 40 17 77 16 9 72 51 3 5 78 69 76 38 6 59 0 18 42 46 47 58 68 11 48 36 65 32 53 27 52 31 23 75 39 35 66 26 21 57 29 19 81 34 80 28 67 25 12 64 62 74 13 14 4 43 1 73 22 63 56 8 7 33 15 2 61
40 2
46 81 45 43 42 33 47 25 64 56 69 72 16 8 39 55 58 10 57 53 19 20 17 3 4 28 71 79 60 44 24 37 0 51 14 63 7 75 34 68 50 29 15 32 30 73 62 61 49 5 78 66 65 12 54 23 40 26 77 59 21 52 80 9 41 76 1 18 31 11 67 22 48 27 6 2 38 35 36 74 13 70
66 32 68 70 71 80 65 16 48 56 44 41 25 49 73 57 7 30 55 60 21 20 24 67 22 12 42 34 53 69 17 75 1 62 27 50 58 37 79 45 63 11 26 81 10 39 51 52 8 13 35 46 47 28 59 18 9 15 36 54 19 61 33 40 72 6 0 23 2 29 3 4 64 14 76 31 74 78 77 38 5 43
40 2
74 33 70 48 17 58 21 15 43 76 51 40 78 27 71 7 77 4 54 30 53 6 81 29 67 56 37 13 38 23 19 35 52 1 61 31 60 26 28 65 11 41 68 8 64 57 73 72 3 80 63 10 32 20 18 75 25 45 5 62 36 34 59 50 44 39 66 24 42 79 2 14 47 46 0 55 9 16 12 69 49 22
3 24 66 0 68 72 11 76 43 10 9 6 53 29 81 65 80 57 28 19 47 38 49 63 1 44 45 78 18 13 67 48 34 58 32 71 37 36 21 74 56 52 70 8 25 26 79 20 31 22 50 73 41 12 62 61 40 17 33 69 75 55 54 23 77 15 2 30 4 59 42 35 5 51 39 60 7 64 27 46 16 14
41 1
74 23 81 78 38 34 71 54 68 43 59 13 67 40 79 4 57 30 12 17 63 37 33 50 77 45 42 73 7 36 41 25 2 46 26 14 22 29 32 61 0 5 10 58 80 48 44 66 76 28 52 3 69 21 31 19 49 18 39 15 70 1 6 65 27 75 11 72 51 16 9 56 62 8 24 55 53 20 47 64 60 35
54 4
28 5 45 68 15 1 43 65 39 35 60 46 72 19 23 4 67 64 25 13 47 55 74 14 50 18 59 75 0 53 69 38 78 42 54 9 81 41 31 8 61 37 33 6 56 2 11 20 76 49 24 66 80 29 34 21 44 58 57 26 10 40 77 73 17 7 51 16 3 30 71 70 12 63 22 27 48 62 32 79 52 36
71 70 34 69 46 28 21 42 26 39 31 80 75 79 27 52 38 54 63 19 66 6 50 72 76 36 8 14 5 68 53 10 47 44 2 59 25 58 16 9 41 40 7 77 33 64 4 32 74 49 22 78 15 30 17 62 65 61 37 35 67 57 55 18 45 56 20 60 29 3 1 0 23 81 48 12 24 43 51 13 11 73
67 58 56 17 8 10 80 64 4 11 5 9 25 22 32 55 37 3 47 24 72 39 13 81 19 12 43 63 41 34 45 40 14 54 29 62 78 16 70 21 31 28 53 26 69 30 77 18 79 49 74 75 59 42 33 15 2 60 1 52 57 71 35 27 7 68 73 0 65 44 38 61 20 66 50 51 76 46 36 48 6 23
62 18 74 19 40 43 1 2 75 14 12 37 26 68 16 66 9 44 6 69 52 63 45 35 17 5 10 39 36 79 13 8 11 54 42 67 77 32 27 38 51 46 48 25 24 65 78 58 34 49 56 4 57 29 76 71 64 20 80 72 59 15 81 70 50 22 61 23 30 3 21 73 60 55 7 31 33 28 41 53 47 0
54 4
67 46 45 70 1 41 30 17 29 6 60 23 44 55 47 71 40 37 81 42 59 11 62 21 8 26 75 65 18 24 9 48 38 16 50 20 52 7 72 0 33 76 73 43 66 58 4 54 69 13 80 27 78 3 14 49 22 77 2 35 61 10 56 74 63 51 12 39 57 31 53 79 32 19 64 25 5 68 36 15 34 28
45 27 20 42 51 4 3 29 26 53 56 47 16 66 36 77 55 24 15 9 39 14 48 54 25 17 37 41 79 75 70 10 63 13 38 67 21 8 74 2 49 1 6 43 40 59 65 52 60 44 72 5 11 19 78 12 31 28 35 0 22 62 69 80 50 76 33 58 81 61 73 68 64 30 34 7 46 18 23 57 32 71
70 34 9 67 50 72 58 18 68 2 60 12 11 54 49 75 52 28 7 20 19 44 31 66 57 79 71 74 17 77 45 22 76 78 1 42 40 81 41 53 36 38 35 43 21 30 80 55 56 14 4 64 16 39 13 47 48 24 6 73 10 61 69 65 51 63 23 3 8 62 0 26 5 59 27 15 32 29 33 25 46 37
21 13 52 38 55 12 74 25 8 64 77 39 5 1 59 56 51 75 31 50 47 0 79 67 29 7 37 33 48 24 63 18 70 27 42 54 45 26 3 11 65 66 34 43 76 36 49 20 28 46 19 16 2 72 35 4 15 60 78 14 57 68 71 30 9 40 41 23 61 81 32 62 53 80 6 17 44 10 58 22 73 69
60 2
65 54 34 55 42 56 51 18 73 52 68 58 32 37 44 35 16 23 7 63 48 43 45 17 30 74 76 71 77 64 24 31 12 75 2 15 61 13 50 79 80 72 4 21 14 22 67 78 20 60 38 6 9 57 1 3 5 53 11 70 49 36 66 19 29 0 62 46 10 81 59 27 41 8 25 33 26 28 47 39 40 69
39 52 16 64 15 57 17 60 44 46 73 12 36 48 8 31 35 66 50 32 26 30 10 53 27 23 77 37 0 51 63 4 67 74 80 2 11 24 9 28 40 1 34 54 14 68 38 81 61 65 59 76 41 25 56 5 43 55 79 18 75 13 49 21 71 62 6 19 69 45 58 3 33 22 72 7 29 20 47 70 42 78
60 2
47 70 5 24 42 2 76 54 63 61 15 13 29 11 17 10 33 14 36 79 68 72 57 60 3 49 38 75 31 12 35 28 34 16 32 30 18 67 26 43 66 81 4 39 52 56 69 0 71 25 80 77 44 62 7 64 45 22 58 59 23 9 53 8 55 73 40 37 20 46 1 48 21 65 78 27 6 51 74 19 50 41
14 30 52 47 38 50 48 53 70 62 26 6 12 8 81 51 17 24 37 45 74 67 69 15 9 57 0 11 76 56 3 68 39 54 58 63 77 71 60 40 66 33 1 59 44 29 49 42 72 78 79 20 5 65 36 32 80 4 64 34 25 35 16 75 43 21 55 7 18 13 22 31 27 61 23 73 46 41 28 2 19 10
72 2
22 44 31 47 20 7 46 5 53 28 15 38 59 74 60 10 39 72 48 29 4 77 0 24 23 62 68 50 9 19 34 2 36 69 30 56 32 65 11 16 70 76 43 42 1 61 6 3 18 66 27 55 78 8 79 51 35 71 64 12 14 45 25 63 58 37 49 81 26 33 40 57 17 80 13 75 41 21 52 54 73 67
46 6 51 60 28 68 12 50 48 3 39 44 32 62 69 30 54 59 31 74 61 37 4 56 17 42 26 75 43 72 35 20 65 45 13 9 2 79 34 33 25 36 1 16 55 77 8 19 23 78 5 67 0 47 58 49 76 71 73 10 70 38 18 63 11 40 15 80 57 41 66 27 64 22 81 7 52 24 29 53 14 21
72 2
31 21 66 49 62 43 47 78 16 60 69 8 4 18 2 20 1 9 40 45 48 76 80 63 12 52 0 32 35 34 61 55 58 67 7 23 74 33 68 25 72 64 42 26 51 11 30 79 65 39 6 81 14 37 71 36 24 28 17 46 54 15 38 44 13 59 3 22 75 41 73 27 10 53 5 56 19 77 50 29 70 57
36 9 46 50 22 42 75 35 52 1 65 70 13 12 18 44 28 49 14 59 80 64 4 24 23 38 43 62 16 76 60 31 79 72 53 7 0 39 25 37 47 51 5 26 15 56 2 40 78 17 3 41 8 34 73 74 45 67 63 19 30 68 27 58 21 10 81 57 61 71 11 69 33 54 55 6 29 77 48 32 20 66
80 2
57 40 18 39 73 49 26 36 37 35 59 23 42 55 74 38 80 30 2 75 54 50 78 11 79 63 6 29 46 27 17 41 32 53 60 9 7 8 15 3 1 31 12 62 77 64 28 76 70 5 21 69 58 33 20 13 66 0 52 10 34 72 43 25 45 65 56 81 71 51 48 68 61 4 14 19 47 44 22 24 16 67
57 36 37 26 73 35 39 40 18 49 0 4 32 43 34 62 13 53 24 16 9 52 28 45 81 15 67 65 7 17 27 21 42 30 71 54 46 22 63 51 72 66 76 38 58 5 78 12 48 64 41 20 77 19 69 80 31 59 50 61 74 1 55 56 11 29 25 79 60 3 70 44 10 23 47 33 14 68 8 2 75 6
81 4
11 1 31 25 64 62 39 24 41 36 58 47 59 33 10 23 78 76 34 81 74 40 46 48 28 67 8 13 7 38 79 61 18 27 32 42 75 43 56 72 53 26 52 66 45 55 50 0 15 63 22 12 35 21 68 44 29 17 14 51 4 2 77 69 60 20 37 3 70 49 54 16 6 30 65 9 57 5 71 73 19 80
60 1 75 26 28 61 67 47 72 77 81 4 52 16 19 33 48 29 74 43 21 32 73 27 0 8 39 71 11 70 45 9 20 78 65 63 5 58 54 3 18 6 69 14 22 46 30 64 13 12 79 42 49 34 76 50 68 56 80 35 24 36 2 59 7 53 10 41 57 51 17 23 25 44 40 62 38 31 15 55 37 66
49 1 10 57 59 43 54 42 29 80 21 63 16 0 53 28 60 50 9 34 62 2 67 7 52 17 56 47 35 79 26 58 75 11 36 15 19 74 73 68 31 38 23 65 6 39 3 69 24 13 25 71 48 61 44 72 30 46 40 78 12 14 66 33 51 5 20 76 45 27 55 64 70 41 77 81 22 37 4 8 18 32
6 1 7 5 3 4 9 8 2 0 42 39 76 44 35 30 22 66 13 63 71 23 74 79 41 62 61 55 26 10 53 24 27 45 33 56 11 12 58 36 48 31 29 59 18 34 65 72 73 54 20 17 38 15 80 32 14 43 52 57 67 28 64 68 25 78 51 77 19 70 81 50 75 40 16 47 37 60 46 21 49 69
162 5
13 40 43 12 48 56 11 61 36 54 68 47 74 76 23 38 46 77 63 79 15 30 49 51 78 57 10 9 66 24 65 1 71 80 4 72 52 25 20 5 31 55 32 45 18 2 50 6 34 67 16 14 8 64 27 62 39 37 58 19 17 75 41 44 81 21 70 22 26 33 28 42 73 35 3 7 0 60 29 59 69 53
46 59 32 73 56 53 49 12 17 21 8 67 35 50 63 14 25 10 20 28 51 78 69 44 27 76 52 65 40 54 29 79 62 6 5 7 77 13 23 81 19 43 55 71 38 42 57 22 39 33 37 18 60 34 30 45 64 0 58 70 26 74 2 15 4 24 31 80 36 47 1 41 61 75 72 3 16 68 9 66 11 48
22 1 53 27 55 32 16 30 15 74 14 50 54 67 10 8 6 63 77 66 36 61 0 26 73 33 23 3 79 35 7 40 5 25 62 29 20 80 52 71 31 48 56 81 60 64 47 46 41 76 11 68 38 2 12 4 42 69 58 70 44 21 34 17 45 75 19 13 51 57 59 39 78 24 9 65 49 18 72 28 37 43
14 34 32 6 31 70 3 22 54 36 30 74 47 51 0 46 38 29 37 81 50 68 7 76 60 44 65 52 39 17 10 4 2 73 1 69 9 18 16 28 48 55 43 42 25 71 15 12 40 75 20 13 27 59 8 41 66 63 58 53 24 67 62 57 79 26 56 61 21 35 5 45 80 33 11 49 23 78 77 64 72 19
16 80 51 10 24 21 28 52 75 53 3 70 26 50 45 42 0 73 62 49 32 5 79 43 4 57 12 64 6 48 39 69 20 40 78 60 61 37 71 30 33 44 15 23 41 14 76 66 29 19 13 2 7 9 81 63 65 25 58 67 35 36 18 55 27 56 47 59 74 31 11 38 77 17 68 8 46 72 34 22 1 54
324 3
47 20 43 8 68 19 4 55 50 61 51 48 10 24 27 65 45 46 69 34 72 71 21 23 74 41 44 57 17 25 52 39 63 38 35 5 32 59 79 26 15 78 1 9 31 73 80 18 64 13 58 56 37 22 14 70 12 54 3 30 11 2 7 75 60 76 66 6 67 0 62 53 42 81 49 36 40 33 29 77 28 16
24 34 37 16 47 72 55 38 33 36 3 35 0 7 15 65 10 79 51 64 43 75 1 23 12 20 21 66 69 60 9 32 53 80 22 59 30 63 13 29 76 44 78 25 48 62 4 46 41 18 56 49 19 31 27 81 73 40 17 11 39 42 68 2 52 14 54 28 45 67 74 5 71 50 77 26 57 70 61 58 8 6
20 63 22 49 45 57 21 52 70 65 18 79 43 19 30 36 51 35 10 13 0 6 2 23 25 24 55 41 31 39 14 28 67 77 37 17 15 34 64 29 71 27 56 12 54 4 62 68 66 3 78 16 7 69 44 26 42 5 59 58 60 73 46 1 38 9 48 32 47 53 8 40 76 61 80 81 72 33 50 11 74 75
360 2
24 31 51 56 32 58 47 50 35 26 12 68 81 71 9 39 17 44 27 70 79 61 80 73 62 2 14 55 33 5 22 69 72 41 3 65 54 66 48 57 23 28 11 38 16 7 46 59 43 76 45 25 60 19 78 18 34 15 29 6 64 74 0 13 52 8 75 20 42 1 53 63 4 40 21 37 77 49 36 67 30 10
36 54 3 32 22 34 14 70 31 6 1 58 4 11 9 7 30 76 47 72 19 79 12 16 5 50 46 26 63 57 23 48 2 60 24 33 64 45 75 25 56 65 29 80 41 66 27 55 8 43 39 62 73 77 10 18 67 42 13 59 35 17 78 71 0 44 37 40 21 38 15 28 20 81 53 69 61 74 51 68 49 52
360 2
20 42 72 1 70 66 7 62 23 55 65 29 13 6 57 9 58 81 37 46 4 5 17 75 0 22 21 60 48 53 71 18 32 80 34 67 28 30 45 8 2 14 68 74 41 40 59 3 35 44 16 64 25 54 76 77 26 49 33 69 63 10 12 43 61 51 56 36 47 79 24 31 38 15 27 78 11 73 39 19 50 52
12 39 34 24 67 78 65 49 61 80 45 54 0 59 28 58 68 52 42 46 73 75 22 37 3 76 62 47 14 29 48 50 77 56 2 72 55 23 64 1 70 79 18 71 51 10 19 27 30 7 31 44 17 81 11 36 33 66 15 13 63 8 26 60 38 6 57 4 16 74 40 43 35 20 69 21 25 32 5 41 9 53
648 3
40 68 5 46 58 73 11 23 42 29 35 69 36 80 7 60 49 43 71 50 37 65 59 48 54 28 9 39 81 24 72 52 38 64 34 33 2 79 19 31 26 0 53 63 16 76 66 45 51 22 15 4 47 30 41 13 67 78 61 18 21 14 57 8 62 32 20 3 55 1 10 77 17 25 27 75 74 44 70 56 6 12
30 66 46 14 69 78 64 8 7 68 51 25 48 72 3 50 80 81 56 34 43 21 29 26 28 11 23 55 24 22 0 58 60 42 19 59 47 62 65 57 79 70 33 20 45 44 2 36 12 61 15 10 53 52 76 27 18 39 31 35 32 49 37 77 6 38 1 74 9 4 41 73 13 71 67 75 54 63 5 40 16 17
13 58 11 59 74 78 62 77 53 51 68 49 47 20 41 16 26 42 32 33 0 5 4 80 27 46 15 73 71 67 43 66 54 81 17 14 48 64 31 10 12 35 34 72 37 6 61 40 79 2 23 57 7 63 18 28 76 9 65 70 56 25 45 8 44 1 38 69 39 29 3 55 30 24 22 75 60 52 21 36 50 19
720 2
21 19 22 80 72 17 18 31 39 55 53 28 32 41 27 1 56 0 14 81 12 60 4 3 16 48 6 59 63 35 34 57 30 42 44 68 61 37 7 38 73 5 8 51 29 66 47 9 15 2 43 77 20 36 70 26 40 65 33 46 11 62 49 13 74 58 75 23 52 45 69 71 10 79 78 50 24 54 76 64 25 67
58 50 69 79 59 16 19 80 46 33 27 18 29 45 73 54 81 47 23 38 34 17 42 76 64 1 24 21 40 68 20 15 12 0 44 32 66 74 70 49 13 61 5 7 35 8 4 2 39 63 10 48 30 31 71 41 9 75 14 57 65 11 56 53 6 72 62 55 52 25 43 51 22 36 67 28 37 77 78 60 26 3
720 3
18 70 38 42 35 79 45 59 32 74 52 34 64 15 21 13 22 30 0 31 58 14 16 75 55 48 61 62 33 67 17 19 8 28 11 4 77 40 2 63 37 41 3 51 80 6 46 50 25 78 47 43 10 69 76 24 68 71 20 7 81 26 27 39 12 72 73 29 56 53 1 57 65 66 9 23 54 36 49 5 44 60
30 22 73 11 61 64 21 47 34 9 17 3 26 53 19 67 31 10 78 14 48 6 1 68 65 60 12 40 59 56 0 16 76 38 8 46 42 57 33 72 27 79 36 51 63 54 35 7 20 74 75 43 52 13 45 58 29 37 55 28 25 4 81 44 5 24 69 15 23 66 77 80 39 2 49 50 32 70 18 41 71 62
20 33 31 37 4 64 49 74 14 59 68 13 79 11 8 34 80 76 58 38 0 32 44 72 48 55 61 63 70 77 54 2 21 1 15 35 67 3 19 62 42 46 40 57 22 78 41 81 24 6 60 71 56 66 30 25 52 43 18 9 50 26 39 27 5 75 53 36 10 73 28 51 23 69 7 65 17 29 45 12 16 47
