32736 33
12 24 44 48 88 93 96 176
2
0 1 31 32 2 3 4 5 6 7 8 9 10 11 12 13 14 15 16 17 18 19 20 21 22 23 24 25 26 27 28 29 30
1 2 0 15 28 4 23 31 6 11 13 17 29 14 10 19 20 9 24 3 32 22 25 8 26 21 18 12 5 27 7 30 16
19
2 1
13 8 21 11 7 22 27 4 1 20 18 3 32 0 17 25 30 14 10 31 9 2 5 28 29 15 26 6 23 24 16 19 12
3 1
6 18 13 29 30 9 15 25 26 11 3 5 32 14 2 0 8 7 27 20 31 12 24 4 28 17 16 1 22 10 23 19 21
4 2
5 17 31 13 32 0 7 6 26 19 30 11 23 3 27 16 15 1 21 9 22 18 20 12 28 29 8 14 24 25 10 2 4
27 26 21 24 22 14 10 30 17 25 6 11 16 28 5 23 12 8 31 29 32 2 4 15 3 9 1 0 13 19 7 18 20
4 2
27 9 28 8 17 30 31 24 3 1 14 21 29 20 10 25 23 4 18 32 13 11 26 16 7 15 22 0 2 12 5 6 19
14 22 30 6 11 28 3 16 31 26 27 4 13 12 0 19 7 21 18 15 29 17 1 24 23 32 9 10 5 20 2 8 25
4 2
8 28 9 27 13 22 10 15 0 2 6 12 11 4 31 7 19 20 18 16 17 29 5 32 25 24 30 3 1 21 26 14 23
6 30 22 14 29 9 0 32 10 5 8 20 17 21 3 23 25 12 18 24 11 13 2 15 19 16 28 31 26 4 1 27 7
4 2
8 28 9 27 13 22 10 15 0 2 6 12 11 4 31 7 19 20 18 16 17 29 5 32 25 24 30 3 1 21 26 14 23
27 9 28 8 17 30 31 24 3 1 14 21 29 20 10 25 23 4 18 32 13 11 26 16 7 15 22 0 2 12 5 6 19
4 2
1 0 25 24 23 22 21 20 19 18 17 16 15 14 13 12 11 10 9 8 7 6 5 4 3 2 32 31 30 29 28 27 26
31 27 18 20 6 10 4 24 30 25 5 32 13 12 15 14 26 22 2 28 3 23 17 21 7 9 16 1 19 29 8 0 11
6 2
31 30 19 7 13 1 0 17 23 11 22 24 25 28 26 18 14 3 21 29 10 15 20 32 9 27 16 12 4 2 5 6 8
2 18 0 9 12 21 19 24 16 3 10 17 4 27 32 30 8 11 1 6 22 5 20 26 7 28 23 13 25 31 15 29 14
8 3
26 25 23 21 13 9 29 16 24 5 10 15 27 4 22 11 7 30 28 31 32 3 14 2 8 1 0 12 18 6 17 19 20
2 18 0 9 12 21 19 24 16 3 10 17 4 27 32 30 8 11 1 6 22 5 20 26 7 28 23 13 25 31 15 29 14
25 26 28 30 7 11 22 4 27 15 10 5 24 16 29 9 13 21 23 20 19 17 6 18 12 0 1 8 2 14 3 32 31
8 3
27 9 28 8 17 30 31 24 3 1 14 21 29 20 10 25 23 4 18 32 13 11 26 16 7 15 22 0 2 12 5 6 19
6 30 22 14 29 9 0 32 10 5 8 20 17 21 3 23 25 12 18 24 11 13 2 15 19 16 28 31 26 4 1 27 7
14 22 30 6 11 28 3 16 31 26 27 4 13 12 0 19 7 21 18 15 29 17 1 24 23 32 9 10 5 20 2 8 25
8 3
26 25 23 21 13 9 29 16 24 5 10 15 27 4 22 11 7 30 28 31 32 3 14 2 8 1 0 12 18 6 17 19 20
32 19 14 7 30 8 18 3 5 24 10 27 15 17 2 12 21 13 6 1 26 16 23 22 9 31 20 11 29 28 4 25 0
25 26 28 30 7 11 22 4 27 15 10 5 24 16 29 9 13 21 23 20 19 17 6 18 12 0 1 8 2 14 3 32 31
8 3
19 27 10 25 7 13 30 4 11 16 2 8 21 5 31 32 9 18 17 0 24 12 26 23 20 3 22 1 29 28 6 14 15
5 10 27 22 14 0 29 31 15 17 1 32 24 19 4 8 18 9 16 13 21 20 3 23 12 26 25 2 30 6 28 7 11
2 13 0 20 15 27 18 32 14 28 19 31 26 1 8 4 29 30 6 10 3 22 21 23 25 24 12 5 9 16 17 11 7
8 3
25 26 28 30 7 11 22 4 27 15 10 5 24 16 29 9 13 21 23 20 19 17 6 18 12 0 1 8 2 14 3 32 31
2 18 0 9 12 21 19 24 16 3 10 17 4 27 32 30 8 11 1 6 22 5 20 26 7 28 23 13 25 31 15 29 14
32 19 14 7 30 8 18 3 5 24 10 27 15 17 2 12 21 13 6 1 26 16 23 22 9 31 20 11 29 28 4 25 0
11 1
19 6 10 9 27 18 7 29 16 15 22 12 0 32 25 17 26 5 21 23 11 28 14 2 4 20 30 8 31 24 1 13 3
16 4
26 25 23 21 13 9 29 16 24 5 10 15 27 4 22 11 7 30 28 31 32 3 14 2 8 1 0 12 18 6 17 19 20
2 18 0 9 12 21 19 24 16 3 10 17 4 27 32 30 8 11 1 6 22 5 20 26 7 28 23 13 25 31 15 29 14
25 26 28 30 7 11 22 4 27 15 10 5 24 16 29 9 13 21 23 20 19 17 6 18 12 0 1 8 2 14 3 32 31
32 19 14 7 30 8 18 3 5 24 10 27 15 17 2 12 21 13 6 1 26 16 23 22 9 31 20 11 29 28 4 25 0
22 2
17 15 7 27 22 29 14 2 23 24 28 31 13 12 6 1 16 0 26 20 19 32 4 8 9 30 18 3 10 5 25 11 21
13 8 21 11 7 22 27 4 1 20 18 3 32 0 17 25 30 14 10 31 9 2 5 28 29 15 26 6 23 24 16 19 12
31 1
9 27 18 4 23 25 10 20 29 21 14 1 3 24 31 30 17 8 28 19 6 5 12 2 0 22 15 7 16 26 11 13
32 5
7 29 11 25 30 17 32 0 15 12 23 2 9 26 16 8 14 5 18 31 22 28 20 10 27 3 13 24 21 1 4 19 6
6 30 22 14 29 9 0 32 10 5 8 20 17 21 3 23 25 12 18 24 11 13 2 15 19 16 28 31 26 4 1 27 7
31 5 26 10 12 1 27 19 14 30 3 13 4 11 8 16 15 29 18 7 21 20 28 25 32 23 2 6 22 17 9 0 24
8 28 9 27 13 22 10 15 0 2 6 12 11 4 31 7 19 20 18 16 17 29 5 32 25 24 30 3 1 21 26 14 23
29 7 25 11 6 19 4 1 21 24 13 3 27 10 20 28 22 31 18 5 14 8 16 26 9 2 23 12 15 0 32 17 30
62 2
14 29 17 8 5 0 10 25 11 27 21 9 19 24 3 22 16 32 18 2 1 7 4 26 28 23 31 13 6 30 12 20 15
29 14 15 20 12 30 6 13 31 23 28 26 4 7 1 2 18 32 16 22 3 24 19 9 21 27 11 25 10 0 5 8 17
