29120 65
35 40 70 80 91 104 140 160
2
27 1 49 42 8 35 50 32 38 43 41 23 5 29 18 7 58 22 60 37 25 61 33 54 19 44 31 9 11 47 17 40 36 30 45 62 15 48 51 55 64 2 52 0 57 39 13 46 24 10 59 4 63 14 28 34 6 20 21 56 53 16 12 3 26
1 0 9 41 17 49 25 57 33 2 10 27 44 43 22 30 20 4 38 37 16 24 14 60 21 6 59 11 64 54 15 32 31 8 51 48 58 19 18 53 61 3 52 13 12 47 55 45 35 5 62 34 42 39 29 46 63 7 36 26 23 40 50 56 28
17
2 1
14 50 20 19 32 28 58 16 54 49 36 24 29 42 0 59 7 34 39 3 2 22 21 31 11 48 53 46 5 12 55 23 4 62 17 61 10 37 44 18 41 40 13 45 38 43 27 56 25 9 1 63 64 26 8 30 47 60 6 15 57 35 33 51 52
4 2
6 54 30 46 14 62 0 38 22 42 50 16 51 48 4 36 11 34 32 39 57 41 8 58 47 37 55 31 35 53 2 27 18 44 17 28 15 25 7 19 43 21 9 40 33 59 3 24 13 49 10 12 60 29 1 26 61 20 23 45 52 56 5 64 63
35 40 51 9 8 25 28 55 4 3 64 32 30 58 22 33 18 29 16 47 61 27 14 48 39 5 38 21 6 17 12 41 11 15 53 0 44 62 26 24 1 31 46 54 36 52 42 19 23 49 63 2 45 34 43 7 57 56 13 60 59 20 37 50 10
4 1
7 57 58 28 33 38 4 46 42 36 10 34 11 20 61 19 5 8 13 41 49 44 40 53 12 17 1 51 30 35 37 29 54 52 24 62 56 3 43 22 60 64 25 16 27 9 59 2 50 18 32 21 6 14 48 26 45 55 63 0 39 23 31 47 15
5 1
61 32 49 41 54 30 63 5 48 18 56 12 35 25 7 0 46 24 22 28 58 40 44 29 34 50 14 59 38 11 26 53 33 31 8 23 10 3 27 13 64 60 20 9 43 16 51 45 17 36 57 47 15 1 42 37 2 39 4 19 55 62 52 21 6
7 1
5 39 4 38 31 27 54 51 20 10 56 8 12 58 62 28 30 48 25 60 36 43 64 1 35 24 32 47 26 23 3 11 42 15 34 52 2 41 9 44 55 6 50 46 59 18 19 49 57 22 33 40 63 7 17 14 16 37 21 61 13 29 53 45 0
8 3
4 36 52 44 0 20 60 12 28 61 37 40 7 48 43 59 31 25 34 32 5 21 50 33 56 17 46 30 8 41 27 16 19 23 18 39 1 10 57 35 11 29 51 14 3 58 26 62 13 63 22 42 2 64 55 54 24 38 45 15 6 9 47 49 53
40 32 10 41 11 43 28 33 60 34 2 4 23 16 20 47 13 54 61 36 14 21 64 12 51 55 63 57 6 44 38 48 1 7 9 45 19 52 30 58 0 3 56 5 29 35 49 15 31 46 53 24 37 50 17 25 42 27 39 62 8 18 59 26 22
63 3 23 1 49 59 22 37 53 57 12 46 10 54 47 20 17 16 30 29 15 21 6 2 58 31 40 34 64 19 18 25 41 52 27 42 44 7 61 51 26 32 35 62 36 56 11 14 55 4 60 39 33 8 13 48 45 9 24 5 50 38 43 0 28
8 2
27 45 30 48 64 62 55 51 15 33 54 25 37 19 22 60 61 5 58 18 43 7 23 29 41 10 59 4 63 14 28 34 6 35 42 49 32 1 38 8 50 26 53 3 21 12 16 56 20 9 47 44 17 31 11 36 40 46 13 24 39 57 52 2 0
13 53 25 9 18 60 26 23 52 3 30 63 34 0 44 17 56 15 4 27 35 22 21 7 36 2 6 19 54 51 10 45 41 48 12 20 24 42 38 62 61 32 37 49 14 31 47 46 33 43 57 29 8 1 28 59 16 50 64 55 5 40 39 11 58
8 2
9 26 12 17 7 34 39 4 24 0 32 21 2 54 35 47 60 3 18 56 50 11 41 45 8 36 1 52 59 51 62 38 10 61 5 14 25 58 31 6 42 22 40 46 64 23 43 15 57 55 20 29 27 63 13 49 19 48 37 28 16 33 30 53 44
46 9 61 44 13 4 1 54 50 43 25 52 33 30 63 59 55 64 18 11 14 27 42 60 20 15 0 58 32 17 5 51 36 22 7 53 47 19 29 26 2 40 12 6 31 16 39 28 45 57 35 3 37 8 62 48 21 23 56 10 49 41 34 24 38
8 2
20 10 64 58 4 21 9 48 41 6 1 39 36 14 13 53 17 16 57 30 0 5 55 35 42 33 51 46 44 62 19 40 56 25 50 23 12 43 49 11 31 8 24 37 28 47 27 45 7 38 34 26 60 15 63 22 32 18 3 61 52 59 29 54 2
10 52 17 49 4 43 13 5 42 14 60 36 23 47 45 58 22 55 0 64 1 37 19 28 46 40 53 63 39 9 2 56 61 31 48 44 35 34 51 12 32 24 27 50 11 29 54 62 21 26 7 15 57 3 41 30 59 20 38 33 18 25 6 8 16
10 2
15 45 26 39 29 43 11 52 36 20 27 6 61 41 50 0 40 18 17 48 9 63 35 42 59 31 2 10 62 4 46 25 60 44 54 22 8 51 47 3 16 13 23 5 33 1 30 38 19 58 14 37 7 56 34 64 53 57 49 24 32 12 28 21 55
12 58 43 21 34 60 46 19 13 57 51 23 0 8 45 26 38 29 63 7 64 3 28 11 48 53 15 52 22 17 31 30 61 35 4 33 49 59 16 54 62 50 56 2 47 14 6 44 24 36 41 10 27 25 39 55 42 9 1 37 5 32 40 18 20
13 1
29 6 45 22 17 57 27 3 42 60 63 31 14 54 43 53 44 12 51 16 52 19 5 24 25 26 59 64 21 34 23 55 35 61 32 62 9 15 7 8 33 1 47 20 56 0 58 38 11 10 40 36 46 48 18 30 13 49 50 37 28 4 41 39 2
14 2
17 59 54 34 36 50 41 22 43 26 19 40 61 13 32 35 57 0 53 10 38 27 7 60 48 52 9 21 29 28 56 46 14 37 3 15 4 33 20 55 11 6 62 8 63 51 31 49 24 47 5 45 25 18 2 39 30 16 64 1 23 12 42 44 58
63 11 56 14 36 62 55 32 35 59 22 1 23 37 3 53 49 20 46 47 17 54 10 12 57 44 27 26 61 52 51 42 7 39 48 8 4 13 60 33 45 41 31 64 25 40 18 19 34 16 58 30 29 15 21 6 2 24 50 9 38 28 5 0 43
16 3
23 2 3 57 56 25 55 19 58 45 62 13 17 59 11 7 46 48 18 50 47 54 38 64 37 24 12 63 35 40 27 60 30 9 36 21 8 5 16 49 39 31 6 41 33 44 22 4 26 29 15 42 53 10 28 51 20 1 34 14 43 0 52 32 61
39 43 41 31 30 13 9 62 35 6 15 37 22 5 24 10 48 38 18 52 63 58 12 49 14 59 46 56 36 64 4 3 47 42 54 8 28 11 17 0 61 2 33 1 51 55 26 32 16 23 53 44 19 50 34 45 27 60 21 25 57 40 7 20 29
9 26 12 17 7 34 39 4 24 0 32 21 2 54 35 47 60 3 18 56 50 11 41 45 8 36 1 52 59 51 62 38 10 61 5 14 25 58 31 6 42 22 40 46 64 23 43 15 57 55 20 29 27 63 13 49 19 48 37 28 16 33 30 53 44
20 2
51 9 19 37 50 15 31 26 21 1 49 14 28 44 11 5 45 36 60 2 27 8 29 34 56 59 7 20 12 22 55 6 58 52 23 48 17 3 41 40 39 38 64 63 13 16 46 53 35 10 4 0 33 47 61 30 24 62 32 25 18 54 57 43 42
32 61 36 50 39 31 18 60 24 63 42 0 33 53 19 12 6 48 28 22 1 62 47 17 4 41 45 37 16 23 15 25 35 30 13 11 51 21 52 8 20 5 64 57 2 38 10 14 29 49 9 44 26 58 56 59 43 54 34 7 55 40 27 3 46
26 2
3 11 19 0 51 35 43 59 27 54 14 1 48 33 10 42 56 60 45 2 40 64 37 44 26 38 24 8 39 30 29 55 53 13 46 5 41 22 25 28 20 36 15 6 23 18 34 62 12 57 63 4 52 32 9 31 16 49 61 7 17 58 47 50 21
15 37 64 56 58 34 14 7 53 27 61 20 41 40 6 0 50 29 26 36 11 45 52 39 43 59 18 9 42 17 35 63 48 38 5 30 19 1 33 23 13 12 28 24 49 21 57 55 32 44 16 54 22 8 51 47 3 46 4 25 62 10 60 31 2
32 2
55 32 20 44 47 53 61 64 25 34 30 36 49 58 4 31 1 27 16 23 11 28 52 38 22 3 5 51 10 63 21 60 18 40 0 43 2 17 62 12 29 46 42 13 8 26 6 56 15 54 57 37 59 45 39 9 14 7 35 24 48 41 19 33 50
33 53 62 34 13 22 57 10 55 29 60 23 46 0 3 16 50 40 26 58 47 15 12 25 48 27 30 11 49 56 39 6 7 4 36 9 14 2 43 18 19 64 42 51 37 59 5 8 41 1 21 63 31 28 61 20 35 52 17 54 32 45 44 38 24
52 2
15 37 64 56 58 34 14 7 53 27 61 20 41 40 6 0 50 29 26 36 11 45 52 39 43 59 18 9 42 17 35 63 48 38 5 30 19 1 33 23 13 12 28 24 49 21 57 55 32 44 16 54 22 8 51 47 3 46 4 25 62 10 60 31 2
10 7 30 41 57 26 3 59 15 5 17 52 49 13 42 43 4 19 55 0 37 28 1 64 46 11 50 29 27 21 54 24 62 20 6 8 16 38 33 18 25 34 32 35 51 44 48 12 31 61 9 63 40 39 56 53 2 36 23 22 58 47 14 45 60
