39732 44
28 33 66 77 84 86 154 172
2
0 1 42 43 2 3 4 5 6 7 8 9 10 11 12 13 14 15 16 17 18 19 20 21 22 23 24 25 26 27 28 29 30 31 32 33 34 35 36 37 38 39 40 41
1 23 38 11 13 18 32 24 2 19 6 34 35 31 40 33 16 7 25 20 9 28 39 0 17 5 27 37 41 22 30 4 10 42 3 43 14 26 8 29 36 21 15 12
14
2 1
41 20 29 25 37 40 31 18 38 27 34 23 43 30 21 24 36 32 7 35 1 14 28 11 15 3 42 9 22 2 13 6 17 39 10 19 16 4 8 33 5 0 26 12
3 1
32 20 12 34 9 10 3 2 22 26 30 8 7 42 43 18 40 17 31 27 24 13 11 29 1 38 4 33 16 37 5 15 36 19 6 14 0 23 41 39 28 25 21 35
4 2
25 34 7 43 29 31 21 2 37 22 15 38 28 30 16 10 14 35 26 39 40 6 9 27 42 0 18 23 12 4 13 5 36 41 1 17 32 8 11 19 20 33 24 3
34 25 10 16 30 28 38 15 22 37 2 21 31 29 43 7 3 24 33 20 19 11 8 32 17 1 41 36 5 13 4 12 23 18 0 42 27 9 6 40 39 26 35 14
6 2
25 34 7 43 29 31 21 2 37 22 15 38 28 30 16 10 14 35 26 39 40 6 9 27 42 0 18 23 12 4 13 5 36 41 1 17 32 8 11 19 20 33 24 3
19 28 9 32 22 24 10 4 8 29 20 33 34 42 3 21 36 0 12 17 6 40 7 41 30 35 1 11 26 2 5 13 14 27 18 39 43 37 23 25 15 38 31 16
7 1
35 2 25 6 38 40 26 20 24 3 36 7 8 16 19 37 10 0 28 33 22 14 23 15 4 9 1 27 42 18 21 29 30 43 34 13 17 11 39 41 31 12 5 32
11 1
10 3 34 36 13 22 8 24 28 4 29 14 6 2 12 18 25 15 39 1 35 23 38 17 32 20 0 16 40 30 37 43 11 7 41 26 9 27 31 5 33 42 19 21
12 2
16 22 2 20 9 13 42 23 8 10 4 41 19 39 34 28 30 15 38 25 29 18 36 32 37 12 11 33 17 3 0 14 7 40 31 24 1 35 21 5 27 26 43 6
36 21 12 13 31 42 20 16 41 37 15 26 2 3 17 10 7 14 30 25 6 1 23 22 28 19 11 39 24 33 18 4 38 29 35 34 0 9 32 27 43 8 5 40
14 2
7 21 37 11 29 28 24 39 8 2 9 14 19 26 20 31 4 42 41 17 33 23 40 25 16 0 32 34 13 27 22 10 35 18 6 43 15 36 38 1 12 3 30 5
41 20 29 25 37 40 31 18 38 27 34 23 43 30 21 24 36 32 7 35 1 14 28 11 15 3 42 9 22 2 13 6 17 39 10 19 16 4 8 33 5 0 26 12
21 1
27 11 15 43 4 1 38 25 32 8 5 20 21 40 17 18 33 30 6 13 42 0 34 37 23 36 14 22 28 39 31 29 12 35 19 3 26 9 7 41 10 16 24 2
22 1
15 21 25 42 5 43 19 8 12 41 22 7 9 3 40 18 38 33 27 29 14 37 24 28 17 35 31 36 11 10 32 16 2 0 13 6 39 30 23 1 34 20 4 26
22 2
5 11 22 6 34 0 3 38 29 20 13 1 24 10 36 16 15 32 37 33 9 40 2 31 12 39 41 35 30 8 28 23 17 19 4 27 14 18 7 25 21 26 43 42
26 4 33 41 17 43 7 28 16 21 15 9 14 2 23 29 13 31 39 22 1 25 10 32 27 37 6 18 19 42 38 36 34 30 11 12 24 35 3 40 20 5 0 8
22 2
43 7 41 34 25 16 9 1 20 6 32 12 11 28 33 29 5 36 40 27 8 35 37 31 26 4 24 19 13 15 42 23 10 14 3 21 17 22 39 38 18 2 30 0
31 6 42 23 28 38 1 10 16 33 7 18 39 36 34 20 8 22 11 26 15 29 17 3 43 40 19 30 4 21 27 0 41 9 14 37 13 35 5 12 25 32 2 24
42 2
25 8 16 37 26 10 35 29 1 15 5 42 19 43 21 9 2 31 24 12 32 14 33 28 18 0 4 40 23 7 38 17 20 22 36 6 34 3 30 41 27 39 11 13
28 12 10 8 42 11 17 25 3 16 2 5 1 39 26 33 9 6 21 22 41 18 19 34 31 7 14 43 0 35 38 24 37 15 23 29 40 32 30 13 36 20 4 27
43 1
38 1 23 41 29 16 18 15 25 19 3 37 14 10 42 20 32 0 12 43 24 35 40 22 31 6 13 4 8 7 21 34 17 39 5 33 28 26 11 27 30 36 9 2
