246480 80
48 52 65 104 120 130 156 158 195 208 260 312 316 390 395 474
2
0 1 78 79 2 3 4 5 6 7 8 9 10 11 12 13 14 15 16 17 18 19 20 21 22 23 24 25 26 27 28 29 30 31 32 33 34 35 36 37 38 39 40 41 42 43 44 45 46 47 48 49 50 51 52 53 54 55 56 57 58 59 60 61 62 63 64 65 66 67 68 69 70 71 72 73 74 75 76 77
1 41 37 33 53 58 40 66 9 67 57 7 22 52 39 73 75 10 20 13 46 5 50 35 77 72 23 4 28 78 69 14 60 48 49 26 62 45 6 31 38 0 76 68 42 2 18 59 3 79 12 43 19 27 54 29 47 17 21 56 70 24 64 30 36 25 11 8 51 63 32 16 65 74 15 71 44 61 55 34
33
2 1
17 36 71 31 75 57 20 28 44 45 12 65 10 61 29 21 69 0 77 27 6 15 50 67 39 46 34 19 7 14 64 3 38 47 26 54 1 62 32 24 70 43 66 41 8 9 25 33 74 56 22 60 63 76 35 78 49 5 59 58 51 13 37 52 30 11 42 23 79 16 40 2 73 72 48 4 53 18 55 68
3 1
64 61 49 22 2 11 35 9 37 18 59 19 62 55 13 15 77 71 7 5 42 40 54 48 32 34 70 63 28 66 29 10 38 12 36 45 25 76 24 72 67 39 73 56 27 6 74 75 79 4 26 17 47 65 3 14 68 1 16 31 0 57 33 44 60 78 30 21 43 46 50 51 41 20 69 52 8 58 53 23
4 1
20 29 62 38 30 60 63 68 12 27 25 33 26 42 13 44 61 15 71 54 78 6 32 9 46 35 69 53 0 57 48 45 47 2 4 79 70 1 74 58 14 3 40 17 43 49 73 56 34 66 5 36 7 23 16 24 22 37 59 64 67 19 11 65 39 21 31 50 75 8 72 76 51 55 41 52 77 18 28 10
4 2
54 31 17 30 55 68 50 8 7 33 56 70 42 51 66 74 41 2 61 71 28 26 38 40 67 27 21 25 20 75 3 1 46 9 72 79 48 49 22 53 23 16 12 73 69 62 32 63 36 37 6 13 76 39 0 4 10 65 60 64 58 18 45 47 59 57 14 24 5 44 11 19 34 43 15 29 52 78 77 35
73 25 8 13 69 63 72 17 2 60 49 38 18 3 26 35 29 7 12 24 52 66 70 57 19 1 14 31 76 16 51 27 77 58 50 15 59 56 11 62 65 75 61 54 55 53 78 68 64 10 34 30 20 45 43 44 37 23 33 36 9 42 39 5 48 40 21 71 47 4 22 67 6 0 79 41 28 32 46 74
4 2
8 9 64 45 70 48 34 16 0 1 79 61 47 25 50 31 7 20 40 63 17 36 62 27 57 13 44 23 41 49 53 15 76 73 6 52 21 56 71 58 18 28 65 60 26 3 66 12 5 29 14 69 35 30 67 77 37 24 39 74 43 11 22 19 2 42 46 54 72 51 4 38 68 33 59 78 32 55 75 10
43 20 40 55 63 30 69 50 60 17 15 27 29 56 16 10 14 9 64 70 1 35 76 61 68 37 38 11 42 12 5 79 62 58 51 21 52 25 26 73 2 65 28 0 71 77 54 49 53 47 7 34 36 48 46 3 13 72 33 78 8 23 32 4 18 41 67 66 24 6 19 44 57 39 75 74 22 45 59 31
5 1
63 6 18 58 11 51 12 64 27 39 60 56 45 70 1 38 52 67 15 74 76 66 37 10 28 61 72 23 21 20 44 19 65 47 35 78 16 36 68 62 55 40 43 26 29 14 7 79 33 53 69 34 22 4 50 25 49 48 46 75 8 41 59 32 3 71 73 54 2 17 31 0 77 24 13 9 30 42 5 57
6 2
46 47 25 20 64 41 26 50 43 67 52 29 73 68 27 37 75 62 77 34 3 49 60 57 40 2 6 14 32 11 42 76 28 71 19 38 70 15 35 48 24 5 30 8 72 54 0 1 39 21 7 63 10 69 45 58 78 23 55 74 22 65 17 51 4 61 79 9 13 53 36 33 44 12 59 16 31 18 56 66
63 41 76 13 28 47 60 43 50 4 30 55 48 15 0 3 6 72 35 8 37 12 26 66 10 45 75 51 9 33 24 25 64 58 7 65 5 68 77 73 42 70 52 34 62 31 27 36 21 39 19 46 40 79 2 71 17 53 29 59 16 38 78 14 67 18 69 32 20 23 1 11 56 49 74 22 54 61 44 57
8 1
71 79 43 59 36 13 29 44 1 15 54 56 26 37 49 45 17 10 14 52 76 11 2 68 9 69 31 60 40 47 65 30 50 5 64 72 77 24 19 51 38 39 66 75 6 33 34 21 53 48 73 78 8 67 22 42 7 25 32 12 41 3 63 4 70 61 74 20 58 62 55 27 23 35 46 16 18 57 0 28
8 2
10 75 27 65 20 58 30 38 9 8 0 44 18 22 56 37 64 54 12 57 4 69 13 43 53 59 60 2 66 71 6 68 61 50 45 52 46 15 7 49 51 74 62 23 11 34 36 78 70 39 33 40 35 24 17 79 14 19 5 25 26 32 42 72 16 3 28 73 31 21 48 29 63 67 41 1 77 76 47 55
58 24 41 14 44 63 75 76 15 33 36 61 20 48 3 8 37 30 32 77 12 71 51 26 1 35 23 39 29 28 17 60 18 9 69 25 10 16 78 27 42 2 40 55 4 66 72 57 13 73 64 22 65 54 53 43 59 47 0 56 31 11 70 5 50 52 45 74 79 34 62 21 46 49 67 6 7 19 38 68
8 2
37 75 19 4 3 63 42 39 78 22 60 41 25 68 74 32 51 56 61 2 38 44 9 71 52 12 34 73 70 49 31 30 15 59 26 72 76 0 20 7 77 11 6 67 21 69 65 66 55 29 54 16 24 79 50 48 17 64 62 33 10 18 58 5 57 46 47 43 13 45 28 23 35 27 14 1 36 40 8 53
17 21 72 68 50 27 67 31 53 69 79 33 23 18 56 26 75 0 13 58 25 1 41 12 60 20 15 5 37 47 63 7 49 11 66 48 44 28 64 73 65 22 46 77 36 59 42 29 35 32 4 76 78 8 61 62 14 71 19 45 24 54 55 30 38 40 34 6 3 9 74 57 2 39 70 16 51 43 52 10
10 1
27 72 58 32 65 55 40 9 74 24 73 79 57 5 43 2 46 3 22 1 63 61 37 14 28 52 64 68 70 49 66 13 23 15 60 54 45 39 6 76 8 33 50 29 31 35 47 71 7 62 38 36 0 77 18 53 19 56 16 42 20 26 75 25 12 59 44 34 67 41 11 69 21 48 4 17 51 78 30 10
10 2
54 58 18 79 66 72 69 41 35 37 45 20 21 51 30 56 4 61 13 14 67 75 77 71 43 40 46 33 16 39 76 29 53 10 2 11 47 31 27 9 64 26 68 12 28 38 70 60 55 15 63 34 0 50 17 62 1 78 49 19 57 52 42 74 6 22 44 8 48 25 7 3 65 23 32 24 59 5 36 73
12 76 10 40 65 44 23 48 78 63 2 60 0 27 49 19 22 24 33 15 47 52 16 6 17 79 42 13 77 32 58 53 29 18 45 57 67 50 51 74 3 68 26 54 5 34 62 20 7 14 37 38 21 31 43 70 59 35 30 56 11 75 46 9 71 4 72 36 41 73 55 64 66 69 39 61 1 28 8 25
10 2
21 35 22 36 65 24 40 29 39 75 70 38 56 47 45 42 72 50 0 5 25 8 23 71 46 67 10 63 33 48 31 51 1 6 62 14 11 9 78 18 64 59 17 27 16 32 69 20 34 79 53 58 4 15 66 54 44 61 60 37 30 43 7 57 28 77 49 13 26 19 74 73 12 2 68 41 52 76 3 55
27 31 6 67 12 49 2 26 61 53 62 20 4 78 60 37 77 41 63 79 11 43 33 28 66 36 7 0 23 68 35 1 51 22 70 30 25 15 47 57 73 17 59 21 76 58 54 38 74 5 75 32 56 9 46 69 52 39 45 42 14 8 10 18 71 72 24 3 29 55 34 64 65 40 48 50 44 16 13 19
12 2
35 25 14 79 36 27 75 42 65 26 77 31 17 38 2 16 15 12 53 71 64 62 47 72 56 1 9 5 32 49 69 11 28 55 51 0 4 66 13 76 74 67 7 48 45 44 58 22 43 29 61 34 73 18 63 33 24 59 46 57 70 50 21 54 20 8 37 41 78 30 60 19 23 52 40 6 39 10 68 3
66 34 42 4 61 12 30 40 64 11 36 60 70 10 39 18 58 57 72 52 45 16 8 49 7 0 17 31 32 53 75 59 78 2 71 19 13 73 79 74 24 44 33 38 65 63 23 54 50 46 77 37 35 62 67 56 76 26 21 27 9 3 29 20 22 41 25 47 68 69 5 1 15 51 14 6 55 48 28 43
12 2
18 40 79 10 64 28 52 22 65 43 3 67 14 63 12 49 61 58 0 70 25 32 7 59 27 20 37 24 5 68 53 34 21 38 31 77 51 26 33 66 1 78 75 9 46 73 44 69 55 15 71 36 6 30 72 48 57 56 17 23 74 16 76 13 4 8 39 11 29 47 19 50 54 45 60 42 62 35 41 2
44 33 65 56 35 19 6 43 11 31 30 73 1 49 25 39 2 41 36 75 38 52 28 0 4 47 46 66 34 71 58 42 21 12 22 24 62 51 72 77 69 57 9 70 23 48 76 14 61 64 50 59 32 74 40 67 60 17 10 37 3 45 18 27 13 16 63 79 29 54 7 68 20 8 78 5 26 15 53 55
13 1
65 76 3 1 27 62 63 43 75 38 51 67 10 19 9 7 47 58 37 32 40 52 22 39 8 61 33 17 48 45 59 50 77 35 69 42 49 14 21 72 28 64 13 4 18 15 46 30 2 55 24 41 11 23 31 26 5 16 56 54 44 53 74 12 25 66 20 78 79 36 0 60 6 70 29 68 73 34 71 57
16 2
41 25 42 45 32 78 15 56 35 20 59 28 19 77 73 6 40 65 74 12 9 63 69 29 64 1 50 39 11 23 76 58 4 72 62 8 68 43 55 27 16 0 2 37 75 3 57 54 70 79 26 60 71 67 47 38 7 46 31 10 51 66 34 21 24 17 61 53 36 22 48 52 33 14 18 44 30 13 5 49
17 47 55 58 31 64 61 27 70 62 43 15 69 26 44 11 28 0 23 63 50 54 68 18 30 35 13 7 16 39 24 4 71 60 40 25 48 57 51 29 34 46 74 10 14 79 41 1 36 53 20 38 73 49 21 2 72 37 3 78 33 6 9 19 5 76 77 75 22 12 8 32 56 52 42 67 65 66 59 45
20 1
67 38 39 26 76 55 65 4 68 35 59 8 78 71 15 3 61 11 43 47 52 42 2 21 64 7 1 14 9 69 33 30 77 48 5 31 45 54 10 56 32 73 49 17 51 60 74 22 57 28 75 72 36 18 13 0 20 41 6 25 63 53 58 62 16 44 24 12 34 27 19 46 70 37 23 40 50 29 79 66
20 2
22 13 27 49 66 42 36 10 33 74 7 51 67 1 63 72 75 73 40 38 41 50 0 46 62 28 39 2 25 77 71 47 64 8 54 37 6 35 19 26 18 20 5 61 56 53 23 31 55 3 21 11 70 45 34 48 44 69 65 79 68 43 24 14 32 58 4 12 60 57 52 30 15 17 9 16 78 29 76 59
32 51 26 57 38 16 31 55 17 10 9 63 19 68 33 70 5 8 46 12 72 35 43 59 60 27 2 25 76 44 36 6 0 14 42 21 30 65 4 54 61 49 34 22 29 79 18 53 62 41 69 1 77 47 39 7 58 3 56 23 24 40 48 11 71 37 75 78 13 50 15 64 20 74 73 66 28 52 67 45
20 2
45 63 8 68 48 73 36 66 2 18 14 43 21 67 10 54 20 41 9 65 16 12 28 42 72 35 60 40 22 69 77 78 34 56 32 25 6 38 37 79 27 17 23 11 51 0 62 59 4 61 53 44 75 50 15 58 33 64 55 47 26 49 46 1 57 19 7 13 3 29 71 70 24 5 76 52 74 30 31 39
64 12 15 51 20 33 10 14 75 42 6 63 1 65 7 2 26 59 27 24 4 44 30 48 19 73 16 18 53 31 22 29 55 5 67 76 39 40 77 36 37 78 9 71 21 47 54 45 23 58 60 3 57 28 46 32 72 52 49 17 50 74 69 11 0 13 70 34 79 62 66 43 56 25 61 8 35 38 41 68
24 2
75 11 15 51 46 14 32 23 21 18 48 26 0 59 79 62 77 47 22 43 64 39 9 24 7 27 1 60 38 68 65 63 54 72 40 35 71 3 70 8 45 74 10 55 29 34 58 69 42 30 20 37 36 13 6 19 61 33 4 53 25 67 2 73 50 49 66 56 44 17 28 52 57 31 76 12 41 78 16 5
17 8 5 28 69 2 46 62 1 58 67 70 68 35 33 36 45 0 41 57 23 34 75 20 72 66 42 59 3 49 32 79 30 14 21 13 15 78 56 51 48 18 26 50 76 16 6 65 40 29 43 39 64 60 74 63 38 19 9 27 53 77 7 55 52 47 25 10 12 4 11 73 24 71 54 22 44 61 37 31
24 2
9 3 27 15 39 73 69 36 13 43 59 41 72 6 18 49 31 47 77 54 21 17 51 75 63 78 5 42 74 71 28 56 24 22 26 4 25 38 11 61 44 37 60 55 10 50 57 20 14 1 67 58 45 32 23 0 76 70 33 40 2 35 30 53 46 29 79 52 65 8 64 68 66 34 62 19 16 48 7 12
58 24 41 14 44 63 75 76 15 33 36 61 20 48 3 8 37 30 32 77 12 71 51 26 1 35 23 39 29 28 17 60 18 9 69 25 10 16 78 27 42 2 40 55 4 66 72 57 13 73 64 22 65 54 53 43 59 47 0 56 31 11 70 5 50 52 45 74 79 34 62 21 46 49 67 6 7 19 38 68
26 2
50 31 25 44 66 51 27 65 72 73 19 63 14 49 12 77 74 36 70 10 47 39 23 22 55 2 57 6 38 46 76 1 68 40 61 52 17 78 28 21 33 48 60 53 3 64 29 20 41 13 0 5 35 43 75 24 79 26 59 58 42 34 71 11 45 7 4 69 32 67 18 62 8 9 16 54 30 15 37 56
32 15 71 5 19 7 49 10 53 57 66 17 43 27 24 62 45 8 18 65 46 61 78 69 58 52 73 67 56 47 64 79 60 29 39 2 63 23 20 4 30 59 68 72 37 76 40 28 42 54 9 44 16 14 34 12 1 11 48 55 41 75 25 26 74 51 21 22 50 6 70 77 36 0 35 13 33 31 3 38
39 1
38 40 43 66 32 44 70 67 77 64 50 45 36 3 54 31 74 29 18 53 59 62 26 72 0 78 1 6 52 16 19 25 60 49 4 47 24 75 42 33 28 14 79 11 8 34 46 12 35 15 23 2 17 21 71 73 20 68 37 69 30 51 13 22 39 56 65 27 48 9 41 10 58 5 7 57 61 76 55 63
40 2
59 60 22 26 66 49 46 57 25 72 29 44 31 69 79 38 33 77 54 39 63 56 2 65 42 8 3 40 50 10 75 12 47 16 62 73 70 53 15 19 27 45 24 55 11 41 6 32 51 5 28 48 61 37 18 43 21 7 67 0 1 52 34 20 76 23 4 58 71 13 36 68 9 35 78 30 64 17 74 14
17 21 72 68 50 27 67 31 53 69 79 33 23 18 56 26 75 0 13 58 25 1 41 12 60 20 15 5 37 47 63 7 49 11 66 48 44 28 64 73 65 22 46 77 36 59 42 29 35 32 4 76 78 8 61 62 14 71 19 45 24 54 55 30 38 40 34 6 3 9 74 57 2 39 70 16 51 43 52 10
40 2
10 75 27 65 20 58 30 38 9 8 0 44 18 22 56 37 64 54 12 57 4 69 13 43 53 59 60 2 66 71 6 68 61 50 45 52 46 15 7 49 51 74 62 23 11 34 36 78 70 39 33 40 35 24 17 79 14 19 5 25 26 32 42 72 16 3 28 73 31 21 48 29 63 67 41 1 77 76 47 55
65 5 46 69 66 1 77 39 27 33 23 49 13 12 44 25 18 72 16 50 51 59 28 10 68 15 56 8 22 38 34 63 41 9 30 74 40 61 29 7 36 32 48 62 14 55 2 60 42 11 19 20 54 76 52 45 26 58 57 21 47 37 43 31 71 0 4 79 24 3 73 64 17 70 35 78 53 6 75 67
40 1
7 26 12 50 53 66 25 68 39 73 49 48 41 3 27 42 20 79 32 13 69 6 30 70 63 62 38 72 43 8 45 58 61 21 65 47 10 18 34 35 2 55 78 51 19 11 59 0 67 17 74 5 40 57 29 36 24 9 75 4 54 71 28 37 16 44 1 52 22 14 60 33 56 31 76 77 15 23 64 46
60 2
68 39 32 46 55 11 57 33 74 50 18 52 61 75 23 58 29 76 73 37 19 14 0 21 42 7 26 64 54 59 63 17 45 25 13 35 28 20 47 71 38 24 41 51 30 2 67 40 27 77 56 66 5 69 36 60 9 79 72 16 4 62 12 44 48 53 43 3 22 65 8 1 15 10 70 34 31 78 49 6
14 35 0 28 53 42 38 59 71 34 8 47 9 40 2 41 15 56 68 11 7 74 21 1 67 3 18 44 25 27 17 66 39 57 12 23 52 50 49 73 48 16 76 64 29 45 65 19 13 6 69 72 55 58 43 36 30 62 4 20 63 51 33 79 54 78 77 75 26 37 70 10 61 32 22 24 5 31 46 60
60 2
34 12 26 19 64 0 52 55 43 6 57 8 61 75 37 59 16 46 22 58 4 73 74 35 29 56 36 54 39 48 44 13 41 23 5 33 2 76 7 70 10 68 17 11 50 51 42 66 24 78 30 65 9 49 63 38 67 40 3 69 72 1 60 27 20 45 71 25 32 15 28 47 62 77 18 31 14 21 53
49 33 78 9 34 68 79 75 55 46 15 54 39 18 59 74 42 29 32 25 69 61 44 30 56 60 41 22 26 52 38 21 13 57 50 53 40 8 23 64 43 28 67 36 27 7 3 14 48 73 4 20 17 71 77 37 72 1 58 47 19 31 6 66 12 2 70 16 76 51 63 35 24 0 10 45 5 11 65 62
78 2
37 53 79 5 72 38 13 4 66 69 15 9 49 14 0 28 39 67 55 2 20 74 6 16 70 10 35 23 51 62 1 76 41 3 75 21 24 8 77 52 18 7 11 31 40 71 32 47 68 27 12 44 57 54 61 17 25 42 56 30 26 45 64 60 34 48 65 73 29 36 33 46 78 63 22 43 58 19 50 59
12 76 10 40 65 44 23 48 78 63 2 60 0 27 49 19 22 24 33 15 47 52 16 6 17 79 42 13 77 32 58 53 29 18 45 57 67 50 51 74 3 68 26 54 5 34 62 20 7 14 37 38 21 31 43 70 59 35 30 56 11 75 46 9 71 4 72 36 41 73 55 64 66 69 39 61 1 28 8 25
79 1
71 25 51 10 52 1 42 28 27 6 62 78 59 57 66 40 46 64 58 63 35 15 26 21 72 74 36 5 9 13 60 22 24 75 70 3 61 33 38 32 50 56 30 39 37 18 34 12 69 68 54 0 44 8 45 53 4 11 31 16 17 55 76 47 29 19 73 48 23 77 67 49 20 41 79 2 65 7 14 43
237 2
44 75 67 30 47 45 63 51 60 21 3 54 76 53 1 73 22 26 39 40 71 28 33 18 7 36 10 9 55 17 37 61 41 57 12 6 42 49 70 77 35 29 62 78 58 4 24 64 32 31 5 34 23 8 13 48 79 2 15 19 46 0 66 43 65 38 20 59 68 56 74 72 11 52 16 27 50 69 14 25
66 34 42 4 61 12 30 40 64 11 36 60 70 10 39 18 58 57 72 52 45 16 8 49 7 0 17 31 32 53 75 59 78 2 71 19 13 73 79 74 24 44 33 38 65 63 23 54 50 46 77 37 35 62 67 56 76 26 21 27 9 3 29 20 22 41 25 47 68 69 5 1 15 51 14 6 55 48 28 43
1027 2
65 0 31 33 67 54 6 21 49 39 19 40 66 48 53 73 69 72 51 45 62 35 13 32 41 12 74 43 55 20 17 3 70 76 42 4 36 50 7 11 59 77 52 79 9 63 16 27 25 47 10 26 64 38 30 1 68 75 22 61 44 2 57 58 46 14 37 28 78 24 5 34 29 71 56 23 60 15 8 18
62 29 10 54 13 51 77 55 61 32 60 47 16 79 69 24 76 46 26 56 5 39 52 8 35 65 45 15 67 22 12 75 44 31 59 30 36 14 40 78 37 3 38 57 1 20 18 72 49 63 9 21 25 27 6 23 48 58 50 17 11 2 74 41 33 43 68 7 64 66 70 4 28 42 19 73 71 0 34 53
