34440 42
28 35 56 70 105 120 123 140
2
0 1 40 41 2 3 4 5 6 7 8 9 10 11 12 13 14 15 16 17 18 19 20 21 22 23 24 25 26 27 28 29 30 31 32 33 34 35 36 37 38 39
1 22 36 23 30 35 5 11 2 39 19 28 4 15 40 18 33 10 13 17 3 41 0 20 21 34 29 25 7 31 12 26 14 37 27 6 8 16 9 38 32 24
29
2 1
30 40 6 12 19 31 2 7 20 38 22 26 3 29 37 35 33 41 27 4 8 32 10 23 28 39 11 18 24 13 0 5 21 16 36 15 34 14 9 25 1 17
3 1
16 28 21 12 25 4 26 6 33 22 11 38 18 40 19 32 23 31 3 36 34 29 30 0 20 5 7 17 35 2 9 27 37 39 24 1 14 15 10 8 41 13
4 1
19 12 6 0 20 7 32 4 10 13 35 8 29 28 17 15 22 37 38 26 5 33 34 9 16 14 3 2 23 36 18 21 27 39 24 11 1 25 41 31 40 30
4 2
33 41 7 34 4 39 22 2 26 38 13 19 28 10 18 23 20 37 14 11 16 24 6 15 21 36 8 32 12 35 30 40 27 0 3 29 25 17 9 5 31 1
11 12 23 37 30 27 29 15 16 38 10 0 1 13 25 7 8 34 36 33 26 40 35 2 31 14 20 5 41 6 4 24 39 19 17 22 18 3 9 32 21 28
4 2
15 1 39 20 30 7 19 5 24 40 18 22 27 14 13 0 34 36 10 6 3 26 11 33 8 37 21 12 32 35 4 38 28 23 16 29 17 25 31 2 9
33 41 7 34 4 39 22 2 26 38 13 19 28 10 18 23 20 37 14 11 16 24 6 15 21 36 8 32 12 35 30 40 27 0 3 29 25 17 9 5 31 1
5 1
15 39 8 19 38 13 22 5 26 33 1 30 20 4 29 2 36 23 27 31 18 12 25 10 34 24 0 21 28 9 32 41 16 35 6 14 11 37 7 17 3 40
6 2
2 24 0 20 9 35 23 14 26 4 34 11 19 33 7 15 32 22 40 12 3 31 17 6 1 39 8 41 37 38 36 21 16 13 10 5 30 28 29 25 18 27
26 16 23 15 29 12 8 24 6 33 28 17 5 38 32 3 1 11 35 40 20 41 22 2 7 31 0 39 10 4 37 25 14 9 36 18 34 30 13 27 19 21
7 1
28 13 6 0 24 36 15 18 2 37 14 30 34 16 8 41 40 33 25 7 11 27 4 39 23 26 5 17 1 35 31 38 12 32 21 22 19 20 9 29 3 10
8 2
26 15 25 34 19 35 36 38 27 17 10 13 40 11 33 1 39 9 21 4 23 18 37 20 32 2 0 8 30 41 28 31 24 14 3 5 6 22 7 16 12 29
11 26 32 28 12 35 40 16 13 34 22 0 4 8 41 27 7 18 17 20 19 30 10 36 29 33 1 15 3 24 21 37 2 25 9 5 23 31 38 39 6 14
10 1
11 27 10 31 20 12 15 29 19 9 23 26 18 7 28 13 4 21 40 33 0 36 6 22 37 24 30 3 39 35 8 14 41 16 32 2 1 5 38 17 34 25
10 2
26 15 25 34 19 35 36 38 27 17 10 13 40 11 33 1 39 9 21 4 23 18 37 20 32 2 0 8 30 41 28 31 24 14 3 5 6 22 7 16 12 29
33 41 7 34 4 39 22 2 26 38 13 19 28 10 18 23 20 37 14 11 16 24 6 15 21 36 8 32 12 35 30 40 27 0 3 29 25 17 9 5 31 1
10 2
5 25 4 36 2 0 22 16 24 9 39 30 17 18 23 35 7 12 13 40 31 21 6 14 8 1 28 34 26 41 11 20 33 32 27 15 3 38 37 10 19 29
30 40 6 12 19 31 2 7 20 38 22 26 3 29 37 35 33 41 27 4 8 32 10 23 28 39 11 18 24 13 0 5 21 16 36 15 34 14 9 25 1 17
12 2
13 18 36 15 7 8 14 12 40 20 30 29 4 34 38 32 10 21 39 33 37 27 2 41 11 31 19 17 23 24 16 35 3 26 0 25 22 9 6 1 5 28
38 39 0 1 40 12 34 35 21 23 20 13 27 22 29 18 41 7 32 28 33 31 11 26 6 4 9 5 30 36 19 8 15 10 24 17 14 16 2 3 25 37
12 2
2 24 0 20 9 35 23 14 26 4 34 11 19 33 7 15 32 22 40 12 3 31 17 6 1 39 8 41 37 38 36 21 16 13 10 5 30 28 29 25 18 27
14 35 18 34 20 10 16 30 1 5 9 6 17 12 27 23 11 13 36 38 26 22 37 32 3 40 4 0 19 33 39 29 15 31 24 8 2 21 28 7 41 25
14 2
1 40 18 36 11 28 31 35 21 19 0 38 39 12 7 3 25 9 30 4 32 15 5 24 26 34 27 16 10 2 14 41 8 13 23 29 20 17 37 6 22 33
33 41 7 34 4 39 22 2 26 38 13 19 28 10 18 23 20 37 14 11 16 24 6 15 21 36 8 32 12 35 30 40 27 0 3 29 25 17 9 5 31 1
20 2
2 24 0 20 9 35 23 14 26 4 34 11 19 33 7 15 32 22 40 12 3 31 17 6 1 39 8 41 37 38 36 21 16 13 10 5 30 28 29 25 18 27
11 26 32 28 12 35 40 16 13 34 22 0 4 8 41 27 7 18 17 20 19 30 10 36 29 33 1 15 3 24 21 37 2 25 9 5 23 31 38 39 6 14
20 1
34 31 28 41 15 16 33 40 25 32 9 10 24 37 23 5 26 35 19 17 13 21 36 7 38 3 1 14 11 0 22 27 18 29 4 12 8 6 30 39 20 2
20 2
33 41 7 34 4 39 22 2 26 38 13 19 28 10 18 23 20 37 14 11 16 24 6 15 21 36 8 32 12 35 30 40 27 0 3 29 25 17 9 5 31 1
5 25 4 36 2 0 22 16 24 9 39 30 17 18 23 35 7 12 13 40 31 21 6 14 8 1 28 34 26 41 11 20 33 32 27 15 3 38 37 10 19 29
21 1
31 24 6 21 28 26 15 14 35 8 30 33 39 11 36 23 1 37 13 3 12 2 18 0 32 19 4 16 22 25 7 20 41 40 29 27 34 9 10 38 17 5
24 2
14 38 9 33 23 0 20 27 8 31 40 15 34 5 13 10 36 6 16 2 39 7 18 37 12 21 4 25 32 1 29 19 3 28 41 35 22 26 30 17 11 24
40 9 12 10 28 21 39 37 20 1 3 25 2 26 32 18 27 35 15 19 8 5 33 36 38 11 13 16 4 41 30 34 14 22 31 17 23 7 24 6 0 29
24 2
14 38 9 33 23 0 20 27 8 31 40 15 34 5 13 10 36 6 16 2 39 7 18 37 12 21 4 25 32 1 29 19 3 28 41 35 22 26 30 17 11 24
8 34 15 18 33 14 10 29 0 38 6 30 31 35 5 2 16 25 3 20 19 41 23 22 39 17 26 40 37 7 11 12 36 4 1 13 32 28 9 24 27 21
40 2
32 2 1 19 8 14 21 33 4 9 22 40 24 28 5 31 39 37 35 3 29 6 10 34 12 25 30 41 13 20 26 15 0 7 23 18 38 17 36 16 11 27
26 16 23 15 29 12 8 24 6 33 28 17 5 38 32 3 1 11 35 40 20 41 22 2 7 31 0 39 10 4 37 25 14 9 36 18 34 30 13 27 19 21
41 1
31 16 4 3 36 28 10 14 30 7 2 26 29 8 20 1 38 34 41 15 35 24 25 22 23 12 32 6 13 9 0 27 39 18 21 5 40 17 33 37 19 11
60 2
35 27 38 28 41 1 25 39 3 11 19 23 37 0 21 34 24 29 6 26 2 30 15 9 40 18 10 5 8 31 14 17 12 4 22 13 7 32 20 36 16 33
41 10 27 33 19 28 36 16 20 9 6 34 37 39 12 14 17 5 2 31 35 15 23 32 18 24 8 25 7 0 30 13 11 29 22 40 38 21 1 4 26 3
60 2
26 30 41 39 18 2 34 4 7 32 6 11 20 19 25 3 29 40 21 0 33 8 23 1 35 16 27 13 31 37 36 5 10 24 9 12 22 14 38 17 15 28
26 16 23 15 29 12 8 24 6 33 28 17 5 38 32 3 1 11 35 40 20 41 22 2 7 31 0 39 10 4 37 25 14 9 36 18 34 30 13 27 19 21
82 2
32 23 12 0 29 7 30 6 40 14 5 37 17 13 24 27 39 36 34 21 19 16 28 31 2 38 18 10 41 15 9 25 8 26 1 3 20 22 4 11 33 35
11 12 23 37 30 27 29 15 16 38 10 0 1 13 25 7 8 34 36 33 26 40 35 2 31 14 20 5 41 6 4 24 39 19 17 22 18 3 9 32 21 28
164 2
15 19 29 10 0 22 37 12 1 24 5 16 2 20 26 25 34 39 13 38 41 11 3 27 6 4 17 30 28 7 31 23 33 36 21 35 40 9 8 14 32 18
27 34 40 1 26 39 14 2 36 33 11 38 17 18 29 31 24 9 8 20 41 13 12 37 30 32 3 4 23 10 28 25 19 7 22 35 0 21 5 15 6 16
205 2
3 25 23 41 13 4 32 18 7 1 40 9 2 38 39 37 22 17 14 11 6 31 29 30 26 19 28 0 21 10 36 24 15 27 5 35 12 20 34 8 16 33
31 39 19 34 6 30 10 33 28 38 25 0 41 27 23 15 7 3 29 1 5 32 2 37 20 40 24 36 11 17 26 8 16 21 18 35 12 9 14 22 4 13
410 2
2 24 0 20 9 35 23 14 26 4 34 11 19 33 7 15 32 22 40 12 3 31 17 6 1 39 8 41 37 38 36 21 16 13 10 5 30 28 29 25 18 27
31 39 19 34 6 30 10 33 28 38 25 0 41 27 23 15 7 3 29 1 5 32 2 37 20 40 24 36 11 17 26 8 16 21 18 35 12 9 14 22 4 13
