885720 122
183 305 915
2
0 1 120 21 32 43 54 65 76 87 98 109 121 2 12 13 14 15 16 17 18 19 20 22 3 23 24 25 26 27 28 29 30 31 33 4 34 35 36 37 38 39 40 41 42 44 5 45 46 47 48 49 50 51 52 53 55 6 56 57 58 59 60 61 62 63 64 66 7 67 68 69 70 71 72 73 74 75 77 8 78 79 80 81 82 83 84 85 86 88 9 89 90 91 92 93 94 95 96 97 99 10 100 101 102 103 104 105 106 107 108 110 11 111 112 113 114 115 116 117 118 119
1 7 6 9 3 11 8 0 2 4 5 10 42 95 109 89 56 62 19 108 31 45 14 58 119 114 33 57 37 34 68 94 49 86 81 59 13 79 120 102 15 51 90 91 118 78 30 100 48 64 35 53 99 41 96 88 72 60 63 50 27 77 66 23 32 103 17 71 46 84 75 116 16 76 98 110 106 117 21 28 82 29 92 74 101 85 26 65 112 40 12 121 80 44 20 36 105 38 83 104 107 69 113 87 52 54 73 47 18 22 70 24 55 39 115 25 67 61 93 111 97 43
44
2 1
10 44 106 120 71 28 111 26 47 97 0 107 24 43 85 114 95 48 29 58 100 119 37 121 12 109 7 60 5 18 50 76 88 36 118 35 33 22 102 45 81 105 52 13 1 39 55 8 17 84 30 75 42 78 82 46 74 80 19 94 27 89 103 86 73 90 96 112 92 87 79 4 110 64 56 51 31 117 53 70 57 40 54 116 49 14 63 69 32 61 65 101 68 113 59 16 66 9 104 115 20 91 38 62 98 41 2 11 108 25 72 6 67 93 15 99 83 77 34 21 3 23
3 1
88 76 15 45 77 100 113 3 68 14 103 98 102 86 70 79 116 114 94 43 16 97 63 105 33 13 5 1 82 101 52 64 120 87 44 10 111 62 81 0 119 40 21 58 118 7 37 121 69 49 47 84 93 8 61 38 72 12 19 36 4 112 46 85 110 104 66 65 53 92 9 80 96 18 106 74 27 60 6 2 107 55 90 23 115 22 25 24 39 29 28 32 48 30 73 109 56 42 108 95 26 89 57 35 67 83 75 71 11 99 31 59 54 78 117 51 20 17 34 41 91 50
4 1
87 8 90 104 20 2 97 78 21 111 49 118 16 15 57 34 116 36 80 59 77 75 98 6 82 109 60 7 89 88 105 84 18 48 107 39 38 74 55 108 117 50 64 11 51 35 102 44 46 76 73 119 41 26 12 17 22 29 93 115 70 5 92 68 30 106 66 63 103 10 53 40 23 52 3 1 69 81 79 27 85 4 83 95 0 32 112 31 14 65 61 101 86 99 58 24 96 72 120 94 71 25 33 67 37 42 28 13 45 91 9 121 62 19 43 113 54 100 114 47 56 110
4 2
9 10 11 5 6 3 4 8 7 0 1 2 56 46 92 106 108 23 26 42 79 38 66 17 85 25 18 73 113 88 35 83 65 72 117 30 59 74 21 94 57 114 19 48 71 116 13 105 43 100 75 115 60 53 103 61 12 40 109 36 52 55 80 82 96 32 22 97 70 77 68 44 33 27 37 50 104 69 93 20 62 101 63 31 112 24 90 107 29 99 86 121 14 78 39 110 64 67 102 89 49 81 98 54 76 47 15 87 16 58 95 119 84 28 41 51 45 34 120 111 118 91
59 61 107 92 120 14 118 33 72 36 55 87 73 109 5 104 105 91 117 85 114 66 38 121 42 53 34 56 98 103 81 57 84 7 26 101 9 80 22 90 83 79 24 48 50 49 58 108 43 45 44 52 51 25 88 10 27 31 46 0 115 1 74 89 93 112 21 95 69 68 77 75 8 12 62 71 106 70 96 41 37 30 99 40 32 19 94 11 54 63 39 17 3 64 86 67 78 110 28 82 116 35 113 29 15 16 76 2 47 13 97 111 65 102 20 60 100 18 6 119 4 23
4 2
25 24 79 63 28 96 89 21 39 120 69 23 33 34 30 36 22 37 47 85 35 7 16 11 1 0 49 97 4 93 14 75 112 12 13 20 15 17 80 8 71 43 107 41 83 87 103 18 52 26 65 61 48 118 66 91 113 84 72 62 90 51 59 3 115 50 54 86 105 10 104 40 58 114 92 31 102 116 78 2 38 81 121 44 57 19 67 45 101 6 60 55 74 29 106 110 5 27 100 109 98 88 76 46 70 68 94 42 111 99 95 108 32 56 73 64 77 119 53 117 9 82
119 97 60 66 68 101 22 82 11 47 113 8 91 59 93 26 89 58 120 110 64 121 6 39 27 117 15 24 105 30 29 31 112 55 62 115 49 72 109 23 83 48 86 52 71 94 92 9 41 36 84 73 43 108 63 33 69 65 17 13 2 114 34 54 20 57 3 107 4 56 100 44 37 51 103 75 77 76 81 90 99 78 7 40 50 95 42 106 96 16 79 12 46 14 45 85 88 1 104 80 70 5 116 74 98 28 87 67 53 38 19 118 32 10 61 35 102 25 111 0 18 21
5 1
79 116 119 1 110 62 104 96 109 8 58 34 88 76 89 61 17 12 5 27 81 82 102 97 13 105 9 18 2 11 118 31 65 38 121 45 95 70 25 29 57 87 22 36 112 3 6 14 4 103 32 94 10 26 42 16 7 84 37 98 48 111 19 91 69 44 59 101 54 92 52 71 30 63 23 83 49 64 28 56 60 15 100 40 75 86 47 21 55 85 74 67 107 90 72 99 0 93 113 114 41 73 68 24 106 120 108 77 46 53 80 20 50 117 43 78 35 66 51 115 33 39
6 1
92 100 105 74 112 76 106 58 31 55 1 115 4 82 24 17 16 84 41 47 116 90 44 15 101 87 38 103 86 33 78 40 30 13 63 9 117 27 60 32 19 64 51 3 6 104 20 80 69 53 43 114 50 107 89 5 91 67 119 39 102 77 35 42 109 7 66 11 49 88 10 121 99 23 113 45 62 81 118 48 8 14 97 18 98 29 26 70 36 22 57 0 2 120 108 110 83 85 73 71 25 61 28 46 12 56 54 95 65 96 68 34 75 52 111 21 37 79 59 94 72 93
6 2
94 71 30 106 104 118 6 108 31 46 51 72 14 65 12 111 120 74 83 32 95 101 61 36 88 44 78 53 112 87 2 8 19 59 64 70 23 82 91 45 54 43 100 41 25 39 9 121 109 85 81 10 89 27 40 93 117 99 69 33 79 22 92 67 34 13 114 63 90 58 35 1 11 103 17 97 113 119 26 60 116 50 37 18 115 49 105 29 24 52 68 38 62 55 0 20 107 75 102 57 42 21 98 73 4 86 3 96 7 48 110 15 28 76 66 84 80 56 5 77 16 47
6 42 117 74 89 35 0 43 72 47 33 93 21 41 54 59 48 99 95 102 25 12 98 75 37 20 68 63 103 71 115 55 61 10 70 5 66 24 82 45 101 13 1 7 83 39 96 9 16 81 119 111 58 62 14 31 84 106 52 15 73 32 53 27 118 108 36 92 26 104 34 29 8 60 3 23 110 85 105 112 109 49 38 44 56 77 90 100 91 4 86 88 67 11 94 18 46 114 22 17 87 40 19 28 69 78 57 121 65 80 76 51 79 113 97 30 120 2 64 50 116 107
6 2
118 81 109 17 54 10 35 72 90 63 5 26 69 76 87 79 56 3 49 88 77 42 102 62 58 30 11 66 51 85 25 65 32 73 94 6 103 98 61 45 71 93 21 113 50 39 86 68 106 18 44 28 101 96 4 105 16 57 24 64 114 38 23 9 59 31 27 97 47 12 111 40 7 33 120 112 13 20 107 15 99 1 104 84 83 29 46 14 19 91 8 89 121 41 34 117 53 67 37 80 119 52 22 36 82 55 48 78 110 2 108 70 75 43 60 116 115 95 0 100 74 92
34 85 116 57 12 59 118 31 105 53 70 90 4 110 42 28 115 17 50 38 49 71 32 27 89 84 55 23 15 119 95 7 22 79 0 94 112 61 19 45 87 72 14 76 77 39 68 78 99 20 18 73 54 9 52 26 109 3 82 5 75 37 97 121 111 93 67 66 46 101 10 21 41 51 80 60 43 44 47 33 74 100 58 117 25 1 107 40 98 24 11 104 96 65 35 30 92 62 88 48 81 69 102 114 91 8 120 86 113 56 13 64 36 108 103 16 2 83 6 29 106 63
8 2
72 40 98 38 50 26 93 73 114 9 113 36 109 118 100 46 101 88 81 56 119 29 48 23 95 82 5 68 41 21 87 94 120 47 108 43 11 57 3 45 1 28 117 35 85 39 15 33 22 52 4 107 49 112 116 75 19 37 106 110 63 115 78 60 90 79 97 86 27 77 105 84 0 7 89 55 111 69 62 65 102 18 25 91 71 44 67 30 17 74 64 83 103 6 31 24 121 66 2 104 14 16 80 92 99 70 58 51 34 12 59 76 53 10 8 61 54 42 13 20 32 96
60 38 42 20 98 15 112 8 7 13 92 65 95 9 102 5 16 18 17 52 3 32 40 118 91 101 36 93 47 37 99 67 21 64 66 97 26 29 1 45 22 55 2 96 57 39 79 28 119 104 89 70 19 59 83 41 87 44 77 53 0 69 72 111 33 11 34 31 110 61 51 115 62 107 117 90 78 58 76 46 81 80 82 54 106 120 113 56 100 50 75 24 10 27 103 12 43 35 4 30 88 25 14 94 49 114 84 73 121 116 68 63 6 86 105 71 109 74 23 48 85 108
10 1
46 74 20 42 48 105 107 79 59 94 23 111 69 67 57 72 89 71 32 83 22 17 50 113 115 117 78 70 103 99 37 9 49 31 63 53 51 100 1 39 3 28 82 62 102 45 8 55 119 116 16 93 120 7 52 10 44 87 14 97 108 95 5 65 90 73 110 64 34 80 26 91 96 112 101 33 36 109 35 60 85 61 2 84 88 19 118 24 29 40 86 56 41 121 47 30 6 76 25 12 106 4 77 13 21 68 54 11 27 104 114 66 43 75 15 18 58 38 92 98 81 0
10 2
72 40 98 38 50 26 93 73 114 9 113 36 109 118 100 46 101 88 81 56 119 29 48 23 95 82 5 68 41 21 87 94 120 47 108 43 11 57 3 45 1 28 117 35 85 39 15 33 22 52 4 107 49 112 116 75 19 37 106 110 63 115 78 60 90 79 97 86 27 77 105 84 0 7 89 55 111 69 62 65 102 18 25 91 71 44 67 30 17 74 64 83 103 6 31 24 121 66 2 104 14 16 80 92 99 70 58 51 34 12 59 76 53 10 8 61 54 42 13 20 32 96
6 42 117 74 89 35 0 43 72 47 33 93 21 41 54 59 48 99 95 102 25 12 98 75 37 20 68 63 103 71 115 55 61 10 70 5 66 24 82 45 101 13 1 7 83 39 96 9 16 81 119 111 58 62 14 31 84 106 52 15 73 32 53 27 118 108 36 92 26 104 34 29 8 60 3 23 110 85 105 112 109 49 38 44 56 77 90 100 91 4 86 88 67 11 94 18 46 114 22 17 87 40 19 28 69 78 57 121 65 80 76 51 79 113 97 30 120 2 64 50 116 107
10 2
93 117 42 89 74 43 72 35 0 33 47 6 29 28 116 110 22 104 24 80 82 109 2 55 57 119 27 60 92 84 61 75 115 113 105 26 97 95 25 39 16 118 40 73 91 45 121 9 101 18 20 76 106 78 100 94 71 58 49 46 7 120 112 68 13 34 11 103 5 99 108 21 114 63 38 23 59 44 70 53 12 52 3 85 19 69 64 14 83 50 67 17 86 36 31 81 15 8 48 88 30 1 56 41 77 62 37 96 79 102 111 107 65 10 66 87 32 98 90 4 54 51
34 85 116 57 12 59 118 31 105 53 70 90 4 110 42 28 115 17 50 38 49 71 32 27 89 84 55 23 15 119 95 7 22 79 0 94 112 61 19 45 87 72 14 76 77 39 68 78 99 20 18 73 54 9 52 26 109 3 82 5 75 37 97 121 111 93 67 66 46 101 10 21 41 51 80 60 43 44 47 33 74 100 58 117 25 1 107 40 98 24 11 104 96 65 35 30 92 62 88 48 81 69 102 114 91 8 120 86 113 56 13 64 36 108 103 16 2 83 6 29 106 63
11 1
69 38 18 54 89 103 45 47 109 60 62 114 81 57 13 111 37 21 19 93 116 86 59 48 22 101 14 9 87 70 106 94 50 26 29 24 84 100 112 72 3 68 98 104 52 11 16 95 2 31 119 79 80 121 33 25 30 7 64 92 67 102 1 90 71 74 66 73 53 32 46 43 110 56 118 58 20 5 63 88 49 10 51 108 65 61 76 55 34 42 4 36 17 0 115 40 15 44 41 8 82 75 97 27 28 99 77 96 12 91 107 6 113 120 39 85 35 105 117 23 83 78
11 1
93 9 8 96 107 54 91 21 47 92 37 27 117 73 103 61 39 79 48 25 22 66 90 56 36 64 115 69 2 16 29 84 83 18 12 38 1 41 74 108 31 0 4 59 75 99 98 43 6 60 112 7 118 35 15 86 116 50 46 23 102 33 121 78 109 65 104 49 114 80 87 57 58 106 81 32 85 5 119 72 62 111 52 71 44 53 45 82 34 17 113 94 30 105 77 42 88 68 55 89 10 26 19 28 11 20 70 120 110 63 24 97 40 100 76 13 14 95 101 67 3 51
12 1
78 110 22 81 95 60 114 73 34 90 16 13 53 26 117 29 68 67 27 115 12 102 118 84 6 80 45 0 57 77 74 82 100 75 116 101 105 38 91 30 89 18 103 39 85 99 48 97 40 83 87 72 93 113 88 106 111 21 1 33 108 3 104 107 70 86 66 51 121 120 49 71 52 25 56 41 4 92 28 109 63 112 43 31 14 65 69 20 7 24 36 11 17 19 55 32 62 9 94 10 46 23 59 61 8 42 54 98 2 58 119 64 47 35 76 15 79 50 44 96 5 37
12 2
110 81 104 102 30 7 113 64 15 97 93 33 25 34 20 55 91 32 40 74 21 18 17 121 16 54 28 92 105 119 69 59 3 8 108 13 107 80 120 39 44 5 77 35 14 45 114 36 37 42 71 11 84 67 83 51 58 22 2 72 86 99 53 27 65 70 9 63 60 117 41 49 10 26 61 46 6 87 103 90 38 29 109 101 4 1 112 50 48 56 73 116 62 111 76 12 23 96 106 98 85 95 57 68 115 79 19 75 118 24 94 31 78 0 47 89 82 52 43 100 88 66
10 44 106 120 71 28 111 26 47 97 0 107 24 43 85 114 95 48 29 58 100 119 37 121 12 109 7 60 5 18 50 76 88 36 118 35 33 22 102 45 81 105 52 13 1 39 55 8 17 84 30 75 42 78 82 46 74 80 19 94 27 89 103 86 73 90 96 112 92 87 79 4 110 64 56 51 31 117 53 70 57 40 54 116 49 14 63 69 32 61 65 101 68 113 59 16 66 9 104 115 20 91 38 62 98 41 2 11 108 25 72 6 67 93 15 99 83 77 34 21 3 23
12 2
90 52 102 104 100 47 26 114 67 68 43 27 99 59 14 53 71 89 18 83 44 40 56 112 49 61 6 11 76 69 119 34 115 63 31 72 41 48 120 45 21 36 109 10 20 39 64 5 37 24 91 92 1 15 74 62 22 58 57 13 66 25 55 33 46 75 60 8 9 29 107 16 35 113 54 65 28 82 96 110 88 117 77 19 85 84 121 116 80 17 0 50 51 118 105 98 78 103 95 12 4 106 2 97 3 94 101 70 111 42 79 108 23 73 7 32 87 81 93 30 38 86
79 117 3 2 119 114 73 46 53 103 118 63 61 31 44 62 50 115 21 54 40 18 89 86 71 74 76 51 94 30 29 13 104 67 111 59 70 88 38 45 20 47 82 72 14 39 7 41 48 109 16 27 85 8 19 92 57 56 102 35 121 12 15 11 75 107 68 33 66 81 36 24 43 6 25 64 26 116 97 0 120 69 42 106 100 52 23 91 37 22 113 87 55 108 28 99 112 78 101 95 84 98 58 9 32 110 83 65 93 49 105 34 96 90 5 17 77 1 10 4 80 60
12 2
95 84 53 83 22 30 121 105 108 3 76 11 89 16 69 55 25 112 51 67 60 78 31 109 68 13 21 80 12 40 61 4 75 37 19 103 101 88 42 52 106 87 113 107 115 41 46 36 23 79 114 117 90 54 2 82 43 71 49 93 77 5 1 85 98 63 59 34 74 120 116 81 94 0 24 102 86 20 26 58 97 57 15 9 62 65 10 45 33 28 39 64 72 66 92 73 17 27 91 8 50 47 32 104 35 118 29 56 99 48 6 70 96 38 100 119 111 18 7 44 14 110
61 118 31 83 54 73 11 62 86 9 99 110 40 22 71 107 77 43 65 69 13 17 20 41 37 2 55 95 85 63 80 25 42 24 81 19 70 33 1 45 51 90 105 21 10 66 3 100 59 115 101 12 93 16 60 112 82 67 76 87 4 91 75 117 30 89 39 104 88 35 92 103 111 97 68 7 119 53 56 8 64 120 78 46 113 106 79 48 74 18 23 0 36 109 50 98 15 5 27 44 116 94 84 14 57 32 28 96 49 52 6 114 26 102 72 108 47 29 38 58 34
12 2
0 98 38 90 34 11 97 102 17 62 19 88 9 7 55 58 47 43 4 26 82 25 72 63 79 28 10 52 21 14 42 44 84 121 18 59 16 81 60 120 57 95 51 8 112 91 117 36 33 94 65 30 110 15 49 29 103 71 53 67 2 109 12 69 6 75 108 35 56 23 119 40 76 106 45 50 22 107 20 96 70 115 78 32 83 105 41 85 5 39 113 74 73 46 54 86 24 64 116 100 111 66 13 68 77 87 92 104 101 114 27 99 31 3 61 37 1 93 118 80 89 48
94 64 95 106 87 2 116 22 4 119 33 41 100 24 61 38 48 105 81 47 16 55 42 1 72 27 82 114 109 28 79 84 65 36 43 91 10 17 88 70 31 58 7 115 71 93 74 78 20 49 44 76 21 86 0 52 103 32 11 77 53 110 120 97 23 57 63 46 68 101 99 50 13 3 67 83 96 117 19 102 12 85 121 112 40 18 60 8 15 9 92 107 113 104 54 5 51 66 69 39 80 98 30 118 45 37 73 35 6 29 14 62 75 90 25 34 108 59 56 89 111 26
15 1
59 36 67 13 91 7 94 116 115 9 78 104 3 16 117 96 63 38 109 51 98 61 32 75 37 90 103 41 31 49 45 22 120 42 12 105 89 30 88 77 85 39 48 107 60 26 71 111 53 119 44 18 8 52 87 43 24 69 29 35 99 47 56 121 19 118 66 100 83 114 54 86 74 50 46 65 55 102 58 21 82 64 34 108 5 97 57 33 110 79 73 28 6 23 11 1 76 68 92 62 84 106 101 25 81 15 112 93 80 14 70 10 2 17 4 113 27 20 0 95 72 40
20 1
43 20 101 38 16 76 108 6 5 103 90 70 49 10 84 7 98 37 69 57 4 30 48 86 99 42 114 66 47 18 91 28 80 41 93 72 63 56 2 39 117 94 1 59 52 45 62 67 89 85 119 65 109 96 77 64 54 88 83 105 11 17 97 121 113 0 78 23 51 116 110 100 79 46 22 92 34 81 15 107 58 21 74 87 24 14 33 29 115 25 75 106 9 73 13 71 60 68 3 32 44 50 120 55 95 36 102 27 111 61 35 26 8 118 53 12 19 82 31 40 104 112
20 2
46 74 20 42 48 105 107 79 59 94 23 111 69 67 57 72 89 71 32 83 22 17 50 113 115 117 78 70 103 99 37 9 49 31 63 53 51 100 1 39 3 28 82 62 102 45 8 55 119 116 16 93 120 7 52 10 44 87 14 97 108 95 5 65 90 73 110 64 34 80 26 91 96 112 101 33 36 109 35 60 85 61 2 84 88 19 118 24 29 40 86 56 41 121 47 30 6 76 25 12 106 4 77 13 21 68 54 11 27 104 114 66 43 75 15 18 58 38 92 98 81 0
6 42 117 74 89 35 0 43 72 47 33 93 21 41 54 59 48 99 95 102 25 12 98 75 37 20 68 63 103 71 115 55 61 10 70 5 66 24 82 45 101 13 1 7 83 39 96 9 16 81 119 111 58 62 14 31 84 106 52 15 73 32 53 27 118 108 36 92 26 104 34 29 8 60 3 23 110 85 105 112 109 49 38 44 56 77 90 100 91 4 86 88 67 11 94 18 46 114 22 17 87 40 19 28 69 78 57 121 65 80 76 51 79 113 97 30 120 2 64 50 116 107
20 2
46 74 20 42 48 105 107 79 59 94 23 111 69 67 57 72 89 71 32 83 22 17 50 113 115 117 78 70 103 99 37 9 49 31 63 53 51 100 1 39 3 28 82 62 102 45 8 55 119 116 16 93 120 7 52 10 44 87 14 97 108 95 5 65 90 73 110 64 34 80 26 91 96 112 101 33 36 109 35 60 85 61 2 84 88 19 118 24 29 40 86 56 41 121 47 30 6 76 25 12 106 4 77 13 21 68 54 11 27 104 114 66 43 75 15 18 58 38 92 98 81 0
34 85 116 57 12 59 118 31 105 53 70 90 4 110 42 28 115 17 50 38 49 71 32 27 89 84 55 23 15 119 95 7 22 79 0 94 112 61 19 45 87 72 14 76 77 39 68 78 99 20 18 73 54 9 52 26 109 3 82 5 75 37 97 121 111 93 67 66 46 101 10 21 41 51 80 60 43 44 47 33 74 100 58 117 25 1 107 40 98 24 11 104 96 65 35 30 92 62 88 48 81 69 102 114 91 8 120 86 113 56 13 64 36 108 103 16 2 83 6 29 106 63
22 2
11 100 110 30 75 47 32 103 115 13 51 0 88 9 60 119 112 21 72 39 22 17 20 96 116 42 67 57 68 83 3 91 6 73 108 35 49 38 37 19 106 87 25 121 74 69 113 5 107 36 111 10 65 104 56 98 54 27 90 76 14 105 82 64 63 52 66 26 28 45 120 78 18 33 44 4 59 95 71 81 84 79 62 29 80 99 92 41 12 101 58 31 86 114 109 77 23 118 55 85 1 89 117 7 53 61 40 48 34 94 2 50 16 46 93 8 24 102 97 15 70 43
31 21 61 37 77 90 72 79 75 121 76 114 116 34 29 107 54 38 85 115 81 1 120 97 83 91 70 78 65 14 42 0 80 46 13 108 55 3 17 45 100 73 30 118 119 39 33 51 102 69 52 47 50 60 16 36 98 88 99 113 53 2 86 103 105 28 66 68 67 49 26 117 6 41 104 8 10 4 27 7 32 20 95 24 87 18 62 84 57 106 5 25 112 94 93 82 96 23 56 58 40 109 48 63 74 64 89 15 35 101 111 110 92 59 11 19 12 71 43 44 22 9
22 2
26 12 94 29 108 103 47 17 91 34 73 86 1 37 54 116 120 7 59 97 52 89 82 33 95 111 0 55 77 3 96 44 112 23 9 78 117 13 63 107 75 115 110 48 31 104 80 6 43 76 83 79 20 119 14 27 61 71 62 18 114 56 58 38 81 65 99 85 102 98 113 57 121 10 109 40 49 28 35 51 46 64 22 50 84 67 11 90 92 21 87 8 88 101 2 24 30 19 69 66 106 93 68 5 45 118 100 39 4 74 42 25 32 70 60 41 15 36 105 53 16 72
101 34 91 30 39 14 8 89 6 88 13 55 36 10 5 56 107 51 43 111 82 99 87 61 117 81 41 98 94 120 3 84 50 59 1 63 12 115 109 4 44 26 108 18 40 66 69 48 47 114 32 17 105 78 116 11 15 83 80 33 68 23 72 35 74 65 45 76 60 46 90 71 62 100 64 112 67 103 53 121 58 25 20 57 31 119 104 22 9 7 70 2 96 118 28 110 92 102 27 21 73 0 97 77 86 52 113 16 42 38 95 19 75 106 49 37 54 24 93 85 29 79
24 2
60 38 42 20 98 15 112 8 7 13 92 65 95 9 102 5 16 18 17 52 3 32 40 118 91 101 36 93 47 37 99 67 21 64 66 97 26 29 1 45 22 55 2 96 57 39 79 28 119 104 89 70 19 59 83 41 87 44 77 53 0 69 72 111 33 11 34 31 110 61 51 115 62 107 117 90 78 58 76 46 81 80 82 54 106 120 113 56 100 50 75 24 10 27 103 12 43 35 4 30 88 25 14 94 49 114 84 73 121 116 68 63 6 86 105 71 109 74 23 48 85 108
10 44 106 120 71 28 111 26 47 97 0 107 24 43 85 114 95 48 29 58 100 119 37 121 12 109 7 60 5 18 50 76 88 36 118 35 33 22 102 45 81 105 52 13 1 39 55 8 17 84 30 75 42 78 82 46 74 80 19 94 27 89 103 86 73 90 96 112 92 87 79 4 110 64 56 51 31 117 53 70 57 40 54 116 49 14 63 69 32 61 65 101 68 113 59 16 66 9 104 115 20 91 38 62 98 41 2 11 108 25 72 6 67 93 15 99 83 77 34 21 3 23
24 3
54 99 61 11 73 31 9 86 118 110 62 83 70 0 81 87 64 59 72 57 27 52 30 56 24 97 45 2 114 111 53 98 58 74 120 14 28 33 79 78 94 55 10 41 38 107 6 18 96 42 12 100 15 95 80 93 66 71 1 82 91 20 49 50 4 116 112 35 37 19 63 69 106 16 68 44 105 5 48 75 13 67 90 121 76 92 113 21 88 101 17 25 51 43 65 22 39 60 77 32 85 29 8 104 34 108 47 109 84 26 46 89 23 115 117 7 40 36 119 102 103 3
16 49 80 110 98 20 46 119 32 121 113 83 114 97 103 90 0 39 36 120 5 45 73 96 68 64 48 60 101 47 31 30 8 88 35 34 18 74 115 17 111 107 79 66 102 21 6 29 26 1 85 72 78 61 95 87 109 67 75 112 27 53 76 116 25 92 43 57 24 81 89 71 51 22 37 58 62 91 52 42 2 69 93 11 99 50 105 55 33 70 15 77 65 82 106 54 23 13 4 84 117 28 44 14 104 86 94 41 118 56 3 40 59 10 12 38 63 100 108 7 19 9
77 115 64 6 27 13 3 58 42 121 102 46 72 5 14 23 61 45 70 34 73 66 97 15 88 30 59 4 94 100 25 80 86 74 19 81 65 68 108 43 114 96 8 39 84 17 11 63 55 118 106 111 56 91 98 48 52 104 7 26 95 16 119 47 2 36 21 67 37 120 18 103 12 20 33 76 75 0 93 105 31 35 109 110 44 101 32 112 24 92 107 53 89 78 28 60 41 22 54 113 29 85 10 71 57 79 50 90 38 82 83 51 87 99 40 1 117 116 49 62 69 9
24 3
103 58 1 3 33 101 86 120 82 30 18 23 76 70 93 98 85 10 20 105 17 46 100 60 111 35 43 45 104 59 99 83 84 37 19 14 8 78 63 102 57 116 119 16 50 29 61 115 34 56 32 62 77 64 68 91 0 75 66 27 108 107 13 41 5 71 2 28 94 88 51 31 9 113 52 112 39 109 4 89 7 36 81 65 44 26 69 47 6 22 106 114 92 25 118 97 80 15 95 72 79 53 12 49 110 48 73 21 11 74 67 42 40 90 117 121 38 55 54 24 96 87
103 38 108 90 20 6 5 70 16 76 43 101 13 12 59 64 8 82 19 18 4 104 39 88 80 46 105 67 35 91 62 40 65 34 33 28 115 121 1 22 31 69 99 10 83 52 25 85 87 68 112 119 45 66 118 93 94 57 98 14 63 117 30 60 15 32 53 27 49 41 7 75 100 92 114 71 9 110 81 111 24 78 17 44 84 47 97 48 23 96 3 29 73 55 56 116 89 86 58 42 72 11 120 0 21 26 113 109 2 107 77 79 50 106 74 36 95 61 54 51 102 37
118 88 6 92 16 116 2 99 48 96 115 98 24 100 77 23 4 121 47 81 87 45 70 15 12 74 37 46 91 107 120 31 57 43 36 109 34 26 64 42 84 101 39 33 112 21 27 18 8 68 75 89 93 63 56 104 54 32 69 61 97 59 79 53 38 65 86 114 49 58 22 83 80 113 25 50 119 14 85 62 72 19 105 71 40 78 66 20 1 51 106 28 3 52 103 108 9 60 11 7 13 41 111 94 55 82 90 29 95 35 117 102 44 73 67 10 5 110 0 76 30 17
40 2
112 2 74 117 50 97 60 96 62 28 64 27 32 55 83 53 119 30 12 14 101 95 4 90 29 3 110 111 94 115 71 41 69 92 51 15 34 91 82 39 25 9 38 8 54 45 43 13 16 80 48 63 77 72 102 67 106 84 19 5 107 21 59 93 23 121 26 10 36 49 66 37 7 0 20 118 68 120 114 6 116 104 1 57 87 58 75 88 24 98 113 100 31 65 103 17 79 105 40 18 56 22 52 47 61 76 44 108 11 81 78 70 46 86 35 99 85 42 33 89 109 73
79 117 3 2 119 114 73 46 53 103 118 63 61 31 44 62 50 115 21 54 40 18 89 86 71 74 76 51 94 30 29 13 104 67 111 59 70 88 38 45 20 47 82 72 14 39 7 41 48 109 16 27 85 8 19 92 57 56 102 35 121 12 15 11 75 107 68 33 66 81 36 24 43 6 25 64 26 116 97 0 120 69 42 106 100 52 23 91 37 22 113 87 55 108 28 99 112 78 101 95 84 98 58 9 32 110 83 65 93 49 105 34 96 90 5 17 77 1 10 4 80 60
55 2
85 74 31 33 24 16 18 40 60 79 99 119 36 26 13 69 104 107 80 44 111 72 11 61 39 83 7 34 1 75 88 53 49 95 64 110 106 71 84 0 14 92 76 120 98 48 87 47 115 78 52 55 89 35 3 12 29 54 62 6 82 63 117 17 81 67 66 37 22 94 25 108 19 46 9 38 45 100 86 28 90 109 101 118 56 4 114 10 43 116 59 5 15 102 41 57 50 68 21 73 58 113 121 70 112 30 51 23 65 27 2 93 91 8 32 42 96 77 103 97 105 20
93 62 48 40 90 77 111 57 99 27 81 45 108 14 26 96 46 92 2 18 76 17 24 119 35 55 33 103 104 34 56 49 69 54 88 116 91 16 1 114 95 98 89 71 97 6 70 7 23 80 32 82 44 68 3 87 73 13 75 22 9 85 10 78 58 84 66 60 41 0 29 64 39 67 65 101 86 106 121 51 52 12 100 120 36 115 21 28 79 4 63 109 59 19 31 47 107 102 42 105 37 25 61 5 43 117 30 110 83 8 72 15 38 112 11 94 20 118 74 50 113 53
55 2
84 86 8 113 3 71 93 62 42 28 17 69 59 81 12 18 106 82 109 91 34 51 16 105 46 115 108 104 49 73 75 39 74 83 67 70 68 77 76 50 112 14 33 52 6 0 30 1 99 114 118 27 45 57 120 94 101 10 102 37 87 96 21 95 97 121 66 55 13 65 56 44 119 25 78 61 88 64 47 9 11 92 103 24 53 107 79 31 60 54 40 41 100 36 72 38 2 111 26 89 5 85 15 43 80 4 58 48 22 98 23 19 20 116 32 110 29 90 63 117 35 7
34 38 70 96 24 71 36 111 48 87 112 91 113 6 110 84 57 94 82 29 49 97 52 46 85 42 45 64 63 33 101 106 88 107 47 80 93 3 108 109 114 116 35 90 5 117 54 39 51 60 16 14 67 20 11 78 104 72 53 115 58 56 12 22 4 19 66 28 92 37 7 68 74 75 50 89 102 25 76 95 77 81 40 120 119 27 31 98 26 21 86 23 44 100 9 15 99 73 17 69 13 121 103 55 41 2 43 65 10 0 8 105 1 83 118 30 61 32 18 79 62 59
61 1
117 102 16 6 36 75 11 61 104 95 50 119 63 83 71 109 30 76 121 23 47 53 44 27 17 24 34 28 1 72 42 106 105 58 89 55 20 73 51 114 113 67 37 0 81 85 92 82 54 66 56 62 86 99 4 79 38 26 46 93 10 33 22 98 101 49 90 40 25 18 100 68 108 116 21 57 32 74 5 96 43 59 3 94 78 29 64 112 70 12 110 97 14 39 107 45 80 31 15 87 7 13 65 115 35 8 52 9 103 111 41 91 84 69 48 19 60 118 2 88 77 120
110 2
69 38 18 54 89 103 45 47 109 60 62 114 81 57 13 111 37 21 19 93 116 86 59 48 22 101 14 9 87 70 106 94 50 26 29 24 84 100 112 72 3 68 98 104 52 11 16 95 2 31 119 79 80 121 33 25 30 7 64 92 67 102 1 90 71 74 66 73 53 32 46 43 110 56 118 58 20 5 63 88 49 10 51 108 65 61 76 55 34 42 4 36 17 0 115 40 15 44 41 8 82 75 97 27 28 99 77 96 12 91 107 6 113 120 39 85 35 105 117 23 83 78
99 0 8 47 79 41 12 95 61 53 48 38 69 14 7 112 20 101 117 65 25 87 55 74 75 114 40 63 45 86 42 106 84 33 116 71 97 21 18 108 3 51 46 107 77 120 24 57 36 103 109 76 56 70 13 110 68 54 72 104 98 30 50 16 11 31 66 4 37 118 92 111 113 78 52 96 58 121 82 17 60 19 35 2 85 5 43 15 22 100 29 80 64 91 73 26 83 27 34 44 59 6 67 89 39 49 90 81 119 94 1 62 23 32 10 9 28 115 102 105 93 88
110 2
35 56 13 77 61 10 113 110 52 8 111 36 54 63 87 37 43 117 90 79 114 30 74 101 23 86 109 16 82 14 47 83 57 41 48 7 2 53 69 103 40 97 91 118 71 107 42 73 0 98 112 92 67 27 20 4 70 75 96 106 17 22 9 58 72 65 24 89 104 1 19 50 95 102 21 84 11 105 99 3 39 80 25 44 31 51 34 119 5 120 76 93 116 68 100 15 18 62 88 12 85 49 55 115 29 38 78 94 59 45 28 66 32 81 121 60 26 6 64 46 33 108
101 34 91 30 39 14 8 89 6 88 13 55 36 10 5 56 107 51 43 111 82 99 87 61 117 81 41 98 94 120 3 84 50 59 1 63 12 115 109 4 44 26 108 18 40 66 69 48 47 114 32 17 105 78 116 11 15 83 80 33 68 23 72 35 74 65 45 76 60 46 90 71 62 100 64 112 67 103 53 121 58 25 20 57 31 119 104 22 9 7 70 2 96 118 28 110 92 102 27 21 73 0 97 77 86 52 113 16 42 38 95 19 75 106 49 37 54 24 93 85 29 79
121 2
93 62 48 40 90 77 111 57 99 27 81 45 108 14 26 96 46 92 2 18 76 17 24 119 35 55 33 103 104 34 56 49 69 54 88 116 91 16 1 114 95 98 89 71 97 6 70 7 23 80 32 82 44 68 3 87 73 13 75 22 9 85 10 78 58 84 66 60 41 0 29 64 39 67 65 101 86 106 121 51 52 12 100 120 36 115 21 28 79 4 63 109 59 19 31 47 107 102 42 105 37 25 61 5 43 117 30 110 83 8 72 15 38 112 11 94 20 118 74 50 113 53
15 13 72 78 74 46 61 41 119 100 26 97 54 42 89 115 116 108 110 107 62 12 113 114 112 9 4 37 5 86 34 43 6 90 21 38 2 35 57 52 121 99 117 106 75 102 20 68 39 71 45 59 58 109 63 27 88 98 73 120 82 55 14 84 56 19 66 51 8 111 76 30 80 79 93 67 10 70 36 92 64 33 22 40 18 87 81 103 17 118 65 48 83 96 104 53 94 101 105 50 24 60 25 16 77 32 29 31 3 23 49 85 7 47 44 28 1 69 0 11 95 91
242 3
28 10 101 22 16 118 31 21 56 84 1 80 112 76 20 115 4 47 25 55 14 7 3 58 54 18 116 65 0 98 99 6 43 35 41 33 60 90 81 44 59 34 70 32 39 49 89 17 75 45 71 121 114 79 24 19 8 86 23 40 36 107 62 100 119 27 66 91 88 104 42 50 97 109 103 48 13 117 82 53 11 38 78 120 9 96 57 93 68 46 37 67 95 87 111 92 85 72 29 30 63 2 110 74 69 106 105 61 113 73 102 94 12 108 52 15 26 77 5 64 83 51
69 5 23 75 61 1 74 43 110 81 27 84 60 28 87 117 20 51 119 50 16 82 34 2 29 33 55 10 13 24 113 41 93 25 22 70 114 76 77 91 58 31 115 7 78 65 116 71 48 68 19 17 121 80 101 26 120 104 40 88 12 4 103 97 95 45 66 108 49 0 35 47 109 83 6 3 37 38 44 92 53 9 21 73 11 89 100 14 59 85 102 39 79 32 98 64 105 63 94 107 86 54 90 62 57 96 112 99 67 72 8 118 106 30 36 42 46 15 111 18 56 52
32 103 48 58 102 38 118 104 107 10 9 65 67 87 55 105 116 79 23 119 37 51 29 18 70 26 25 62 57 22 120 68 0 101 59 46 39 20 5 36 64 94 85 47 63 74 35 43 2 53 93 21 78 49 75 14 83 28 3 34 81 89 27 44 40 11 66 12 31 69 24 95 91 108 45 54 100 112 52 17 121 60 86 56 114 42 82 13 92 61 97 72 88 50 41 71 99 90 115 96 76 33 4 1 7 15 113 8 73 110 109 117 77 106 84 98 16 111 6 19 30 80
363 2
45 52 3 26 48 96 28 9 46 56 18 29 4 44 39 6 49 13 121 109 110 89 82 86 67 30 2 71 15 118 98 99 87 84 42 58 54 64 75 108 62 27 97 105 17 77 107 37 12 68 5 22 83 20 90 43 7 101 120 24 79 104 72 63 47 91 66 59 16 61 93 41 40 113 23 92 19 0 33 112 95 65 51 1 78 115 74 94 57 114 36 81 38 119 32 116 50 34 25 103 73 88 106 31 69 55 117 8 14 76 53 85 60 100 21 111 80 102 11 70 35 10
88 76 15 45 77 100 113 3 68 14 103 98 102 86 70 79 116 114 94 43 16 97 63 105 33 13 5 1 82 101 52 64 120 87 44 10 111 62 81 0 119 40 21 58 118 7 37 121 69 49 47 84 93 8 61 38 72 12 19 36 4 112 46 85 110 104 66 65 53 92 9 80 96 18 106 74 27 60 6 2 107 55 90 23 115 22 25 24 39 29 28 32 48 30 73 109 56 42 108 95 26 89 57 35 67 83 75 71 11 99 31 59 54 78 117 51 20 17 34 41 91 50
484 2
84 75 5 74 81 61 23 27 1 110 69 43 54 107 88 13 12 55 32 113 4 8 56 72 95 101 53 79 106 57 64 87 85 102 15 45 17 104 36 35 71 52 105 114 47 108 48 119 33 10 41 44 73 70 116 38 120 14 94 19 26 90 112 67 42 89 66 103 63 76 60 100 97 50 37 21 49 20 7 78 18 77 24 82 31 80 92 0 29 28 2 109 62 58 99 83 96 6 22 93 117 91 46 68 3 30 65 34 39 25 121 9 86 115 118 59 16 40 11 51 98 111
108 71 112 9 79 2 33 77 20 93 58 14 101 30 56 3 110 102 113 120 80 97 115 1 94 74 73 19 36 114 119 53 81 67 11 31 24 107 43 57 27 70 34 109 42 26 72 5 38 68 10 111 98 16 60 65 50 106 105 85 0 90 64 82 99 59 66 69 46 12 39 8 7 32 92 117 52 48 100 6 41 75 15 55 22 63 44 84 45 88 51 35 61 83 121 103 40 89 29 76 96 118 4 18 91 86 23 95 25 116 47 54 104 28 13 78 49 21 17 62 87 37
605 3
58 46 71 84 103 39 95 74 68 96 16 47 37 118 91 40 20 18 55 64 48 32 119 43 93 10 117 114 83 17 6 80 75 36 35 23 63 59 51 7 99 77 5 108 31 26 92 8 25 61 104 86 102 106 105 120 110 109 112 19 11 44 79 27 12 78 66 107 60 28 116 38 54 45 42 81 69 111 30 24 49 88 22 100 98 115 2 62 21 73 56 41 50 87 85 65 13 97 67 4 76 113 94 15 1 53 72 3 34 90 57 14 70 82 33 52 0 89 121 101 29 9
93 62 48 40 90 77 111 57 99 27 81 45 108 14 26 96 46 92 2 18 76 17 24 119 35 55 33 103 104 34 56 49 69 54 88 116 91 16 1 114 95 98 89 71 97 6 70 7 23 80 32 82 44 68 3 87 73 13 75 22 9 85 10 78 58 84 66 60 41 0 29 64 39 67 65 101 86 106 121 51 52 12 100 120 36 115 21 28 79 4 63 109 59 19 31 47 107 102 42 105 37 25 61 5 43 117 30 110 83 8 72 15 38 112 11 94 20 118 74 50 113 53
117 35 84 12 14 87 50 113 53 101 20 23 86 38 1 69 27 34 65 74 16 29 51 91 82 97 62 25 85 77 43 96 99 10 106 100 63 9 24 2 108 47 57 94 39 119 103 120 36 107 8 73 72 40 81 102 71 112 80 79 75 45 116 33 49 4 66 58 95 105 5 31 18 64 89 52 46 28 54 56 110 76 67 17 90 6 70 61 30 13 26 78 88 118 15 83 0 114 7 68 60 44 11 55 115 41 104 93 21 121 19 32 22 59 48 111 37 98 42 109 92 3
726 2
92 100 105 74 112 76 106 58 31 55 1 115 4 82 24 17 16 84 41 47 116 90 44 15 101 87 38 103 86 33 78 40 30 13 63 9 117 27 60 32 19 64 51 3 6 104 20 80 69 53 43 114 50 107 89 5 91 67 119 39 102 77 35 42 109 7 66 11 49 88 10 121 99 23 113 45 62 81 118 48 8 14 97 18 98 29 26 70 36 22 57 0 2 120 108 110 83 85 73 71 25 61 28 46 12 56 54 95 65 96 68 34 75 52 111 21 37 79 59 94 72 93
88 76 15 45 77 100 113 3 68 14 103 98 102 86 70 79 116 114 94 43 16 97 63 105 33 13 5 1 82 101 52 64 120 87 44 10 111 62 81 0 119 40 21 58 118 7 37 121 69 49 47 84 93 8 61 38 72 12 19 36 4 112 46 85 110 104 66 65 53 92 9 80 96 18 106 74 27 60 6 2 107 55 90 23 115 22 25 24 39 29 28 32 48 30 73 109 56 42 108 95 26 89 57 35 67 83 75 71 11 99 31 59 54 78 117 51 20 17 34 41 91 50
1210 3
69 34 48 39 95 116 113 15 56 20 51 108 37 110 111 1 49 121 32 19 42 98 78 50 89 118 114 22 117 31 35 43 119 107 61 68 73 97 82 10 96 14 54 65 25 62 85 72 93 55 0 102 104 7 6 8 92 11 74 41 17 101 16 57 91 106 66 24 3 18 44 105 83 76 67 99 53 59 40 94 58 29 80 70 27 71 90 84 52 13 33 77 4 23 75 45 120 64 47 5 115 36 28 21 109 60 86 81 79 9 38 12 46 88 112 87 63 30 103 2 100 26
67 42 77 70 107 109 18 82 14 8 90 0 121 16 51 23 116 94 73 27 44 52 115 56 97 101 29 84 75 35 91 38 30 37 92 49 26 21 63 50 100 11 111 55 108 119 59 46 9 83 60 17 112 72 79 71 74 34 25 80 118 12 53 39 104 57 66 36 15 103 86 58 93 99 33 64 31 65 96 24 10 98 20 41 40 1 61 87 76 114 6 7 102 106 81 88 19 62 110 47 22 28 113 117 43 54 105 32 4 3 48 69 68 89 2 120 85 13 95 5 78 45
99 0 8 47 79 41 12 95 61 53 48 38 69 14 7 112 20 101 117 65 25 87 55 74 75 114 40 63 45 86 42 106 84 33 116 71 97 21 18 108 3 51 46 107 77 120 24 57 36 103 109 76 56 70 13 110 68 54 72 104 98 30 50 16 11 31 66 4 37 118 92 111 113 78 52 96 58 121 82 17 60 19 35 2 85 5 43 15 22 100 29 80 64 91 73 26 83 27 34 44 59 6 67 89 39 49 90 81 119 94 1 62 23 32 10 9 28 115 102 105 93 88
1452 2
33 53 82 65 116 79 21 113 42 36 49 44 20 2 102 118 16 59 71 111 4 106 11 78 28 95 77 45 101 0 23 51 73 92 80 88 55 75 81 98 114 121 31 108 115 103 12 34 62 1 94 40 119 100 57 117 85 89 52 84 14 26 69 8 93 74 66 22 10 35 68 41 83 30 7 27 48 38 15 76 63 60 105 99 39 91 61 110 9 67 54 29 13 109 43 87 72 56 32 18 107 86 24 104 46 97 90 25 3 120 70 47 37 58 19 6 112 5 17 50 96 64
88 76 15 45 77 100 113 3 68 14 103 98 102 86 70 79 116 114 94 43 16 97 63 105 33 13 5 1 82 101 52 64 120 87 44 10 111 62 81 0 119 40 21 58 118 7 37 121 69 49 47 84 93 8 61 38 72 12 19 36 4 112 46 85 110 104 66 65 53 92 9 80 96 18 106 74 27 60 6 2 107 55 90 23 115 22 25 24 39 29 28 32 48 30 73 109 56 42 108 95 26 89 57 35 67 83 75 71 11 99 31 59 54 78 117 51 20 17 34 41 91 50
2420 2
60 107 104 30 121 99 86 25 42 47 116 39 119 40 37 69 68 45 24 78 49 56 55 57 19 72 31 46 58 50 6 111 117 109 26 95 38 110 27 112 11 118 9 33 2 98 20 17 48 63 44 65 28 34 1 41 90 93 84 92 18 52 53 43 85 94 66 87 97 12 64 51 36 59 100 113 8 10 23 61 22 71 120 88 91 105 62 76 79 96 35 106 4 15 67 89 54 7 108 21 103 5 70 80 32 101 73 82 14 114 115 75 83 74 77 81 16 0 3 29 102 13
105 33 52 117 17 75 106 44 20 98 5 3 32 78 12 0 35 95 67 22 16 8 49 63 19 47 29 112 80 23 54 14 28 104 121 4 110 13 84 114 57 25 109 90 119 21 9 60 2 116 70 43 102 1 15 59 86 48 87 56 69 88 76 31 46 79 66 115 37 111 97 10 101 77 120 6 55 39 93 34 27 85 96 113 64 71 45 73 108 40 30 65 92 7 74 24 42 53 11 103 118 99 83 82 18 61 36 38 41 26 100 94 72 58 91 107 62 50 68 81 51 89
