113460 62
93 155 244
2
0 1 60 61 2 3 4 5 6 7 8 9 10 11 12 13 14 15 16 17 18 19 20 21 22 23 24 25 26 27 28 29 30 31 32 33 34 35 36 37 38 39 40 41 42 43 44 45 46 47 48 49 50 51 52 53 54 55 56 57 58 59
1 32 31 26 10 20 45 11 30 43 52 48 54 18 9 6 53 24 35 58 41 55 22 44 25 17 37 38 8 46 28 33 0 2 56 13 34 3 61 40 47 5 42 14 59 15 51 39 7 19 21 29 4 57 60 50 36 16 49 23 12 27
21
2 1
0 12 22 60 19 27 7 6 36 58 16 11 1 42 48 31 10 41 43 4 57 39 2 30 45 29 53 5 37 25 23 15 40 47 44 54 8 28 55 21 32 17 13 18 34 24 59 33 14 61 52 56 50 26 35 38 51 20 9 46 3 49
3 1
26 29 38 19 54 0 3 52 1 61 36 17 35 13 33 31 56 23 2 6 9 21 57 11 51 14 5 60 15 8 45 28 16 25 7 37 43 12 18 48 30 39 27 10 47 40 55 50 41 4 44 58 34 46 49 53 32 59 24 22 42 20
4 2
59 61 12 39 51 28 38 47 26 56 10 18 2 53 25 17 41 15 11 44 29 57 54 37 27 14 8 24 5 20 60 40 55 36 52 46 33 23 6 3 31 16 49 45 19 43 35 7 58 42 50 4 34 13 22 32 9 21 48 0 30 1
51 27 30 56 59 26 18 40 28 39 50 38 60 52 19 22 48 54 6 14 37 21 15 29 61 44 5 1 8 23 2 47 42 35 53 33 46 20 11 9 7 58 32 45 25 43 36 31 16 55 10 0 13 34 17 49 3 57 41 4 12 24
5 1
28 5 40 59 6 33 7 19 54 37 17 4 48 2 1 55 57 46 49 11 10 18 42 35 21 32 61 12 58 51 15 23 22 44 47 36 38 0 31 45 29 16 56 39 14 26 60 27 34 53 50 13 52 24 30 8 25 3 9 41 20 43
6 1
0 31 19 38 46 26 25 55 17 35 30 1 61 7 50 29 60 2 23 16 58 21 49 4 48 12 24 56 44 42 34 59 6 3 13 27 47 14 40 51 36 32 37 53 43 18 52 33 20 11 15 9 45 54 57 10 39 28 5 22 8 41
6 2
35 25 5 45 4 2 33 26 39 17 12 20 10 36 18 57 59 9 14 41 11 52 37 38 47 1 7 54 29 28 60 32 31 6 53 0 13 22 23 8 49 19 46 51 61 3 42 24 50 40 48 43 21 34 27 58 56 15 55 16 30 44
39 12 37 32 19 14 60 15 35 8 25 52 50 30 22 24 56 0 2 41 54 20 5 53 7 48 47 11 34 23 33 45 42 13 38 9 6 18 28 17 40 4 3 44 58 46 31 57 10 49 1 55 27 29 21 61 59 26 43 16 36 51
6 2
37 27 32 46 7 47 6 4 35 28 41 19 14 22 12 38 20 59 61 11 16 43 13 54 39 40 49 1 9 56 31 30 2 34 33 8 55 0 15 24 25 10 51 21 48 53 3 5 44 26 52 42 50 45 23 36 29 60 58 17 57 18
8 44 60 53 48 33 12 27 0 30 51 34 6 20 14 58 21 29 41 47 13 16 43 35 57 45 56 7 55 17 9 36 39 5 11 23 31 54 38 32 46 18 61 22 1 25 40 19 4 59 52 10 50 3 37 28 26 24 15 49 2 42
10 1
41 3 45 55 35 13 20 57 54 30 21 26 38 61 53 0 17 5 58 28 60 11 19 15 10 4 22 40 34 29 25 33 44 16 46 39 27 1 51 43 6 18 23 14 50 47 24 31 9 49 59 42 7 48 32 36 52 8 12 56 37 2
10 2
29 40 60 35 15 54 34 9 16 7 27 23 36 13 19 4 8 38 43 14 30 47 48 11 25 24 51 10 32 0 20 52 28 57 6 3 12 41 17 49 1 37 59 18 45 44 58 21 22 39 55 26 31 61 5 50 56 33 46 42 2 53
51 27 30 56 59 26 18 40 28 39 50 38 60 52 19 22 48 54 6 14 37 21 15 29 61 44 5 1 8 23 2 47 42 35 53 33 46 20 11 9 7 58 32 45 25 43 36 31 16 55 10 0 13 34 17 49 3 57 41 4 12 24
10 2
35 25 5 45 4 2 33 26 39 17 12 20 10 36 18 57 59 9 14 41 11 52 37 38 47 1 7 54 29 28 60 32 31 6 53 0 13 22 23 8 49 19 46 51 61 3 42 24 50 40 48 43 21 34 27 58 56 15 55 16 30 44
61 21 5 8 28 2 60 47 3 27 31 41 51 55 19 35 22 20 54 14 17 1 16 25 58 23 34 9 4 46 43 10 33 32 26 15 53 44 45 52 40 11 42 30 37 38 29 7 56 50 49 12 39 36 18 13 48 59 24 57 6 0
12 2
47 25 29 46 21 40 56 52 36 20 16 32 51 26 43 33 53 15 8 31 34 58 7 2 50 27 35 1 11 23 30 60 28 17 9 13 18 24 6 48 54 59 3 55 44 12 42 49 61 0 37 45 22 10 5 14 38 41 4 57 19 39
51 27 30 56 59 26 18 40 28 39 50 38 60 52 19 22 48 54 6 14 37 21 15 29 61 44 5 1 8 23 2 47 42 35 53 33 46 20 11 9 7 58 32 45 25 43 36 31 16 55 10 0 13 34 17 49 3 57 41 4 12 24
12 2
58 1 34 4 3 43 51 10 48 21 7 24 61 50 19 32 35 44 20 14 18 9 56 37 11 46 36 52 57 53 38 49 15 42 2 16 26 23 30 55 47 45 33 5 17 41 25 40 8 31 13 6 27 29 60 39 22 28 0 59 54 12
56 3 31 1 48 12 32 43 59 17 14 55 5 40 10 33 52 9 24 46 20 58 23 22 18 30 44 53 57 34 25 2 6 15 29 41 37 36 61 39 13 35 50 7 26 49 19 54 4 45 42 60 16 27 47 11 0 28 21 8 51 38
15 1
23 44 2 27 39 57 43 51 61 37 41 60 29 25 0 52 22 48 12 54 21 49 33 8 31 36 59 34 18 46 13 55 19 45 15 1 42 38 7 26 30 6 16 24 10 28 40 5 14 4 35 20 17 11 9 58 56 50 47 32 3 53
20 2
29 40 60 35 15 54 34 9 16 7 27 23 36 13 19 4 8 38 43 14 30 47 48 11 25 24 51 10 32 0 20 52 28 57 6 3 12 41 17 49 1 37 59 18 45 44 58 21 22 39 55 26 31 61 5 50 56 33 46 42 2 53
8 44 60 53 48 33 12 27 0 30 51 34 6 20 14 58 21 29 41 47 13 16 43 35 57 45 56 7 55 17 9 36 39 5 11 23 31 54 38 32 46 18 61 22 1 25 40 19 4 59 52 10 50 3 37 28 26 24 15 49 2 42
31 1
20 36 9 31 10 21 26 50 4 55 3 0 14 57 51 29 44 15 32 58 24 41 12 27 5 59 42 1 53 61 52 6 30 35 46 25 47 43 45 49 48 16 23 39 37 60 18 2 22 28 34 54 38 56 19 17 33 40 8 7 11 13
61 1
46 49 9 13 52 19 44 42 2 40 58 39 14 0 23 12 1 21 56 37 55 33 53 51 16 43 22 26 29 41 17 31 11 34 25 20 35 28 5 48 36 45 27 57 3 32 38 8 50 59 47 30 7 60 15 10 61 24 4 18 54 6
122 2
35 25 5 45 4 2 33 26 39 17 12 20 10 36 18 57 59 9 14 41 11 52 37 38 47 1 7 54 29 28 60 32 31 6 53 0 13 22 23 8 49 19 46 51 61 3 42 24 50 40 48 43 21 34 27 58 56 15 55 16 30 44
57 56 34 15 4 36 55 26 18 14 51 1 0 2 39 35 27 58 17 49 38 19 24 11 40 20 8 28 44 54 48 21 3 53 6 10 16 23 22 7 41 52 61 12 46 31 30 37 43 47 60 50 32 5 59 9 25 45 33 13 42 29
183 2
39 12 37 32 19 14 60 15 35 8 25 52 50 30 22 24 56 0 2 41 54 20 5 53 7 48 47 11 34 23 33 45 42 13 38 9 6 18 28 17 40 4 3 44 58 46 31 57 10 49 1 55 27 29 21 61 59 26 43 16 36 51
29 4 59 54 57 22 28 56 16 1 32 51 43 18 55 21 33 23 52 46 25 3 30 8 47 41 10 60 12 38 15 50 42 61 0 17 37 5 11 36 39 34 31 24 35 48 20 27 7 49 53 14 19 40 44 26 6 13 45 58 9 2
305 2
35 23 6 31 5 47 46 22 25 39 18 15 13 26 17 60 38 2 29 56 20 58 41 32 45 43 40 19 33 36 12 11 53 27 52 24 55 51 8 61 30 48 1 16 49 54 14 37 59 21 44 4 9 42 0 10 28 57 50 7 3 34
50 35 42 26 47 14 25 24 21 53 10 46 51 45 58 13 55 1 8 37 3 56 54 18 20 5 7 31 29 22 48 17 0 30 12 27 40 34 39 15 32 4 61 60 11 38 59 43 16 44 36 19 28 2 52 33 23 57 6 49 41 9
366 2
28 41 61 53 46 22 57 29 52 21 48 17 40 12 47 23 16 8 55 56 54 11 6 20 33 18 4 60 10 43 34 45 39 0 2 42 32 31 19 25 44 50 38 37 27 7 1 30 24 35 26 59 9 5 51 36 49 3 58 15 13 14
37 27 32 46 7 47 6 4 35 28 41 19 14 22 12 38 20 59 61 11 16 43 13 54 39 40 49 1 9 56 31 30 2 34 33 8 55 0 15 24 25 10 51 21 48 53 3 5 44 26 52 42 50 45 23 36 29 60 58 17 57 18
610 2
50 35 42 26 47 14 25 24 21 53 10 46 51 45 58 13 55 1 8 37 3 56 54 18 20 5 7 31 29 22 48 17 0 30 12 27 40 34 39 15 32 4 61 60 11 38 59 43 16 44 36 19 28 2 52 33 23 57 6 49 41 9
51 27 30 56 59 26 18 40 28 39 50 38 60 52 19 22 48 54 6 14 37 21 15 29 61 44 5 1 8 23 2 47 42 35 53 33 46 20 11 9 7 58 32 45 25 43 36 31 16 55 10 0 13 34 17 49 3 57 41 4 12 24
