3420 20
36 38 45
2
0 1 18 19 2 3 4 5 6 7 8 9 10 11 12 13 14 15 16 17
1 11 10 16 13 3 19 4 8 18 12 0 2 7 14 9 5 6 15 17
9
2 1
13 10 9 14 17 7 19 5 11 2 1 8 15 0 3 12 18 4 16 6
3 1
1 11 10 16 13 3 19 4 8 18 12 0 2 7 14 9 5 6 15 17
4 2
1 0 7 6 5 4 3 2 19 18 17 16 15 14 13 12 11 10 9 8
12 15 9 19 16 11 8 18 6 2 14 5 0 17 10 1 4 13 7 3
5 1
12 10 17 15 11 7 5 4 9 3 14 6 1 2 0 16 8 19 13 18
6 2
3 12 7 0 16 6 5 2 13 10 9 17 1 8 18 19 4 11 14 15
12 15 9 19 16 11 8 18 6 2 14 5 0 17 10 1 4 13 7 3
9 1
17 16 11 9 3 2 15 7 14 5 10 19 8 18 13 12 6 4 1 0
12 2
11 3 6 15 18 0 13 12 4 9 7 5 10 2 19 1 14 17 8 16
8 7 9 4 3 15 13 1 0 2 18 12 11 6 16 5 14 19 10 17
18 2
5 6 10 16 18 0 1 11 13 19 2 7 15 8 17 12 3 14 4 9
7 16 8 15 18 19 11 0 2 10 9 6 17 14 13 3 1 12 4 5
19 1
7 12 18 14 6 4 17 3 0 10 11 8 9 1 16 2 15 13 5
