74412 54
36 39 78 117 156 159 212 234
2
0 1 52 53 2 3 4 5 6 7 8 9 10 11 12 13 14 15 16 17 18 19 20 21 22 23 24 25 26 27 28 29 30 31 32 33 34 35 36 37 38 39 40 41 42 43 44 45 46 47 48 49 50 51
1 28 27 11 33 46 18 5 9 41 51 44 45 19 24 47 25 16 34 26 14 4 38 52 20 17 13 29 0 2 37 40 42 21 6 23 32 43 50 31 39 8 36 30 3 53 7 48 15 10 22 49 35 12
16
2 1
28 1 27 12 35 49 22 10 15 48 7 53 3 30 36 8 39 31 50 43 32 23 6 21 42 40 37 2 0 29 13 17 20 52 38 4 14 26 34 16 25 47 24 19 45 44 51 41 9 5 18 46 33 11
3 1
6 36 11 21 31 2 14 10 19 35 49 5 34 3 0 41 38 12 51 46 9 13 50 22 25 26 24 52 27 47 15 42 18 16 17 20 44 29 33 48 43 30 4 53 1 39 8 37 45 7 23 32 28 40
4 2
50 39 51 5 44 3 23 15 27 48 29 12 11 42 31 7 52 17 49 40 20 37 30 6 47 26 25 8 41 10 22 14 34 45 32 38 46 21 35 1 19 28 13 53 4 33 36 24 9 18 0 2 16 43
32 21 2 19 12 40 29 8 7 42 23 44 4 48 16 27 14 20 28 3 17 1 53 10 47 35 38 15 18 6 43 52 0 36 50 25 33 39 26 37 5 49 9 30 11 46 45 24 13 41 34 51 31 22
6 2
50 19 17 47 6 18 4 37 53 16 32 13 51 11 22 52 9 2 5 1 39 31 14 41 25 24 29 33 46 26 49 21 10 27 34 35 42 7 48 20 43 23 36 40 45 44 28 3 38 30 0 12 15 8
53 27 16 13 6 52 34 35 50 17 25 47 5 44 0 18 31 21 51 43 24 9 8 26 32 39 42 40 38 41 48 2 20 19 4 37 29 7 49 10 1 36 23 33 3 11 30 45 46 28 22 15 12 14
9 1
12 21 15 20 39 36 45 53 42 37 19 5 44 35 34 26 30 47 25 6 52 29 4 33 27 8 38 3 7 51 50 41 28 14 48 43 32 40 49 46 13 18 16 0 9 2 23 11 22 10 31 24 1 17
12 2
53 27 16 13 6 52 34 35 50 17 25 47 5 44 0 18 31 21 51 43 24 9 8 26 32 39 42 40 38 41 48 2 20 19 4 37 29 7 49 10 1 36 23 33 3 11 30 45 46 28 22 15 12 14
49 22 34 39 46 10 20 53 29 14 5 42 18 51 9 25 32 37 12 27 6 28 1 47 48 15 26 19 21 8 31 30 16 36 2 38 33 17 35 3 41 40 11 50 52 45 4 23 24 0 43 13 44 7
13 1
25 12 38 23 42 16 28 52 44 50 29 24 4 3 17 15 11 36 40 18 7 1 35 43 6 48 5 10 27 32 41 31 46 2 0 30 19 49 53 26 22 20 34 33 13 8 39 45 37 9 21 47 14 51
18 2
33 36 39 10 18 9 26 14 12 5 3 43 8 51 7 30 19 40 4 16 38 42 28 23 37 34 6 48 22 52 15 49 45 0 25 44 1 24 20 2 17 47 21 11 35 32 46 41 27 31 53 13 29 50
44 39 7 15 25 40 27 2 32 18 49 52 42 22 50 3 28 33 9 41 31 34 13 51 29 4 43 6 16 24 37 20 8 17 21 45 36 30 48 1 5 19 12 26 0 35 53 47 38 10 14 23 11 46
26 1
45 37 3 16 52 23 32 42 36 6 34 1 39 38 49 15 33 44 43 0 48 24 46 40 50 7 30 14 27 28 20 9 35 51 18 5 26 17 22 19 53 41 29 11 8 13 4 25 12 31 47 21 10 2
26 2
50 19 17 47 6 18 4 37 53 16 32 13 51 11 22 52 9 2 5 1 39 31 14 41 25 24 29 33 46 26 49 21 10 27 34 35 42 7 48 20 43 23 36 40 45 44 28 3 38 30 0 12 15 8
28 30 53 34 25 38 44 37 17 43 45 22 29 36 13 15 41 21 14 20 33 24 5 9 6 31 51 39 40 10 8 2 26 12 47 23 42 0 3 1 16 35 11 46 32 4 50 48 18 19 7 27 52 49
26 2
52 14 16 7 50 48 37 36 3 49 12 19 15 46 10 13 43 25 35 39 34 24 0 21 26 38 22 9 6 33 8 5 44 28 40 45 1 42 32 27 31 41 23 53 4 20 51 47 2 17 11 30 29 18
28 1 27 12 35 49 22 10 15 48 7 53 3 30 36 8 39 31 50 43 32 23 6 21 42 40 37 2 0 29 13 17 20 52 38 4 14 26 34 16 25 47 24 19 45 44 51 41 9 5 18 46 33 11
27 1
48 39 35 2 8 31 4 27 33 52 22 5 53 9 10 19 32 46 12 17 28 20 11 14 47 42 44 1 51 6 37 49 38 50 29 36 0 43 45 40 21 24 15 7 18 23 41 3 16 25 26 34 30 13
52 2
33 36 39 10 18 9 26 14 12 5 3 43 8 51 7 30 19 40 4 16 38 42 28 23 37 34 6 48 22 52 15 49 45 0 25 44 1 24 20 2 17 47 21 11 35 32 46 41 27 31 53 13 29 50
24 17 16 50 31 33 52 27 36 22 37 26 42 13 34 30 2 1 53 32 49 44 9 40 0 39 11 7 28 51 15 4 19 5 14 41 8 10 43 25 23 35 12 38 21 46 45 48 47 20 3 29 6 18
53 1
11 0 16 33 18 49 51 2 37 1 10 26 22 19 39 53 35 25 13 5 23 14 44 15 20 46 47 40 50 30 34 21 45 6 28 12 27 4 42 17 29 24 43 32 38 36 9 3 31 52 8 41 48 7
106 2
40 32 11 47 18 27 37 31 53 29 1 34 33 44 10 28 39 38 0 43 19 41 35 45 2 25 9 22 23 15 4 30 46 13 52 21 12 17 14 48 36 24 6 3 8 51 20 7 26 42 16 5 49 50
35 38 31 52 41 12 20 11 28 16 14 7 5 45 10 53 9 32 21 42 6 18 40 44 30 25 39 36 8 50 24 2 17 51 47 0 27 46 1 26 22 4 19 49 23 13 37 34 48 43 29 33 3 15
689 2
52 14 16 7 50 48 37 36 3 49 12 19 15 46 10 13 43 25 35 39 34 24 0 21 26 38 22 9 6 33 8 5 44 28 40 45 1 42 32 27 31 41 23 53 4 20 51 47 2 17 11 30 29 18
28 19 24 1 31 38 17 29 18 30 9 16 0 23 25 20 53 4 47 39 50 3 21 35 48 5 6 14 10 45 15 34 40 11 36 7 13 32 2 37 33 41 42 51 12 26 44 49 8 52 43 46 27 22
