95040 12
135 270 297
3
1 2 3 4 5 6 7 8 9 10 0
0 1 6 9 5 3 10 2 8 4 7
11 10 5 7 8 2 9 3 4 6 1 0
27
2 1
2 5 0 7 11 1 8 3 6 10 9 4
2 1
4 1 7 9 0 5 8 2 6 3
3 1
3 1 10 4 0 5 7 11 2 9 8 6
3 1
3 5 7 6 2 11 0 4 9 10 8 1
5 1
3 1 11 6 0 5 10 2 7 8 4 9
6 2
10 9 4 8 2 5 6 7 3 1 0
7 5 2 11 6 1 4 0 8 9 10 3
6 2
3 10 5 0 4 2 6 7 9 8 1
4 10 2 0 3 5 8 1 9 6 7
6 2
4 1 7 9 0 5 8 2 6 3
2 1 6 9 8 5 0 4 7 10 3
6 1
9 3 10 4 5 7 2 11 0 6 8 1
6 2
3 5 7 6 2 11 0 4 9 10 8 1
7 10 3 2 6 9 4 0 11 5 1 8
6 1
8 9 0 2 10 5 7 11 4 1 3 6
9 2
2 1 6 9 8 5 0 4 7 10 3
6 11 0 3 8 1 2 4 7 9 10 5
9 2
0 10 3 7 8 5 6 2 11 1 9 4
0 3 4 8 9 5 6 11 1 2 7 10
9 2
3 1 10 4 0 5 7 11 2 9 8 6
11 5 0 6 7 9 10 8 4 1 3 2
10 1
1 4 3 6 9 7 10 5 11 2 8 0
10 2
0 7 2 8 6 5 4 1 3 9 11 10
1 4 2 9 6 5 7 0 10 8 11 3
10 2
3 1 11 6 0 5 10 2 7 8 4 9
2 5 0 7 11 1 8 3 6 10 9 4
11 1
7 4 6 10 2 5 3 1 11 0 8 9
18 3
2 1 6 9 8 5 0 4 7 10 3
6 1 2 9 8 11 0 7 4 3 10 5
0 5 6 9 4 1 2 8 7 3
18 3
0 10 4 11 2 5 6 8 7 9 1 3
0 9 8 4 3 5 6 11 2 1 10 7
0 3 4 8 9 5 6 11 1 2 7 10
18 2
2 1 6 9 8 5 0 4 7 10 3
8 11 4 9 6 1 7 0 2 3 10 5
18 2
8 4 2 6 9 5 10 0 7 1 3
0 8 5 3 4 2 7 6 1 10 9
18 2
0 1 7 3 11 6 5 2 8 10 9 4
5 2 10 4 7 6 0 3 9 11 1 8
27 2
3 8 0 2 1 11 7 10 4 5 6 9
3 2 4 11 1 8 10 6 9 5 7 0
54 2
2 4 3 0 8 9 10 6 1 11 7 5
1 4 11 9 3 0 7 10 8 5 6 2
54 2
0 5 11 3 9 1 6 10 8 4 7 2
2 4 3 0 8 9 10 6 1 11 7 5
54 3
0 1 7 3 11 6 5 2 8 10 9 4
5 2 10 4 7 6 0 3 9 11 1 8
0 9 3 2 8 6 5 7 4 1
