62400 65
26 52 78 104 156 200
2
0 1 3 5 7 9 11 13 15 17 19 21 23 24 8 27 28 30 32 33 35 37 39 6 41 29 43 44 22 46 48 49 50 12 52 42 54 40 18 53 31 57 20 59 60 38 56 36 55 47 51 34 26 61 10 62 45 2 16 25 63 64 4 58 14
1 2 4 6 8 10 12 14 16 18 20 22 17 25 26 9 29 31 11 34 36 38 21 40 13 42 3 35 45 47 27 37 39 51 53 52 48 55 30 56 43 58 15 23 57 32 49 54 46 50 28 5 24 44 19 59 33 62 61 60 41 7 0
16
2 1
46 18 25 55 35 22 45 7 20 58 49 23 44 42 38 56 57 41 1 64 8 61 5 11 32 2 52 40 48 62 50 54 24 60 63 4 51 53 14 43 27 17 13 39 12 6 0 59 28 10 30 36 26 37 31 3 15 16 9 47 33 21 29 34 19
3 1
28 52 16 51 42 1 3 60 21 22 2 14 11 18 12 35 10 17 27 9 62 45 19 54 50 64 48 13 63 26 7 38 40 49 33 43 47 20 61 39 55 4 41 15 36 8 24 44 29 34 46 6 5 56 58 32 57 53 23 25 30 31 37 0 59
4 2
44 60 3 2 29 7 35 5 52 59 46 39 51 24 37 62 45 58 54 19 47 36 64 31 13 42 41 34 40 4 32 23 30 43 27 6 21 14 63 11 28 26 25 33 0 16 10 20 53 61 55 12 8 48 18 50 57 56 17 9 1 49 15 38 22
4 9 35 6 0 64 3 22 14 1 41 27 50 47 8 17 28 15 30 19 24 31 7 36 20 53 46 11 16 44 18 21 54 57 39 2 23 52 61 34 45 10 48 56 29 40 26 13 42 63 12 55 37 25 32 51 43 33 62 60 59 38 58 49 5
4 1
19 37 59 50 61 54 46 45 57 48 6 23 5 7 44 11 10 13 21 38 14 60 9 58 62 2 0 3 36 63 4 42 1 28 25 52 43 51 26 12 18 41 8 33 49 17 16 29 56 20 55 32 24 30 39 27 22 31 15 34 40 53 35 64 47
5 1
0 38 3 35 21 5 19 26 10 8 55 52 31 34 57 12 29 45 64 2 41 39 50 7 60 54 11 15 49 22 28 43 37 47 36 6 25 20 4 1 40 44 16 27 32 46 14 18 62 24 42 51 23 53 13 63 61 17 33 56 30 48 59 9 58
5 1
40 61 43 21 30 39 26 62 31 53 45 38 47 11 58 35 33 3 48 6 32 23 63 29 46 28 7 16 37 17 27 5 64 4 0 13 18 59 15 41 54 8 1 52 42 49 20 9 55 22 25 44 14 56 57 60 12 34 2 50 36 51 19 10 24
6 2
8 16 9 15 24 14 57 28 0 2 32 20 44 58 5 3 1 29 45 53 11 55 63 46 4 42 39 64 7 17 31 30 10 50 38 49 43 40 34 26 37 47 25 36 12 18 23 41 48 35 33 52 51 19 60 21 61 6 13 62 54 56 59 22 27
60 16 29 56 18 24 9 33 13 6 26 32 62 8 45 42 1 57 4 41 39 63 36 48 5 61 10 37 51 2 53 47 11 7 44 64 22 27 59 20 49 19 15 55 34 14 46 31 23 40 52 28 50 30 58 43 3 17 54 38 0 25 12 21 35
8 2
35 62 26 60 9 15 61 5 25 42 19 39 34 22 29 49 43 54 30 37 46 44 63 41 36 2 8 3 59 23 51 20 45 16 0 12 32 57 18 50 11 14 64 58 17 24 52 27 28 7 40 38 31 13 21 48 56 10 33 55 47 1 6 53 4
63 28 30 46 23 45 55 32 38 41 16 17 13 12 42 24 10 11 25 43 27 50 34 4 15 18 51 20 1 64 2 47 7 57 22 53 49 58 8 54 44 9 14 19 40 5 3 31 61 36 21 26 60 35 39 6 56 33 37 62 52 48 59 0 29
10 2
0 35 21 39 19 51 38 60 43 31 27 28 63 56 47 55 41 64 57 4 42 2 32 24 23 62 30 10 11 44 26 9 22 46 61 1 48 50 6 3 53 16 20 8 29 58 33 14 36 52 37 5 49 40 59 15 13 18 45 54 7 34 25 12 17
64 14 46 58 43 56 54 13 25 53 42 16 22 7 1 57 11 52 39 63 34 35 12 44 30 8 31 59 60 40 24 26 62 37 20 21 45 33 61 18 29 51 10 4 23 36 2 50 55 49 47 41 17 9 6 48 5 15 3 27 28 38 32 19 0
10 1
18 8 39 38 24 35 1 48 23 62 51 11 64 58 19 41 7 40 0 21 46 12 49 20 63 26 30 56 57 42 32 9 22 15 50 4 5 36 53 17 61 37 13 29 27 16 45 54 6 52 10 14 31 43 2 34 47 28 59 60 3 44 25 33 55
12 2
6 23 53 51 30 35 0 57 11 43 37 8 14 31 12 39 16 44 20 40 18 61 50 1 55 49 34 33 45 42 4 13 36 27 26 5 32 10 41 15 19 38 29 9 17 28 48 52 46 25 22 3 47 2 62 24 58 7 56 63 64 21 54 59 60
19 56 29 34 54 51 45 17 46 24 25 23 38 63 6 64 16 59 21 32 57 44 4 37 52 48 35 53 36 30 2 20 0 62 47 43 41 11 40 39 12 28 33 26 18 14 58 3 10 1 27 55 9 50 22 5 49 31 8 7 15 13 42 61 60
13 1
40 55 9 50 39 59 62 49 26 14 0 38 6 17 45 10 20 43 48 44 31 58 27 61 13 53 19 51 37 56 28 22 7 46 24 18 8 35 36 57 41 4 52 15 54 32 29 16 33 64 60 25 63 21 12 47 42 34 1 11 2 3 5 30 23
20 2
6 23 53 51 30 35 0 57 11 43 37 8 14 31 12 39 16 44 20 40 18 61 50 1 55 49 34 33 45 42 4 13 36 27 26 5 32 10 41 15 19 38 29 9 17 28 48 52 46 25 22 3 47 2 62 24 58 7 56 63 64 21 54 59 60
33 35 46 37 31 32 27 21 18 56 25 20 15 40 39 62 16 45 55 22 24 7 0 5 3 63 9 17 29 38 13 19 60 44 43 36 64 49 4 54 50 30 41 58 28 42 52 14 47 59 6 10 12 48 23 51 8 61 11 34 53 57 1 26 2
25 2
57 1 50 30 32 26 7 45 6 33 54 0 15 9 39 31 16 51 11 63 8 40 35 23 10 41 58 12 18 52 36 43 60 14 56 34 64 62 61 13 59 21 47 27 3 20 46 55 48 38 5 4 24 22 29 37 53 28 2 25 17 19 42 49 44
0 48 47 59 5 37 7 45 6 52 34 11 19 29 10 63 46 2 18 51 8 14 30 1 35 9 62 61 28 53 25 49 26 24 64 36 41 15 60 54 39 33 43 38 40 20 23 27 16 32 55 50 22 3 56 12 44 57 42 13 58 17 31 4 21
39 2
27 1 9 16 12 2 51 25 56 5 36 53 50 13 57 59 35 11 63 43 26 58 7 42 21 22 48 46 14 31 64 38 40 62 55 3 60 33 29 30 61 8 54 52 15 18 0 6 20 34 4 47 19 17 23 49 41 28 24 44 10 32 37 45 39
32 38 35 8 60 39 29 20 61 57 21 31 36 12 54 15 34 6 26 51 55 58 28 48 50 0 30 2 62 17 18 52 25 41 63 27 13 64 43 42 23 45 5 1 4 33 37 19 40 9 59 47 11 53 56 7 14 49 10 24 44 3 22 16 46
50 2
13 19 7 36 53 35 51 39 28 1 6 41 0 63 17 22 52 57 27 59 20 42 10 8 18 43 31 21 50 29 44 32 49 33 40 47 64 34 48 25 38 58 24 2 3 46 14 16 37 62 54 15 5 11 23 55 12 45 4 60 9 61 26 56 30
6 23 53 51 30 35 0 57 11 43 37 8 14 31 12 39 16 44 20 40 18 61 50 1 55 49 34 33 45 42 4 13 36 27 26 5 32 10 41 15 19 38 29 9 17 28 48 52 46 25 22 3 47 2 62 24 58 7 56 63 64 21 54 59 60
