58800 50
35 40 70 75 80 105 120 140 210 240
2
0 1 48 13 20 27 34 41 49 2 8 9 10 11 12 14 3 15 16 17 18 19 21 4 22 23 24 25 26 28 5 29 30 31 32 33 35 6 36 37 38 39 40 42 7 43 44 45 46 47
1 5 3 7 4 0 6 2 24 19 31 14 37 29 40 12 30 43 16 36 45 38 13 10 32 33 47 41 44 22 18 23 8 49 26 28 9 15 48 27 11 39 20 46 35 42 17 34 21 25
46
2 1
45 44 25 16 15 10 6 8 7 36 5 38 12 23 18 4 3 48 14 37 27 28 40 13 35 2 32 20 21 34 42 33 26 31 29 24 9 19 11 47 22 43 30 41 1 0 49 39 17 46
3 1
46 39 7 36 22 4 21 49 6 30 24 11 9 28 27 40 23 41 18 38 17 8 5 43 33 1 29 31 48 37 12 14 0 10 42 3 35 26 47 25 44 20 45 16 15 34 32 19 13 2
4 1
45 14 42 18 11 27 34 31 5 41 7 2 29 9 16 30 17 1 44 35 10 13 22 28 37 38 19 33 43 6 25 20 47 8 12 39 23 32 15 26 40 21 4 36 48 46 49 24 3 0
4 2
22 10 45 42 43 46 35 41 12 20 1 31 8 23 47 48 37 27 33 28 9 24 0 13 21 29 26 17 19 25 36 11 34 18 32 6 30 16 44 40 39 7 3 4 38 2 5 14 15
44 10 31 7 20 48 18 3 39 43 1 45 40 14 13 46 32 21 6 36 4 17 38 47 27 25 49 24 30 29 28 2 16 35 37 33 19 34 22 8 12 42 41 9 0 11 15 23 5 26
4 2
45 3 42 1 13 44 36 19 28 32 18 33 25 4 39 31 16 41 10 7 30 46 26 24 23 12 22 49 8 40 20 15 9 11 37 48 6 34 47 14 29 17 2 43 5 0 21 38 35 27
11 29 37 40 18 44 15 26 20 46 13 0 38 10 23 6 43 27 4 22 8 32 19 14 39 47 7 17 30 1 28 36 21 45 42 35 31 2 12 24 3 49 34 16 5 33 9 25 48 41
5 1
46 23 37 24 29 36 3 31 25 18 42 13 1 26 20 34 48 11 33 17 12 8 27 14 7 40 19 15 10 16 4 6 45 2 43 0 28 9 44 32 49 39 5 22 35 47 38 41 30 21
6 1
41 4 21 15 8 30 14 2 11 39 34 12 28 33 36 18 31 44 47 26 29 35 5 23 9 42 37 43 1 17 6 7 13 38 48 16 22 10 40 49 46 3 24 20 27 45 32 0 19 25
6 2
22 10 45 42 43 46 35 41 12 20 1 31 8 23 47 48 37 27 33 28 9 24 0 13 21 29 26 17 19 25 36 11 34 18 32 6 30 16 44 40 39 7 3 4 38 2 5 14 15
23 49 14 7 43 8 34 3 5 26 10 30 24 37 2 29 22 35 48 42 20 46 16 0 12 33 9 32 41 15 11 44 27 25 6 17 38 13 36 47 45 28 19 4 31 40 21 39 18 1
6 2
27 36 6 42 49 16 2 43 18 46 39 24 17 45 28 23 5 12 8 19 21 20 26 15 11 34 22 0 14 38 32 33 30 31 25 47 1 41 29 10 48 37 3 7 44 13 9 35 40 4
45 3 42 1 13 44 36 19 28 32 18 33 25 4 39 31 16 41 10 7 30 46 26 24 23 12 22 49 8 40 20 15 9 11 37 48 6 34 47 14 29 17 2 43 5 0 21 38 35 27
7 1
11 4 38 30 43 31 44 36 25 1 10 7 18 21 19 6 45 46 27 41 9 35 33 28 13 16 20 47 42 40 23 34 48 5 29 39 14 12 3 32 22 0 2 49 8 15 37 17 24 26
7 1
44 32 1 49 7 33 24 29 11 30 45 27 4 28 17 13 2 31 46 23 0 35 9 48 39 41 26 47 16 14 40 12 15 3 10 38 20 19 22 36 21 43 18 8 6 37 5 25 34 42
8 1
45 49 35 17 4 37 3 30 32 46 39 47 13 48 20 15 6 23 2 10 22 31 43 12 25 14 7 18 41 19 0 24 26 28 1 33 11 34 9 38 27 40 8 21 29 42 44 5 16 36
8 2
18 4 6 47 30 16 34 26 44 3 17 43 31 9 2 19 12 20 28 21 35 32 8 38 22 25 37 46 36 27 40 5 15 33 14 10 0 39 41 7 1 48 29 49 24 11 42 13 23 45
8 19 20 3 15 38 17 26 0 47 34 46 48 13 35 4 23 6 22 1 2 40 18 16 28 33 7 43 24 49 32 41 30 25 10 14 44 39 5 37 21 31 45 27 36 42 11 9 12 29
8 2
18 4 6 47 30 16 34 26 44 3 17 43 31 9 2 19 12 20 28 21 35 32 8 38 22 25 37 46 36 27 40 5 15 33 14 10 0 39 41 7 1 48 29 49 24 11 42 13 23 45
38 45 2 26 49 44 14 47 16 37 17 40 22 39 6 27 8 10 23 29 35 42 12 18 31 33 3 15 48 19 43 24 46 25 34 20 41 9 0 13 11 36 21 30 5 1 32 7 28 4
10 2
44 10 31 7 20 48 18 3 39 43 1 45 40 14 13 46 32 21 6 36 4 17 38 47 27 25 49 24 30 29 28 2 16 35 37 33 19 34 22 8 12 42 41 9 0 11 15 23 5 26
8 19 20 3 15 38 17 26 0 47 34 46 48 13 35 4 23 6 22 1 2 40 18 16 28 33 7 43 24 49 32 41 30 25 10 14 44 39 5 37 21 31 45 27 36 42 11 9 12 29
12 1
27 46 24 20 11 49 35 38 0 37 8 32 25 13 29 9 12 45 15 28 19 4 43 18 48 41 22 6 1 7 47 3 5 34 14 40 31 10 2 36 23 21 42 33 17 39 44 16 26 30
12 2
33 40 34 29 10 5 31 22 30 21 4 45 47 18 24 36 43 49 13 26 28 9 7 39 14 38 19 41 20 3 8 6 46 0 2 48 15 42 25 23 1 27 37 16 44 11 32 12 35 17
24 26 32 19 41 9 31 18 42 5 39 40 14 15 12 13 28 44 7 3 45 49 34 23 0 46 1 27 16 43 47 6 2 48 22 37 38 35 36 10 11 4 8 29 17 20 25 30 33 21
12 2
27 36 6 42 49 16 2 43 18 46 39 24 17 45 28 23 5 12 8 19 21 20 26 15 11 34 22 0 14 38 32 33 30 31 25 47 1 41 29 10 48 37 3 7 44 13 9 35 40 4
44 21 35 47 19 41 20 37 18 13 14 42 23 9 10 30 38 34 8 4 6 1 28 12 36 33 26 49 22 45 15 48 40 25 17 2 24 7 16 39 32 5 11 46 0 29 43 3 31 27
12 2
0 18 30 14 38 20 29 33 10 43 8 25 34 36 3 42 48 44 1 24 5 23 40 21 19 11 37 31 41 6 2 27 39 7 12 47 13 26 4 32 22 28 15 9 17 49 46 35 16 45
7 37 9 39 13 3 26 47 30 38 36 12 34 27 45 29 49 17 23 24 16 15 6 40 44 25 22 4 14 21 31 8 41 35 11 46 43 42 2 5 18 48 1 10 19 28 33 0 32 20
12 2
37 46 10 47 12 27 17 18 26 33 20 23 43 9 6 38 19 14 24 49 2 5 0 30 7 3 44 21 39 41 11 1 29 13 34 35 28 22 45 36 48 32 40 4 8 15 31 25 42 16
8 19 20 3 15 38 17 26 0 47 34 46 48 13 35 4 23 6 22 1 2 40 18 16 28 33 7 43 24 49 32 41 30 25 10 14 44 39 5 37 21 31 45 27 36 42 11 9 12 29
14 2
0 46 24 48 15 19 16 42 26 49 47 39 23 17 27 4 6 13 25 5 40 33 41 12 2 18 8 14 43 37 45 35 32 21 44 31 38 29 36 11 20 22 7 28 34 30 1 10 3 9
0 18 30 14 38 20 29 33 10 43 8 25 34 36 3 42 48 44 1 24 5 23 40 21 19 11 37 31 41 6 2 27 39 7 12 47 13 26 4 32 22 28 15 9 17 49 46 35 16 45
14 2
45 3 42 1 13 44 36 19 28 32 18 33 25 4 39 31 16 41 10 7 30 46 26 24 23 12 22 49 8 40 20 15 9 11 37 48 6 34 47 14 29 17 2 43 5 0 21 38 35 27
30 9 31 13 15 29 48 45 32 1 11 10 17 3 40 4 16 12 24 47 41 35 28 23 18 27 42 25 22 5 0 2 8 43 46 21 39 44 49 36 14 20 26 33 37 7 34 19 6 38
16 2
8 19 20 3 15 38 17 26 0 47 34 46 48 13 35 4 23 6 22 1 2 40 18 16 28 33 7 43 24 49 32 41 30 25 10 14 44 39 5 37 21 31 45 27 36 42 11 9 12 29
38 45 2 26 49 44 14 47 16 37 17 40 22 39 6 27 8 10 23 29 35 42 12 18 31 33 3 15 48 19 43 24 46 25 34 20 41 9 0 13 11 36 21 30 5 1 32 7 28 4
21 2
33 10 22 31 34 5 40 29 32 36 30 0 43 3 38 19 6 26 15 18 9 4 25 28 17 2 24 12 47 42 1 13 49 11 21 35 20 46 41 37 16 14 7 27 48 44 39 23 45 8
19 48 49 20 39 5 12 14 22 33 26 6 11 0 21 36 3 37 40 13 16 7 35 43 45 2 38 15 9 17 4 23 32 28 24 8 27 29 10 30 47 46 1 31 41 34 44 18 42 25
21 2
33 10 22 31 34 5 40 29 32 36 30 0 43 3 38 19 6 26 15 18 9 4 25 28 17 2 24 12 47 42 1 13 49 11 21 35 20 46 41 37 16 14 7 27 48 44 39 23 45 8
37 46 10 47 12 27 17 18 26 33 20 23 43 9 6 38 19 14 24 49 2 5 0 30 7 3 44 21 39 41 11 1 29 13 34 35 28 22 45 36 48 32 40 4 8 15 31 25 42 16
24 1
17 41 0 39 12 8 35 9 7 34 2 25 5 6 13 21 16 46 14 4 36 44 42 37 19 45 22 29 33 24 15 1 32 18 47 30 27 43 49 48 20 38 10 3 31 23 28 11 40 26
24 2
22 10 45 42 43 46 35 41 12 20 1 31 8 23 47 48 37 27 33 28 9 24 0 13 21 29 26 17 19 25 36 11 34 18 32 6 30 16 44 40 39 7 3 4 38 2 5 14 15
35 45 10 46 41 42 22 43 11 21 26 37 6 38 14 0 31 18 30 32 39 19 48 2 20 49 1 34 24 44 7 12 17 27 28 8 33 16 25 3 9 36 40 5 23 13 4 47 15 29
24 2
23 26 30 46 12 43 39 15 32 28 48 11 6 40 36 21 35 37 0 2 42 1 3 5 45 13 9 14 38 4 17 19 22 33 41 18 25 47 34 49 29 20 7 44 24 10 31 8 16 27
45 3 42 1 13 44 36 19 28 32 18 33 25 4 39 31 16 41 10 7 30 46 26 24 23 12 22 49 8 40 20 15 9 11 37 48 6 34 47 14 29 17 2 43 5 0 21 38 35 27
24 3
35 21 24 39 48 13 32 10 15 47 27 3 22 45 0 46 44 12 6 26 23 42 17 37 34 36 30 7 28 25 19 4 18 38 2 14 29 20 43 11 9 16 1 33 41 5 8 40 31
31 10 39 41 6 23 4 27 32 33 1 12 11 18 15 14 22 17 13 25 48 42 16 5 24 19 28 7 26 30 29 0 8 9 44 47 49 40 45 2 37 3 21 46 34 38 43 35 20 36
32 10 22 17 15 9 23 7 45 5 1 44 16 48 33 4 12 3 43 49 35 27 2 6 41 28 30 21 25 36 26 40 0 14 39 20 29 38 37 34 31 24 42 18 11 8 47 46 13 19
24 3
18 4 6 47 30 16 34 26 44 3 17 43 31 9 2 19 12 20 28 21 35 32 8 38 22 25 37 46 36 27 40 5 15 33 14 10 0 39 41 7 1 48 29 49 24 11 42 13 23 45
37 46 10 47 12 27 17 18 26 33 20 23 43 9 6 38 19 14 24 49 2 5 0 30 7 3 44 21 39 41 11 1 29 13 34 35 28 22 45 36 48 32 40 4 8 15 31 25 42 16
8 19 20 3 15 38 17 26 0 47 34 46 48 13 35 4 23 6 22 1 2 40 18 16 28 33 7 43 24 49 32 41 30 25 10 14 44 39 5 37 21 31 45 27 36 42 11 9 12 29
25 1
37 30 46 19 8 22 33 11 41 34 27 4 15 44 7 18 28 31 3 32 9 29 42 14 20 35 24 1 21 39 13 5 45 47 0 43 48 12 26 17 38 16 6 36 40 2 49 25 23 10
42 2
31 10 39 41 6 23 4 27 32 33 1 12 11 18 15 14 22 17 13 25 48 42 16 5 24 19 28 7 26 30 29 0 8 9 44 47 49 40 45 2 37 3 21 46 34 38 43 35 20 36
11 32 39 46 0 25 18 1 35 47 28 4 15 38 8 41 2 22 48 45 10 9 30 31 24 27 43 5 20 29 17 36 7 49 26 14 23 3 42 16 19 12 13 34 33 40 37 21 6 44
42 2
45 3 42 1 13 44 36 19 28 32 18 33 25 4 39 31 16 41 10 7 30 46 26 24 23 12 22 49 8 40 20 15 9 11 37 48 6 34 47 14 29 17 2 43 5 0 21 38 35 27
47 14 15 35 11 16 12 22 42 2 28 31 18 25 41 9 26 20 6 7 29 33 19 45 3 48 5 23 34 17 38 4 0 40 10 24 30 49 36 8 21 1 39 43 44 27 37 32 13 46
48 2
20 9 6 30 46 3 25 41 14 49 47 35 48 0 21 13 10 12 7 37 28 27 32 4 38 29 40 45 18 11 26 31 42 33 2 39 44 43 34 5 17 19 16 8 1 23 36 24 22 15
45 44 25 16 15 10 6 8 7 36 5 38 12 23 18 4 3 48 14 37 27 28 40 13 35 2 32 20 21 34 42 33 26 31 29 24 9 19 11 47 22 43 30 41 1 0 49 39 17 46
49 2
13 23 29 25 14 10 1 47 3 18 4 49 43 33 42 6 2 30 31 41 46 15 16 34 24 0 9 38 8 17 39 19 26 28 40 27 12 44 20 22 21 32 37 48 5 7 11 36 45 35
30 20 18 29 33 0 38 14 2 6 13 12 44 39 28 27 9 19 1 34 47 35 26 46 24 17 15 45 16 31 41 23 21 22 11 48 37 3 7 32 49 40 8 5 25 4 36 42 10 43
60 2
38 28 23 30 3 2 10 42 11 24 0 39 49 31 5 19 14 46 45 22 8 40 48 16 4 36 33 29 44 18 9 26 15 43 21 20 47 6 37 35 17 27 1 13 7 41 34 12 32 25
0 46 24 48 15 19 16 42 26 49 47 39 23 17 27 4 6 13 25 5 40 33 41 12 2 18 8 14 43 37 45 35 32 21 44 31 38 29 36 11 20 22 7 28 34 30 1 10 3 9
60 2
38 28 23 30 3 2 10 42 11 24 0 39 49 31 5 19 14 46 45 22 8 40 48 16 4 36 33 29 44 18 9 26 15 43 21 20 47 6 37 35 17 27 1 13 7 41 34 12 32 25
8 19 20 3 15 38 17 26 0 47 34 46 48 13 35 4 23 6 22 1 2 40 18 16 28 33 7 43 24 49 32 41 30 25 10 14 44 39 5 37 21 31 45 27 36 42 11 9 12 29
98 3
34 20 24 5 32 3 45 16 18 21 17 37 49 13 31 19 7 10 8 15 1 9 40 28 2 39 30 48 23 46 26 14 4 44 0 38 43 11 35 25 22 41 47 36 33 6 29 42 27 12
6 38 35 19 43 23 0 25 45 11 30 9 37 17 46 42 32 13 28 3 36 22 21 5 39 7 44 40 18 48 10 49 16 33 47 2 20 12 1 24 27 41 15 4 26 8 14 34 29 31
45 10 12 3 33 14 9 21 37 6 1 39 2 35 5 23 44 24 47 29 46 7 34 15 17 30 36 42 49 19 25 38 40 4 22 13 26 8 31 11 32 41 27 48 16 0 20 18 43 28
147 3
32 3 31 47 17 11 33 2 49 20 19 30 37 42 44 9 16 28 27 40 15 21 0 45 12 13 8 39 4 36 5 7 22 41 14 23 48 24 46 18 10 6 25 38 34 35 43 1 29 26
19 28 26 36 29 49 25 30 44 21 8 22 35 1 11 15 16 41 9 46 27 18 14 4 42 45 32 39 13 23 40 34 2 3 43 47 33 17 5 20 7 37 48 31 10 6 0 12 24 38
1 23 24 40 6 21 34 15 35 37 49 25 38 11 31 33 16 2 47 27 28 42 39 0 17 13 18 45 43 22 30 46 10 7 4 48 3 44 41 29 36 12 5 20 9 19 14 26 8 32
168 2
17 5 6 44 21 9 31 49 11 1 45 30 13 24 3 18 27 40 38 37 26 36 22 16 12 34 29 23 25 20 8 2 48 19 28 43 4 33 15 7 0 35 10 41 14 42 46 32 47 39
39 4 10 6 31 41 27 23 19 20 15 46 5 18 43 2 29 48 21 30 40 13 11 25 17 7 32 3 45 42 8 1 36 33 38 14 26 37 44 49 9 12 16 35 34 47 22 28 24 0
168 2
17 5 6 44 21 9 31 49 11 1 45 30 13 24 3 18 27 40 38 37 26 36 22 16 12 34 29 23 25 20 8 2 48 19 28 43 4 33 15 7 0 35 10 41 14 42 46 32 47 39
44 10 31 7 20 48 18 3 39 43 1 45 40 14 13 46 32 21 6 36 4 17 38 47 27 25 49 24 30 29 28 2 16 35 37 33 19 34 22 8 12 42 41 9 0 11 15 23 5 26
196 2
23 49 14 7 43 8 34 3 5 26 10 30 24 37 2 29 22 35 48 42 20 46 16 0 12 33 9 32 41 15 11 44 27 25 6 17 38 13 36 47 45 28 19 4 31 40 21 39 18 1
8 1 16 17 14 33 5 27 38 23 10 34 22 20 9 6 11 41 46 36 47 7 39 4 3 26 29 42 19 49 28 37 31 15 2 48 30 45 40 44 0 24 21 13 12 32 35 43 18 25
294 3
3 15 31 12 25 27 49 1 4 48 36 42 43 38 45 46 22 33 32 44 20 47 10 28 40 39 2 26 18 34 5 30 6 24 8 41 13 37 16 29 9 19 0 11 21 7 14 35 17 23
24 22 38 23 8 48 44 41 37 27 40 30 19 31 5 18 15 28 16 49 20 9 35 33 36 29 6 21 46 34 45 42 2 3 25 1 0 4 32 39 47 43 13 7 26 11 17 10 14 12
23 49 14 7 43 8 34 3 5 26 10 30 24 37 2 29 22 35 48 42 20 46 16 0 12 33 9 32 41 15 11 44 27 25 6 17 38 13 36 47 45 28 19 4 31 40 21 39 18 1
336 2
29 47 11 21 9 0 24 4 22 40 8 25 33 19 39 48 38 5 14 37 15 43 26 36 12 23 28 27 18 32 6 30 13 42 7 31 20 17 3 10 45 34 35 46 41 44 1 16 2
45 44 25 16 15 10 6 8 7 36 5 38 12 23 18 4 3 48 14 37 27 28 40 13 35 2 32 20 21 34 42 33 26 31 29 24 9 19 11 47 22 43 30 41 1 0 49 39 17 46
336 2
29 47 11 21 9 0 24 4 22 40 8 25 33 19 39 48 38 5 14 37 15 43 26 36 12 23 28 27 18 32 6 30 13 42 7 31 20 17 3 10 45 34 35 46 41 44 1 16 2
32 0 10 28 44 47 43 34 37 7 38 1 16 20 14 5 8 48 39 22 15 24 17 30 49 18 21 31 23 29 42 36 46 6 40 27 19 26 3 11 41 4 2 13 45 9 25 33 35 12
392 2
25 43 38 23 0 6 19 35 5 21 48 40 30 7 47 39 20 13 9 34 18 27 10 24 37 12 2 15 41 36 22 46 32 33 28 11 3 31 44 16 1 42 8 17 14 49 29 45 4 26
5 42 20 7 29 36 35 9 23 39 6 21 18 37 17 43 0 34 16 49 14 45 48 22 41 25 3 4 12 1 27 28 11 33 10 2 31 47 8 13 46 44 40 32 38 19 30 26 24 15
