58800 50
35 40 70 75 80 105 120 140 210 240
2
0 1 48 13 20 27 34 41 49 2 8 9 10 11 12 14 3 15 16 17 18 19 21 4 22 23 24 25 26 28 5 29 30 31 32 33 35 6 36 37 38 39 40 42 7 43 44 45 46 47
1 5 3 7 4 0 6 2 24 19 31 14 37 29 40 12 30 43 16 36 45 38 13 10 32 33 47 41 44 22 18 23 8 49 26 28 9 15 48 27 11 39 20 46 35 42 17 34 21 25
36
2 1
25 28 17 32 48 14 45 41 46 26 12 33 10 18 5 34 29 2 13 37 42 38 22 36 39 0 9 43 1 16 30 47 3 11 15 40 23 19 21 24 35 7 20 27 49 6 8 31 4 44
3 1
48 41 3 29 19 33 43 4 9 44 37 32 26 13 11 5 38 42 25 7 20 40 10 24 30 45 35 1 31 2 23 39 14 15 0 12 16 22 36 28 49 27 46 47 8 18 17 6 34 21
4 1
43 28 37 19 39 24 27 1 3 34 35 11 49 4 13 26 0 8 5 17 15 9 31 44 48 29 38 25 41 6 47 30 46 33 42 23 40 32 20 14 12 7 21 45 10 16 2 22 18 36
4 2
33 11 20 34 28 26 21 7 23 46 29 1 45 17 49 18 22 13 15 44 2 6 16 8 36 42 5 31 4 10 37 27 41 0 3 40 24 30 39 38 35 32 25 43 19 12 9 48 47 14
37 15 16 34 17 41 31 43 14 10 9 18 24 28 8 1 2 4 11 38 22 27 20 49 12 40 32 21 13 46 33 6 26 30 3 42 45 0 19 44 25 5 35 7 39 36 29 47 48 23
4 2
42 28 13 20 39 17 31 46 24 44 41 43 37 2 35 32 26 5 25 45 3 21 36 27 8 18 16 23 1 40 48 6 15 47 38 14 22 12 34 4 29 10 0 11 9 19 7 33 30
29 13 28 35 6 22 4 44 37 46 27 45 24 1 20 32 16 36 30 43 14 49 5 41 12 48 26 10 2 0 18 39 15 38 47 3 17 8 33 31 42 23 40 19 7 11 9 34 25 21
5 1
27 41 4 39 6 31 23 10 30 13 37 46 3 35 47 16 1 22 15 17 2 26 38 20 14 44 24 28 25 19 34 49 36 7 40 43 12 48 29 32 42 18 8 45 0 9 5 21 33 11
6 1
7 44 18 31 10 20 3 48 47 15 16 32 34 30 37 46 21 19 33 4 25 17 42 0 22 1 45 35 28 23 12 26 24 41 14 2 11 13 5 29 40 27 36 6 38 43 49 9 39 8
6 2
33 11 20 34 28 26 21 7 23 46 29 1 45 17 49 18 22 13 15 44 2 6 16 8 36 42 5 31 4 10 37 27 41 0 3 40 24 30 39 38 35 32 25 43 19 12 9 48 47 14
25 40 48 3 42 47 35 34 8 16 41 21 44 24 49 17 9 15 36 38 26 11 31 43 13 0 20 46 33 30 29 22 37 28 7 6 18 32 19 45 1 10 4 23 12 39 27 5 2 14
6 2
3 46 17 0 22 40 44 14 10 30 8 43 42 29 7 15 25 2 47 49 37 32 4 41 27 16 33 24 35 13 9 48 21 26 36 28 34 20 39 38 5 23 12 11 6 45 1 18 31 19
42 28 13 20 39 17 31 46 24 44 41 43 37 2 35 32 26 5 25 45 3 21 36 27 8 18 16 23 1 40 48 6 15 47 38 14 22 12 34 4 29 10 0 11 9 19 7 33 30
7 1
27 13 32 3 18 22 30 43 23 41 16 2 39 19 49 37 0 31 38 36 46 28 15 34 40 9 29 26 5 35 20 47 17 11 14 10 42 48 24 4 12 6 45 8 1 44 25 33 21 7
7 1
36 15 38 28 34 35 45 39 1 17 16 23 21 46 19 22 18 30 11 47 41 4 29 24 33 48 31 5 6 0 14 3 2 10 27 12 8 13 7 20 26 32 9 43 49 40 25 42 44 37
8 1
18 28 12 0 16 5 31 36 11 40 17 49 44 25 14 47 2 29 23 24 4 22 38 41 1 32 21 43 39 48 35 34 6 46 7 26 13 27 9 37 30 15 8 19 33 3 20 45 42 10
8 2
19 20 2 9 22 45 0 28 16 8 27 37 36 49 24 29 3 32 44 43 12 30 31 38 33 35 40 5 13 11 17 42 21 34 14 23 1 15 25 47 18 39 4 6 26 10 41 46 48 7
6 37 48 31 8 14 0 47 4 22 33 20 29 41 5 36 42 44 32 43 11 40 9 25 27 23 30 24 39 12 26 3 18 10 45 35 15 1 38 28 21 13 16 19 17 34 49 7 2 46
8 2
19 20 2 9 22 45 0 28 16 8 27 37 36 49 24 29 3 32 44 43 12 30 31 38 33 35 40 5 13 11 17 42 21 34 14 23 1 15 25 47 18 39 4 6 26 10 41 46 48 7
35 18 48 9 4 46 23 14 16 3 39 30 26 33 7 32 8 29 1 25 40 37 42 6 49 19 12 41 34 17 11 31 15 13 28 0 44 21 43 10 20 27 22 38 36 47 5 45 2 24
10 2
37 15 16 34 17 41 31 43 14 10 9 18 24 28 8 1 2 4 11 38 22 27 20 49 12 40 32 21 13 46 33 6 26 30 3 42 45 0 19 44 25 5 35 7 39 36 29 47 48 23
6 37 48 31 8 14 0 47 4 22 33 20 29 41 5 36 42 44 32 43 11 40 9 25 27 23 30 24 39 12 26 3 18 10 45 35 15 1 38 28 21 13 16 19 17 34 49 7 2 46
12 1
36 46 31 37 29 23 3 24 45 28 14 49 34 27 13 9 33 38 4 18 5 30 16 6 25 21 43 32 0 26 48 42 7 40 41 35 17 1 8 39 20 15 47 11 10 12 22 19 44 2
12 2
40 2 1 14 31 36 39 9 12 7 23 19 8 28 3 15 26 22 48 11 35 49 17 10 37 30 16 41 13 42 25 4 32 34 33 20 5 24 47 6 0 27 29 45 46 43 44 38 18 21
3 29 26 0 27 35 16 10 28 15 7 31 21 33 44 9 6 22 36 20 19 12 17 32 25 24 2 4 8 1 42 11 23 13 43 5 18 39 45 37 40 48 30 34 14 38 46 49 41 47
12 2
3 46 17 0 22 40 44 14 10 30 8 43 42 29 7 15 25 2 47 49 37 32 4 41 27 16 33 24 35 13 9 48 21 26 36 28 34 20 39 38 5 23 12 11 6 45 1 18 31 19
0 15 48 42 16 24 19 46 22 31 34 12 11 39 45 1 4 26 21 6 37 18 8 35 5 38 17 33 47 36 40 9 44 27 10 23 29 20 25 13 30 49 3 43 32 14 7 28 2 41
12 2
27 1 19 37 24 39 43 28 32 15 40 33 44 48 18 9 25 46 14 2 34 26 47 49 4 16 21 0 7 45 31 30 8 11 20 36 35 3 42 5 10 41 38 6 12 29 17 22 13 23
32 19 16 36 23 47 39 8 21 9 5 22 42 30 35 45 41 37 4 25 40 7 43 18 17 1 27 44 12 15 31 13 38 20 6 46 49 24 0 34 33 2 28 11 26 29 14 10 48 3
12 2
36 6 35 8 3 18 11 21 4 42 32 1 0 40 30 37 16 34 28 20 29 45 9 2 13 48 39 47 5 19 49 31 46 26 41 23 12 43 25 33 24 17 22 15 27 7 10 44 38 14
6 37 48 31 8 14 0 47 4 22 33 20 29 41 5 36 42 44 32 43 11 40 9 25 27 23 30 24 39 12 26 3 18 10 45 35 15 1 38 28 21 13 16 19 17 34 49 7 2 46
14 2
13 1 10 25 29 14 47 23 33 35 2 44 49 0 5 31 17 16 36 39 48 22 21 7 28 3 38 27 24 4 40 15 45 8 41 9 18 43 26 19 30 34 46 37 11 32 42 6 20 12
27 1 19 37 24 39 43 28 32 15 40 33 44 48 18 9 25 46 14 2 34 26 47 49 4 16 21 0 7 45 31 30 8 11 20 36 35 3 42 5 10 41 38 6 12 29 17 22 13 23
14 2
42 28 13 20 39 17 31 46 24 44 41 43 37 2 35 32 26 5 25 45 3 21 36 27 8 18 16 23 1 40 48 6 15 47 38 14 22 12 34 4 29 10 0 11 9 19 7 33 30
36 24 49 13 17 14 15 18 44 30 16 12 11 3 5 6 10 4 7 28 29 21 26 34 1 45 22 37 19 20 9 41 47 42 23 38 0 27 35 43 40 31 33 39 8 25 48 32 46 2
16 2
6 37 48 31 8 14 0 47 4 22 33 20 29 41 5 36 42 44 32 43 11 40 9 25 27 23 30 24 39 12 26 3 18 10 45 35 15 1 38 28 21 13 16 19 17 34 49 7 2 46
35 18 48 9 4 46 23 14 16 3 39 30 26 33 7 32 8 29 1 25 40 37 42 6 49 19 12 41 34 17 11 31 15 13 28 0 44 21 43 10 20 27 22 38 36 47 5 45 2 24
21 2
6 2 13 24 11 45 41 37 23 43 14 48 25 1 31 26 16 35 44 47 5 22 33 36 34 40 28 7 15 9 49 10 32 21 3 38 8 27 17 19 12 0 18 29 42 20 30 39 4 46
24 45 12 43 7 36 47 48 21 6 19 16 23 22 0 44 37 40 3 42 33 38 30 2 14 20 39 27 31 28 13 29 32 25 26 1 46 11 8 34 49 15 10 18 41 35 5 9 4 17
21 2
6 2 13 24 11 45 41 37 23 43 14 48 25 1 31 26 16 35 44 47 5 22 33 36 34 40 28 7 15 9 49 10 32 21 3 38 8 27 17 19 12 0 18 29 42 20 30 39 4 46
36 6 35 8 3 18 11 21 4 42 32 1 0 40 30 37 16 34 28 20 29 45 9 2 13 48 39 47 5 19 49 31 46 26 41 23 12 43 25 33 24 17 22 15 27 7 10 44 38 14
24 1
26 9 20 4 1 10 49 43 36 41 15 39 2 48 30 17 24 34 7 23 42 21 16 31 5 13 33 27 40 45 32 25 37 8 44 22 46 19 0 3 6 12 35 11 18 14 47 29 28 38
24 2
33 11 20 34 28 26 21 7 23 46 29 1 45 17 49 18 22 13 15 44 2 6 16 8 36 42 5 31 4 10 37 27 41 0 3 40 24 30 39 38 35 32 25 43 19 12 9 48 47 14
38 16 46 43 3 1 21 47 0 20 45 26 29 6 44 40 37 30 48 49 24 17 11 10 19 25 5 9 35 8 22 12 39 23 28 18 2 13 41 33 4 14 42 34 36 27 31 15 7 32
24 2
7 40 2 26 24 10 25 46 39 6 34 38 18 13 30 29 20 45 31 5 1 16 0 12 9 37 21 11 3 28 22 44 49 47 43 33 48 27 41 19 32 17 36 23 8 4 42 14 35 15
42 28 13 20 39 17 31 46 24 44 41 43 37 2 35 32 26 5 25 45 3 21 36 27 8 18 16 23 1 40 48 6 15 47 38 14 22 12 34 4 29 10 0 11 9 19 7 33 30
24 3
13 16 18 46 29 41 8 7 40 30 39 9 12 38 26 44 42 14 49 3 22 15 27 25 45 33 17 20 32 31 11 4 35 23 10 28 47 5 0 34 6 37 1 24 21 43 19 48 36 2
4 17 23 34 0 42 33 36 26 9 39 21 43 30 22 31 25 1 28 46 35 11 14 2 47 16 8 37 18 29 13 15 40 6 3 20 7 27 44 10 32 49 5 12 38 48 19 24 45 41
31 27 42 34 11 14 18 45 16 38 46 4 48 15 5 13 8 33 6 19 49 30 40 32 43 41 35 1 37 44 21 0 23 17 3 26 47 28 9 39 22 25 2 24 29 7 10 36 12 20
24 3
19 20 2 9 22 45 0 28 16 8 27 37 36 49 24 29 3 32 44 43 12 30 31 38 33 35 40 5 13 11 17 42 21 34 14 23 1 15 25 47 18 39 4 6 26 10 41 46 48 7
36 6 35 8 3 18 11 21 4 42 32 1 0 40 30 37 16 34 28 20 29 45 9 2 13 48 39 47 5 19 49 31 46 26 41 23 12 43 25 33 24 17 22 15 27 7 10 44 38 14
6 37 48 31 8 14 0 47 4 22 33 20 29 41 5 36 42 44 32 43 11 40 9 25 27 23 30 24 39 12 26 3 18 10 45 35 15 1 38 28 21 13 16 19 17 34 49 7 2 46
25 1
9 6 25 46 41 20 30 3 23 17 47 39 10 14 37 33 49 32 43 13 38 12 2 31 35 48 40 28 4 8 5 1 11 18 24 15 26 44 45 22 42 7 19 29 21 27 34 0 16 36
42 2
4 17 23 34 0 42 33 36 26 9 39 21 43 30 22 31 25 1 28 46 35 11 14 2 47 16 8 37 18 29 13 15 40 6 3 20 7 27 44 10 32 49 5 12 38 48 19 24 45 41
21 13 7 12 0 44 38 15 3 11 23 24 8 14 1 2 42 36 39 34 26 4 20 25 9 10 22 19 33 29 5 43 48 45 27 18 40 16 41 35 17 6 37 49 30 28 32 47 46 31
42 2
42 28 13 20 39 17 31 46 24 44 41 43 37 2 35 32 26 5 25 45 3 21 36 27 8 18 16 23 1 40 48 6 15 47 38 14 22 12 34 4 29 10 0 11 9 19 7 33 30
37 25 33 12 5 23 7 41 47 8 2 45 31 17 13 15 29 14 36 11 22 43 30 4 18 27 35 1 46 38 20 3 21 10 42 48 24 39 16 0 28 6 44 32 34 19 40 9 26
48 2
32 8 2 25 22 35 49 5 12 30 46 27 20 16 41 34 0 17 31 44 19 3 48 7 43 29 11 39 40 18 26 4 38 9 23 1 15 42 24 21 14 36 10 33 45 6 28 13 47 37
25 28 17 32 48 14 45 41 46 26 12 33 10 18 5 34 29 2 13 37 42 38 22 36 39 0 9 43 1 16 30 47 3 11 15 40 23 19 21 24 35 7 20 27 49 6 8 31 4 44
60 2
16 18 49 1 40 45 22 48 37 41 33 26 15 0 38 19 8 43 6 39 28 42 3 29 23 30 27 5 44 14 7 10 4 9 12 17 25 13 24 34 21 31 32 2 46 11 47 20 36 35
13 1 10 25 29 14 47 23 33 35 2 44 49 0 5 31 17 16 36 39 48 22 21 7 28 3 38 27 24 4 40 15 45 8 41 9 18 43 26 19 30 34 46 37 11 32 42 6 20 12
60 2
16 18 49 1 40 45 22 48 37 41 33 26 15 0 38 19 8 43 6 39 28 42 3 29 23 30 27 5 44 14 7 10 4 9 12 17 25 13 24 34 21 31 32 2 46 11 47 20 36 35
6 37 48 31 8 14 0 47 4 22 33 20 29 41 5 36 42 44 32 43 11 40 9 25 27 23 30 24 39 12 26 3 18 10 45 35 15 1 38 28 21 13 16 19 17 34 49 7 2 46
