246480 80
48 52 65 104 120 130 156 158 195 208 260 312 316 390 395 474
2
0 1 78 79 2 3 4 5 6 7 8 9 10 11 12 13 14 15 16 17 18 19 20 21 22 23 24 25 26 27 28 29 30 31 32 33 34 35 36 37 38 39 40 41 42 43 44 45 46 47 48 49 50 51 52 53 54 55 56 57 58 59 60 61 62 63 64 65 66 67 68 69 70 71 72 73 74 75 76 77
1 41 37 33 53 58 40 66 9 67 57 7 22 52 39 73 75 10 20 13 46 5 50 35 77 72 23 4 28 78 69 14 60 48 49 26 62 45 6 31 38 0 76 68 42 2 18 59 3 79 12 43 19 27 54 29 47 17 21 56 70 24 64 30 36 25 11 8 51 63 32 16 65 74 15 71 44 61 55 34
32
2 1
53 29 41 19 64 35 74 12 76 17 23 55 7 69 43 58 54 9 78 3 56 48 37 10 67 36 62 71 66 1 51 52 33 32 61 5 25 22 40 68 38 2 44 14 42 60 57 77 21 50 49 30 31 0 16 11 20 46 15 72 45 34 26 79 4 73 28 24 39 13 75 27 59 65 6 70 8 47 18 63
3 1
49 54 12 36 66 0 7 38 65 18 1 37 67 13 64 79 14 78 29 71 58 52 48 56 17 31 23 63 34 9 41 76 75 3 61 59 33 77 6 15 4 50 35 73 20 43 46 57 60 5 30 68 53 21 10 19 26 70 44 42 22 28 27 62 16 69 40 2 72 8 47 55 51 45 32 74 25 11 24 39
4 1
2 63 5 61 3 79 51 8 41 53 67 55 19 58 23 27 36 65 13 75 72 32 15 56 66 35 16 31 48 39 28 22 43 37 26 17 34 49 30 77 9 50 33 71 68 52 78 29 38 42 7 46 10 76 12 24 57 14 64 62 4 60 1 59 18 25 11 45 73 74 44 21 69 70 20 54 40 47 6 0
4 2
19 18 23 67 37 72 46 27 73 50 30 17 41 60 35 57 71 11 1 0 26 44 58 2 55 74 20 7 65 42 10 69 43 78 48 14 61 4 64 56 52 12 29 32 21 53 6 49 34 47 9 77 40 45 79 24 39 15 22 76 13 36 70 75 38 28 68 3 66 31 62 16 5 8 25 63 59 51 33 54
21 15 37 50 23 73 56 49 72 67 22 62 69 32 26 1 79 70 57 44 35 0 10 4 45 52 14 47 42 65 58 41 13 64 77 20 76 2 78 46 74 31 28 60 19 24 39 27 51 7 3 48 25 55 71 53 6 18 30 61 43 59 11 66 33 29 63 9 75 12 17 54 8 5 40 68 36 34 38 16
4 2
70 24 54 75 46 28 18 72 47 22 76 66 48 19 40 78 79 64 6 13 42 50 9 51 1 41 27 26 5 61 77 58 56 65 39 45 63 57 62 34 14 25 20 71 73 35 4 8 12 59 21 23 74 69 2 60 32 37 31 49 55 29 38 36 17 33 11 68 67 53 0 43 7 44 52 3 10 30 15 16
6 8 27 30 72 40 0 46 1 52 20 62 65 71 28 17 50 15 70 43 10 79 74 60 47 57 54 2 14 58 3 61 69 48 63 67 39 41 66 36 5 37 76 19 59 68 7 24 33 73 16 55 9 56 26 51 53 25 29 44 23 31 11 34 78 12 38 35 45 32 18 13 4 49 22 77 42 75 64 21
5 1
74 47 6 11 8 45 39 64 30 52 59 48 38 61 1 44 54 15 65 42 34 49 18 70 3 22 43 75 46 78 21 40 51 25 72 9 79 56 28 67 77 0 60 5 73 62 69 13 57 4 76 35 32 37 68 23 36 24 2 16 50 14 26 55 31 33 63 58 10 12 66 17 29 71 27 41 19 7 20 53
6 2
26 21 59 6 35 73 3 67 28 20 24 30 43 79 50 64 51 36 63 39 9 1 68 37 10 57 0 38 8 62 11 74 61 75 46 4 17 23 27 19 58 44 52 12 41 66 34 77 78 72 14 16 42 76 69 60 71 25 40 2 55 32 29 18 15 70 45 7 22 54 65 56 49 5 31 33 53 47 48 13
4 39 62 50 76 68 79 56 7 48 46 2 22 3 6 25 18 37 40 21 41 75 73 36 65 42 53 45 71 59 29 23 72 1 24 26 31 74 54 33 16 78 15 5 9 69 70 32 44 61 13 58 57 35 66 55 8 64 63 30 60 77 11 51 52 34 38 28 43 27 10 67 47 12 17 19 0 49 20 14
8 1
43 64 26 55 66 21 39 12 61 51 53 34 60 75 11 0 57 4 71 67 10 22 63 37 76 38 69 31 70 44 7 19 40 36 25 50 1 18 32 47 73 54 56 46 17 68 8 41 52 3 79 78 24 77 45 27 15 58 74 16 48 42 35 20 23 6 9 72 65 59 13 33 49 14 2 62 30 5 29 28
8 2
23 44 29 72 60 42 10 63 9 8 6 35 46 79 19 70 41 31 33 14 40 55 69 0 37 62 51 47 68 2 43 17 56 18 49 11 50 24 65 77 20 16 5 30 1 76 12 27 53 34 36 26 75 48 66 21 32 61 59 58 4 57 25 7 73 38 54 74 28 22 15 78 3 64 67 52 45 39 71 13
28 4 46 41 1 26 27 8 7 36 58 78 75 15 43 13 55 19 67 17 35 32 52 74 25 24 5 6 0 69 64 73 21 68 47 20 9 79 54 57 48 3 77 14 66 50 2 34 40 59 45 61 22 71 38 16 72 39 10 49 65 51 70 76 30 60 44 18 33 29 62 53 56 31 23 12 63 42 11 37
8 2
23 42 54 10 59 24 61 74 77 37 3 63 26 34 50 51 18 71 16 67 35 27 75 0 5 33 12 21 56 73 45 52 40 25 13 20 70 9 44 53 32 60 1 68 38 30 76 49 72 47 14 15 31 39 2 62 28 66 69 4 41 6 55 11 65 64 57 19 43 58 36 17 48 29 7 22 46 8 79 78
69 40 26 14 36 29 21 48 72 39 25 42 52 31 3 68 41 28 78 57 67 6 70 37 61 10 2 73 17 5 63 13 45 49 54 44 4 23 66 9 1 16 11 71 35 32 79 50 7 33 47 56 12 58 34 75 51 19 53 62 76 24 59 30 77 74 38 20 15 0 22 43 8 27 65 55 60 64 18 46
10 1
40 11 54 34 62 16 20 25 15 53 72 37 58 1 65 60 42 6 3 50 21 56 4 18 27 61 29 5 46 22 68 24 33 47 73 30 79 48 45 9 69 64 0 71 14 57 76 36 26 31 35 67 17 75 63 7 78 70 19 43 10 74 13 23 2 52 39 12 77 49 28 38 55 41 8 32 59 51 44 66
10 2
11 47 66 43 31 51 65 14 24 52 12 54 58 16 45 32 0 5 49 2 60 8 21 28 74 20 17 69 64 3 63 48 59 18 68 40 77 10 73 55 72 67 41 38 62 30 37 50 76 56 9 53 1 26 13 42 78 4 46 6 34 44 71 7 27 15 70 39 25 23 79 75 36 29 22 61 57 35 33 19
39 71 34 8 14 32 26 31 3 61 72 67 40 42 4 51 55 59 28 68 70 43 38 49 29 79 6 78 18 24 76 7 5 64 2 58 37 36 22 0 12 54 13 21 50 57 77 62 63 23 44 15 75 65 41 16 69 45 35 17 66 9 47 48 33 53 60 11 19 56 20 1 10 74 73 52 30 46 27 25
10 2
32 36 45 53 55 49 21 18 24 11 72 17 54 7 31 66 58 67 25 9 5 65 42 4 46 68 6 16 48 38 33 71 41 12 0 28 73 40 1 56 27 75 35 30 20 52 62 78 22 64 26 3 63 59 43 79 10 2 37 61 14 51 74 57 44 50 47 19 13 15 23 76 77 29 8 34 60 39 69 70
19 74 14 65 18 66 59 55 38 34 27 75 28 79 2 49 56 41 4 0 47 53 30 25 29 23 61 10 12 24 22 57 67 48 9 54 62 77 8 58 72 17 43 42 78 60 73 20 33 15 51 50 76 21 35 7 16 31 39 6 45 26 36 71 69 3 5 32 70 64 68 63 40 46 1 11 52 37 44 13
12 2
21 41 54 43 65 55 24 57 60 52 53 48 79 37 51 72 28 76 27 59 33 0 67 74 6 49 36 18 16 42 62 70 78 20 46 44 26 13 56 66 73 1 29 3 35 64 34 68 11 25 61 14 9 10 2 5 38 7 75 19 8 50 30 69 45 4 39 22 47 63 31 77 15 40 23 58 17 71 32 12
52 7 68 10 58 31 75 62 28 79 49 69 21 47 14 24 39 70 5 55 6 78 22 74 36 77 33 76 57 0 16 18 42 65 51 27 15 11 9 30 13 66 56 64 19 25 34 40 73 3 71 46 29 50 48 44 32 8 72 17 41 43 1 2 61 26 60 23 63 37 59 53 4 54 67 20 35 45 12 38
12 2
8 43 14 71 51 16 21 23 0 53 24 18 66 54 2 72 5 60 11 52 50 6 26 7 10 29 22 41 44 25 45 79 77 40 69 46 57 49 75 63 33 27 76 1 28 30 35 78 58 37 20 4 19 9 13 73 74 36 48 65 17 62 61 39 70 59 12 68 67 34 64 3 15 55 56 38 42 32 47 31
62 72 29 16 5 18 61 70 22 55 32 71 20 66 2 59 17 3 4 7 44 26 33 35 50 25 41 0 10 14 65 48 28 8 69 42 46 1 15 31 6 21 23 30 12 49 52 53 39 75 54 68 36 63 24 79 34 64 73 38 51 40 27 47 76 43 77 11 60 56 19 67 37 78 74 45 57 13 58 9
13 1
39 3 75 0 24 37 8 50 46 4 44 16 6 57 43 23 35 58 11 25 27 49 53 14 21 28 67 71 15 17 31 62 7 19 77 63 36 26 76 38 74 70 34 5 18 1 45 79 48 68 42 29 22 54 30 33 59 64 47 65 2 69 32 60 10 51 40 55 73 56 61 9 12 66 20 13 78 52 72 41
16 2
21 7 73 75 78 48 70 1 37 17 34 19 49 74 53 32 57 9 72 11 69 0 36 58 28 31 33 42 24 56 61 25 15 26 10 51 22 8 41 67 62 38 27 54 66 76 59 60 5 12 77 35 63 14 43 71 29 16 23 46 47 30 40 52 79 68 44 39 65 20 6 55 18 2 13 3 45 50 4 64
26 30 66 11 48 79 25 60 52 61 19 3 77 59 36 76 40 62 78 10 42 32 27 65 35 6 0 22 67 34 1 50 21 69 29 24 14 46 56 72 16 58 20 75 57 53 37 73 4 74 31 55 8 45 68 51 38 44 41 13 7 9 17 70 71 23 2 28 54 33 63 64 39 47 49 43 15 12 18 5
20 1
61 66 22 31 38 4 56 54 34 40 39 74 28 3 52 14 6 20 59 67 63 57 44 8 37 23 36 51 24 48 78 0 19 50 77 30 1 49 79 25 76 13 26 12 41 5 70 64 60 68 29 43 35 75 46 21 53 10 9 15 73 71 45 11 18 27 16 62 47 7 32 55 58 69 72 17 42 2 65 33
20 2
50 44 77 54 6 22 4 35 47 59 12 72 10 40 17 62 58 14 38 26 41 46 5 37 34 69 19 65 63 67 45 66 79 52 24 7 78 23 18 51 13 20 61 55 1 30 21 8 73 64 0 39 33 74 3 43 76 71 16 9 70 42 15 28 49 27 31 29 75 25 60 57 11 48 53 68 56 2 36 32
9 31 58 5 54 3 40 52 49 0 61 16 23 76 50 18 11 28 15 74 59 44 25 12 29 22 68 42 17 24 57 1 69 66 78 37 64 35 60 46 6 62 27 75 21 63 39 48 47 8 14 65 7 67 4 73 77 30 2 20 38 10 41 45 36 51 33 53 26 32 71 70 79 55 19 43 13 56 34 72
20 2
20 15 22 14 18 24 37 73 44 58 45 30 57 33 3 1 62 31 4 51 0 32 2 56 5 68 55 69 40 76 11 17 21 13 52 38 46 6 35 60 28 71 72 66 8 10 36 70 63 54 65 19 34 74 49 26 23 12 9 64 39 79 16 48 59 50 43 77 25 27 47 41 42 7 53 78 29 67 75 61
27 13 19 9 51 56 10 70 79 3 6 54 76 1 43 23 40 25 55 2 59 38 63 15 78 17 75 0 42 64 34 37 39 48 30 62 67 31 21 32 16 57 28 14 47 73 68 44 33 60 72 4 65 66 11 18 5 41 69 20 49 77 35 22 29 52 53 36 46 58 7 74 50 45 71 26 12 61 24 8
24 2
59 13 14 9 60 62 24 71 75 79 48 10 12 63 58 69 49 21 26 20 38 44 18 27 25 6 22 78 57 56 42 0 32 74 33 41 70 77 19 4 5 43 64 35 17 7 61 36 11 65 55 37 8 29 67 68 53 73 2 31 39 76 40 1 30 16 15 72 50 66 47 45 54 28 34 52 46 51 23 3
15 35 54 46 47 42 73 31 45 66 22 70 21 53 27 0 61 68 78 43 30 12 10 36 56 64 72 14 40 38 20 7 50 60 67 1 23 75 29 58 28 62 5 19 55 8 3 4 74 77 32 79 69 13 2 44 24 63 39 76 33 16 41 57 25 71 9 34 17 52 11 65 26 6 48 37 59 49 18 51
24 2
3 44 29 13 79 76 69 17 58 11 66 62 43 54 72 50 39 1 26 16 68 51 15 42 48 65 6 40 20 14 78 35 10 73 28 38 9 19 52 37 12 47 33 27 7 41 60 77 5 32 74 57 31 21 0 8 75 53 71 4 63 59 36 67 30 56 49 46 34 18 64 55 2 23 22 25 24 45 70 61
28 4 46 41 1 26 27 8 7 36 58 78 75 15 43 13 55 19 67 17 35 32 52 74 25 24 5 6 0 69 64 73 21 68 47 20 9 79 54 57 48 3 77 14 66 50 2 34 40 59 45 61 22 71 38 16 72 39 10 49 65 51 70 76 30 60 44 18 33 29 62 53 56 31 23 12 63 42 11 37
26 2
19 21 48 58 45 31 26 17 62 35 12 55 10 77 34 40 43 7 53 0 59 1 65 33 75 78 6 41 30 63 28 5 56 23 14 9 73 60 70 67 15 27 71 16 74 4 61 76 2 52 54 79 49 18 50 11 32 72 3 20 37 46 8 29 68 22 69 39 64 66 38 42 57 36 44 24 47 13 25 51
13 29 26 35 55 59 48 14 67 58 42 45 69 63 25 68 0 4 15 43 31 56 74 50 60 70 46 64 11 77 27 38 1 52 17 57 51 75 78 62 53 28 72 61 65 7 16 47 8 23 44 3 66 20 33 30 37 71 79 18 32 6 2 21 40 36 10 24 41 49 5 12 9 22 54 39 76 19 34 73
39 1
8 64 37 12 41 14 55 43 46 1 34 79 72 19 45 77 6 67 2 21 36 51 70 5 66 73 27 53 78 71 38 0 26 29 17 58 31 60 35 49 11 33 68 20 74 32 56 47 48 9 3 30 10 28 13 22 18 65 15 75 57 7 54 50 59 44 62 42 69 63 24 25 16 40 76 52 4 39 61 23
40 2
17 36 71 31 75 57 20 28 44 45 12 65 10 61 29 21 69 0 77 27 6 15 50 67 39 46 34 19 7 14 64 3 38 47 26 54 1 62 32 24 70 43 66 41 8 9 25 33 74 56 22 60 63 76 35 78 49 5 59 58 51 13 37 52 30 11 42 23 79 16 40 2 73 72 48 4 53 18 55 68
69 40 26 14 36 29 21 48 72 39 25 42 52 31 3 68 41 28 78 57 67 6 70 37 61 10 2 73 17 5 63 13 45 49 54 44 4 23 66 9 1 16 11 71 35 32 79 50 7 33 47 56 12 58 34 75 51 19 53 62 76 24 59 30 77 74 38 20 15 0 22 43 8 27 65 55 60 64 18 46
40 2
23 44 29 72 60 42 10 63 9 8 6 35 46 79 19 70 41 31 33 14 40 55 69 0 37 62 51 47 68 2 43 17 56 18 49 11 50 24 65 77 20 16 5 30 1 76 12 27 53 34 36 26 75 48 66 21 32 61 59 58 4 57 25 7 73 38 54 74 28 22 15 78 3 64 67 52 45 39 71 13
35 48 61 22 34 11 9 45 53 6 12 5 10 21 28 44 31 26 40 20 19 13 3 51 29 42 17 50 14 24 75 16 60 56 4 0 46 47 76 68 18 58 25 65 15 7 36 37 1 79 27 23 67 8 59 69 33 66 41 54 32 2 70 64 63 43 57 52 39 55 62 73 78 71 77 30 38 74 72 49
40 1
31 27 15 25 30 70 22 51 1 35 68 23 0 7 36 66 28 33 43 11 79 63 41 77 37 60 78 4 20 62 53 61 26 2 49 12 67 6 19 13 16 44 50 48 40 65 64 34 55 29 3 24 72 71 18 10 8 14 42 45 39 52 69 46 9 56 32 75 5 74 38 54 58 76 21 59 17 73 57 47
60 2
66 34 55 48 28 43 42 4 61 12 30 40 64 11 36 60 70 10 39 18 58 57 72 52 45 16 8 49 7 0 17 31 32 53 75 59 78 2 71 19 13 73 79 74 24 44 33 38 65 63 23 54 50 46 77 37 35 62 67 56 76 26 21 27 9 3 29 20 22 41 25 47 68 69 5 1 15 51 14 6
32 78 44 46 37 63 57 39 45 40 68 10 77 4 31 29 67 20 16 12 43 3 79 28 33 22 42 70 65 71 53 47 73 64 66 7 69 13 34 35 49 1 59 17 58 50 21 14 72 9 8 48 27 56 74 6 30 55 2 26 36 54 5 62 24 23 38 18 11 60 52 15 51 0 61 75 76 19 41 25
60 2
27 31 45 42 14 8 10 18 71 72 24 3 29 55 34 64 65 40 48 50 44 16 13 19 6 67 12 49 2 26 61 53 62 20 4 78 60 37 77 41 63 79 11 43 33 28 66 36 7 0 23 68 35 1 51 22 70 30 25 15 47 57 73 17 59 21 76 58 54 38 74 5 75 32 56 9 46 69 52 39
62 51 56 70 46 0 22 65 64 6 52 11 76 60 39 30 40 42 2 69 12 17 9 75 27 10 41 66 16 32 79 4 68 77 50 14 58 7 78 35 28 55 21 63 36 45 31 34 3 19 47 72 25 8 38 26 18 23 44 33 71 73 5 74 53 37 24 61 29 49 48 13 1 67 43 57 20 59 54 15
78 2
68 43 63 35 57 7 6 59 47 58 40 16 72 46 2 12 21 31 65 39 17 71 53 64 52 27 26 54 76 48 18 32 69 49 4 61 74 66 20 11 51 78 1 55 73 14 9 30 34 75 41 25 23 28 44 67 5 10 8 70 36 77 3 24 19 38 56 0 33 60 22 13 45 37 50 29 62 42 79 15
39 71 34 8 14 32 26 31 3 61 72 67 40 42 4 51 55 59 28 68 70 43 38 49 29 79 6 78 18 24 76 7 5 64 2 58 37 36 22 0 12 54 13 21 50 57 77 62 63 23 44 15 75 65 41 16 69 45 35 17 66 9 47 48 33 53 60 11 19 56 20 1 10 74 73 52 30 46 27 25
79 1
21 9 50 71 16 59 32 67 25 78 56 19 38 8 73 44 10 18 24 36 26 60 77 1 2 33 27 55 40 54 68 53 3 75 28 0 31 48 4 72 6 12 20 64 35 22 70 11 52 30 5 41 76 49 14 37 58 46 79 51 43 61 23 39 66 45 34 17 15 13 74 63 42 69 7 47 65 57 29 62
237 2
23 65 18 67 2 1 29 63 32 52 26 13 6 38 14 17 43 48 31 49 64 53 16 44 72 35 24 39 57 40 45 71 74 50 4 75 62 36 56 25 59 0 8 21 70 34 30 66 28 78 68 41 27 7 19 42 73 9 11 33 37 76 5 12 51 55 77 79 15 46 69 3 61 47 20 10 60 22 58 54
52 7 68 10 58 31 75 62 28 79 49 69 21 47 14 24 39 70 5 55 6 78 22 74 36 77 33 76 57 0 16 18 42 65 51 27 15 11 9 30 13 66 56 64 19 25 34 40 73 3 71 46 29 50 48 44 32 8 72 17 41 43 1 2 61 26 60 23 63 37 59 53 4 54 67 20 35 45 12 38
