178920 72
21 28 40 42 45 56 63 84 90 105 120 126 140 142 168 180 210 213 252 280 284 315 420
2
0 1 70 71 2 3 4 5 6 7 8 9 10 11 12 13 14 15 16 17 18 19 20 21 22 23 24 25 26 27 28 29 30 31 32 33 34 35 36 37 38 39 40 41 42 43 44 45 46 47 48 49 50 51 52 53 54 55 56 57 58 59 60 61 62 63 64 65 66 67 68 69
1 37 31 19 45 41 34 56 11 53 24 57 16 7 9 39 48 63 67 54 55 65 15 28 42 23 58 4 25 70 5 43 50 69 36 59 6 0 40 22 68 30 10 2 33 27 51 29 12 46 64 49 35 14 3 71 13 8 62 52 21 18 26 66 32 60 17 61 38 44 47 20
35
2 1
20 24 39 31 26 42 68 11 52 67 70 7 71 41 63 49 23 55 40 50 0 28 57 16 1 64 4 59 21 65 51 3 43 37 44 47 62 33 46 2 18 13 5 32 34 58 38 35 66 15 19 30 8 54 53 17 69 22 45 27 61 60 36 14 25 29 48 9 6 56 10 12
3 1
47 25 17 14 21 12 62 34 11 31 35 69 13 5 43 28 1 33 66 24 49 70 18 7 26 16 19 71 53 56 46 65 54 2 23 48 6 39 0 44 29 67 59 3 37 41 61 38 10 60 51 58 55 15 68 64 40 27 50 63 20 30 36 42 52 9 22 45 32 8 4 57
4 1
9 2 23 46 68 53 42 17 25 71 45 61 40 38 66 1 5 30 3 8 51 6 0 15 43 41 20 36 10 56 64 39 28 13 35 58 59 55 65 57 47 19 48 4 37 32 52 54 21 14 31 70 18 69 12 63 11 50 67 60 27 29 49 44 7 33 62 34 24 16 26 22
4 2
62 16 17 56 39 22 61 26 30 14 44 49 25 42 9 31 1 2 60 50 46 23 5 21 33 12 7 35 59 67 8 15 58 24 68 27 65 40 41 4 37 38 13 51 10 54 20 63 70 11 19 43 71 66 45 57 3 55 32 28 18 6 0 47 69 36 53 29 34 64 48 52
31 57 33 26 8 43 60 56 4 44 14 32 28 45 10 62 55 24 61 36 68 41 51 38 17 59 3 70 12 63 39 0 11 2 46 48 19 66 23 30 53 21 54 5 9 13 34 67 35 58 65 22 69 40 42 16 7 1 49 25 6 18 15 29 71 50 37 47 20 52 27 64
4 2
27 31 36 55 16 13 63 17 19 46 38 33 49 5 18 59 4 7 14 8 48 70 56 30 62 47 57 0 35 64 23 1 71 11 66 28 2 58 10 50 44 51 54 69 40 53 9 25 20 12 39 41 65 45 42 3 22 26 37 15 61 60 24 6 29 52 34 68 67 43 21 32
43 16 5 35 31 2 59 11 47 30 18 7 51 36 38 63 1 33 10 25 65 45 62 46 56 19 42 69 55 50 9 4 60 17 40 3 13 67 14 64 34 49 26 0 66 21 23 8 52 41 29 12 48 70 57 28 24 54 68 6 32 71 22 15 39 20 44 37 58 27 53 61
5 1
28 59 7 71 40 8 38 69 53 29 58 34 18 49 9 47 16 10 2 42 5 22 13 17 44 1 63 14 11 60 68 32 67 66 64 41 30 37 52 26 31 54 25 36 39 48 51 62 33 56 61 35 50 57 46 23 21 20 55 19 27 6 3 24 0 43 70 4 65 12 45 15
6 1
15 6 0 17 16 28 42 37 43 25 30 56 22 10 60 18 34 23 64 13 45 29 67 7 20 53 47 12 41 19 21 52 33 58 39 70 2 50 9 44 38 71 14 24 62 46 8 27 68 57 3 31 11 69 35 61 66 48 54 49 63 5 4 1 36 59 51 26 65 40 32 55
6 2
40 37 50 65 12 27 22 26 67 18 69 61 4 54 15 14 66 53 9 31 45 39 6 64 60 29 7 5 35 25 36 19 57 43 44 28 30 1 56 21 0 47 49 33 34 20 58 41 52 42 2 70 48 17 13 71 38 32 46 68 24 11 63 62 23 3 16 8 59 10 51 55
37 61 10 34 42 53 60 33 69 43 2 40 15 16 49 12 13 58 26 55 29 65 38 45 56 64 18 46 41 20 32 48 30 7 3 63 51 0 22 44 11 28 4 9 39 23 27 62 31 14 67 36 71 5 59 19 24 70 17 54 6 1 47 35 25 21 68 50 66 8 57 52
6 2
19 44 39 22 68 34 42 20 12 17 50 69 8 53 38 32 27 9 63 0 7 57 3 26 61 49 23 16 30 58 28 48 15 35 5 33 47 40 14 2 37 60 6 56 1 70 54 36 31 25 10 55 64 13 46 51 43 21 29 65 41 24 67 18 52 59 71 62 4 11 45 66
1 0 17 16 15 14 13 12 11 10 9 8 7 6 5 4 3 2 71 70 69 68 67 66 65 64 63 62 61 60 59 58 57 56 55 54 53 52 51 50 49 48 47 46 45 44 43 42 41 40 39 38 37 36 35 34 33 32 31 30 29 28 27 26 25 24 23 22 21 20 19 18
7 1
56 39 61 68 42 50 30 6 22 9 33 2 60 57 4 46 12 11 14 13 49 21 38 35 23 62 16 3 19 65 45 53 27 34 59 71 55 41 5 28 18 66 47 17 1 64 32 69 51 52 25 10 37 58 15 70 43 44 26 63 31 0 8 48 29 7 67 20 54 40 24 36
8 2
58 14 40 61 24 62 15 22 49 26 67 69 43 34 1 6 52 33 45 42 56 28 7 64 4 47 9 54 21 60 53 35 70 17 13 31 71 41 59 55 2 37 19 12 51 18 63 25 68 8 65 44 16 30 27 39 20 66 0 38 29 3 5 46 23 50 57 10 48 11 32 36
15 42 23 27 56 69 47 11 28 40 51 7 22 20 65 0 25 48 33 63 13 66 12 2 39 16 59 3 8 49 54 68 41 18 55 45 61 44 64 24 9 32 1 62 37 35 50 6 17 29 46 10 58 71 30 34 4 60 52 26 57 36 43 19 38 14 21 70 31 5 67 53
9 1
65 11 20 4 7 15 13 17 50 16 32 0 36 5 37 18 33 9 19 38 57 67 43 58 39 71 40 1 44 60 26 59 63 61 69 2 56 48 31 25 34 23 14 41 55 30 29 22 64 70 24 49 66 68 3 8 10 27 52 6 12 54 47 46 21 35 62 53 42 51 45 28
10 2
61 67 69 41 28 19 51 52 58 22 16 26 24 35 15 14 10 55 37 5 63 40 9 45 12 27 11 25 4 64 54 33 47 31 46 13 49 18 65 53 21 3 48 44 43 23 34 32 42 36 70 6 7 39 30 17 59 62 8 56 68 0 57 20 29 38 71 1 60 2 50 66
15 42 23 27 56 69 47 11 28 40 51 7 22 20 65 0 25 48 33 63 13 66 12 2 39 16 59 3 8 49 54 68 41 18 55 45 61 44 64 24 9 32 1 62 37 35 50 6 17 29 46 10 58 71 30 34 4 60 52 26 57 36 43 19 38 14 21 70 31 5 67 53
12 1
53 41 57 48 42 61 60 30 18 32 69 9 24 44 65 27 51 16 5 56 3 31 40 22 66 39 45 47 49 55 28 2 54 63 21 38 19 8 43 67 29 50 70 15 25 62 6 64 34 33 52 46 37 20 10 7 1 59 23 68 11 36 12 58 13 26 71 35 0 17 14 4
12 2
44 69 61 56 50 35 10 19 38 71 6 68 46 54 20 66 49 22 43 7 14 26 17 29 36 70 21 64 47 23 59 67 45 37 42 5 24 33 8 63 57 52 34 18 0 32 12 28 51 16 4 48 41 55 13 53 3 40 60 30 58 2 65 39 27 62 15 31 11 1 25 9
40 63 45 24 70 30 57 20 34 44 15 55 32 22 47 29 12 25 60 38 42 36 62 0 64 37 68 26 19 10 31 5 16 50 52 51 53 17 28 2 23 14 7 35 66 39 1 41 67 61 65 43 8 21 4 56 11 71 48 18 59 69 13 46 3 33 9 58 27 49 54 6
12 2
7 70 46 2 35 30 50 52 19 12 29 68 16 67 10 61 9 48 65 58 25 27 47 42 5 31 60 32 22 14 24 20 21 44 66 51 40 15 23 69 43 59 38 36 64 1 3 28 71 6 49 4 0 13 41 39 18 34 8 54 62 37 26 11 33 56 57 53 63 55 45 17
14 16 11 32 67 53 12 66 59 61 42 2 6 56 0 50 1 44 24 28 58 39 41 34 18 47 33 68 19 57 51 54 3 26 23 65 60 45 52 21 64 22 10 71 17 37 69 25 62 70 15 30 38 5 31 63 13 29 20 8 36 9 48 55 40 35 7 4 27 46 49 43
12 2
55 25 19 57 60 40 20 23 61 48 36 63 15 62 54 12 38 69 67 2 6 45 34 7 53 1 66 56 51 52 31 30 71 37 22 59 10 33 16 41 5 39 64 47 70 21 58 43 9 50 49 28 29 24 14 0 27 3 46 35 4 8 13 11 42 68 26 18 65 17 44 32
1 0 39 38 37 36 35 34 33 32 31 30 29 28 27 26 25 24 23 22 21 20 19 18 17 16 15 14 13 12 11 10 9 8 7 6 5 4 3 2 71 70 69 68 67 66 65 64 63 62 61 60 59 58 57 56 55 54 53 52 51 50 49 48 47 46 45 44 43 42 41 40
12 2
60 59 41 4 3 10 70 61 47 64 5 69 20 62 51 19 23 31 32 15 12 53 56 16 48 71 33 63 66 37 34 17 18 26 30 68 57 29 50 44 55 2 58 49 39 46 45 8 24 43 38 14 54 21 52 40 22 36 42 1 0 7 13 27 9 67 28 65 35 11 6 25
56 29 19 45 14 35 28 52 33 57 50 71 40 66 4 18 48 44 15 2 24 60 43 31 20 64 49 51 6 1 46 23 38 8 58 5 59 69 32 55 12 68 63 22 17 3 30 53 16 26 10 27 7 47 62 39 0 9 34 36 21 65 54 42 25 61 13 70 41 37 67 11
14 2
61 67 69 41 28 19 51 52 58 22 16 26 24 35 15 14 10 55 37 5 63 40 9 45 12 27 11 25 4 64 54 33 47 31 46 13 49 18 65 53 21 3 48 44 43 23 34 32 42 36 70 6 7 39 30 17 59 62 8 56 68 0 57 20 29 38 71 1 60 2 50 66
40 22 3 2 58 68 46 52 35 14 55 45 71 21 9 33 56 51 62 34 26 13 1 37 65 39 20 54 43 47 69 66 63 15 19 8 42 23 67 25 0 49 36 28 70 11 6 29 53 41 61 17 7 48 27 10 16 64 4 60 59 50 18 32 57 24 31 38 5 30 44 12
18 1
55 67 53 10 36 54 45 17 70 19 30 65 41 9 58 38 23 13 46 32 44 4 5 56 62 71 18 28 31 0 49 15 40 27 2 26 50 25 12 37 3 1 21 24 34 51 60 66 47 48 8 20 6 39 29 14 64 43 11 57 22 33 52 35 7 68 16 42 69 63 61 59
18 2
37 61 10 34 42 53 60 33 69 43 2 40 15 16 49 12 13 58 26 55 29 65 38 45 56 64 18 46 41 20 32 48 30 7 3 63 51 0 22 44 11 28 4 9 39 23 27 62 31 14 67 36 71 5 59 19 24 70 17 54 6 1 47 35 25 21 68 50 66 8 57 52
54 10 11 18 45 22 63 65 39 30 1 2 48 29 41 38 52 24 3 60 70 43 5 50 17 56 49 31 66 13 9 27 67 37 55 51 68 33 15 8 47 14 59 21 64 4 61 40 12 26 23 35 16 62 0 34 25 69 71 42 19 46 53 6 44 7 28 32 36 57 20 58
18 2
61 67 69 41 28 19 51 52 58 22 16 26 24 35 15 14 10 55 37 5 63 40 9 45 12 27 11 25 4 64 54 33 47 31 46 13 49 18 65 53 21 3 48 44 43 23 34 32 42 36 70 6 7 39 30 17 59 62 8 56 68 0 57 20 29 38 71 1 60 2 50 66
59 5 33 65 34 1 38 54 20 53 57 55 63 66 50 42 25 19 28 17 8 35 49 24 23 16 58 64 18 43 60 62 67 2 4 21 46 70 6 48 41 40 15 29 56 47 36 45 39 22 14 68 71 9 7 11 44 10 26 0 30 69 31 12 27 3 13 32 51 61 37 52
24 2
23 8 21 6 26 4 67 1 66 28 33 36 2 31 45 56 70 29 65 68 3 35 0 34 27 5 25 10 18 59 14 41 11 24 22 12 40 52 54 37 32 71 55 51 15 58 62 48 63 57 44 38 53 39 43 16 50 46 30 69 64 47 49 61 19 9 7 20 60 17 42 13
11 60 39 66 16 68 26 56 25 36 58 0 48 61 40 64 4 30 33 70 50 51 28 59 34 8 6 29 22 27 17 57 69 18 24 62 9 47 53 2 14 54 44 49 42 65 63 37 12 43 20 21 71 38 41 67 7 31 10 23 1 13 35 46 15 45 3 55 5 32 19 52
24 2
69 26 17 47 67 50 66 56 23 70 43 57 62 33 38 52 25 2 39 29 45 28 48 8 63 16 1 46 21 19 34 60 71 13 30 64 42 55 14 18 58 44 36 10 41 20 27 3 22 68 5 54 15 59 51 37 7 11 40 53 31 65 12 24 35 61 6 4 49 0 9 32
61 7 39 54 35 67 36 1 40 56 22 55 59 57 65 68 52 44 27 21 30 19 10 37 51 26 25 18 60 66 20 45 62 64 69 4 6 23 48 2 8 50 43 42 17 31 58 49 38 47 41 24 16 70 3 11 9 13 46 12 28 0 32 71 33 14 29 5 15 34 53 63
24 2
4 25 5 62 0 2 50 39 70 40 12 30 10 53 66 33 46 19 69 17 59 29 60 49 27 1 37 24 45 21 11 55 52 15 35 34 57 26 51 7 9 56 63 58 68 28 16 67 61 23 6 38 32 13 71 31 41 36 43 20 22 48 3 42 65 64 14 47 44 18 8 54
3 69 13 11 54 62 67 51 25 12 41 26 23 16 22 52 30 44 70 38 53 43 1 65 36 7 0 29 19 34 2 28 42 20 50 56 49 46 31 60 47 21 5 10 18 61 59 35 55 58 27 8 4 63 15 39 40 6 24 71 48 66 32 33 57 9 68 64 45 14 17 37
35 1
21 28 64 20 44 36 61 2 17 65 42 41 45 35 43 53 11 52 26 63 68 48 46 9 16 69 30 12 31 18 37 19 50 33 40 3 71 51 56 23 67 38 66 6 14 4 8 7 54 32 47 58 13 5 29 55 39 60 62 34 0 25 70 27 22 49 24 1 15 57 59 10
36 1
68 30 54 42 41 52 58 4 55 5 22 14 6 23 43 24 40 46 57 56 44 38 39 67 29 33 9 35 70 61 0 36 66 17 7 16 45 47 50 2 20 64 13 27 25 10 49 18 3 71 15 34 8 26 48 51 53 12 21 11 32 62 1 37 28 63 19 65 69 31 59 60
36 2
45 40 28 53 37 70 59 39 46 26 15 48 32 57 17 10 44 14 25 49 63 50 65 24 23 18 9 52 2 47 51 43 12 58 55 64 66 4 56 7 1 69 54 31 16 0 8 29 11 19 21 30 27 3 42 34 38 13 33 6 67 62 61 20 35 22 36 60 71 41 5 68
36 25 35 31 18 66 14 52 23 54 67 13 60 11 6 69 63 22 4 37 40 41 17 8 42 1 59 28 27 70 58 3 61 34 33 2 0 19 53 44 20 21 24 57 39 68 62 55 50 71 48 64 7 38 9 47 65 43 30 26 12 32 46 16 51 56 5 10 45 15 29 49
36 2
51 7 19 60 62 36 27 1 69 45 26 38 35 49 21 70 57 67 40 2 47 14 53 46 28 63 10 6 24 64 34 52 48 65 30 12 5 44 11 56 18 61 71 58 37 9 23 20 32 13 59 0 31 22 66 68 39 16 43 50 3 41 4 25 29 33 54 17 55 8 15 42
58 14 40 61 24 62 15 22 49 26 67 69 43 34 1 6 52 33 45 42 56 28 7 64 4 47 9 54 21 60 53 35 70 17 13 31 71 41 59 55 2 37 19 12 51 18 63 25 68 8 65 44 16 30 27 39 20 66 0 38 29 3 5 46 23 50 57 10 48 11 32 36
60 2
25 64 40 36 9 0 60 39 42 63 55 21 56 57 59 12 23 16 71 27 22 69 28 17 14 5 2 61 20 67 62 18 3 66 7 30 32 33 68 34 26 47 50 29 1 10 53 49 58 41 8 38 46 52 13 45 15 54 70 24 65 19 35 4 44 6 37 43 51 11 48 31
20 24 39 31 26 42 68 11 52 67 70 7 71 41 63 49 23 55 40 50 0 28 57 16 1 64 4 59 21 65 51 3 43 37 44 47 62 33 46 2 18 13 5 32 34 58 38 35 66 15 19 30 8 54 53 17 69 22 45 27 61 60 36 14 25 29 48 9 6 56 10 12
60 2
16 38 2 25 53 3 12 5 8 48 65 69 23 36 13 70 43 33 27 21 11 54 41 18 31 55 59 6 46 49 42 51 71 29 52 32 28 64 50 58 20 35 0 30 67 39 14 63 45 56 37 47 44 62 10 7 17 68 9 61 40 15 57 24 1 19 34 66 4 60 26 22
20 24 39 31 26 42 68 11 52 67 70 7 71 41 63 49 23 55 40 50 0 28 57 16 1 64 4 59 21 65 51 3 43 37 44 47 62 33 46 2 18 13 5 32 34 58 38 35 66 15 19 30 8 54 53 17 69 22 45 27 61 60 36 14 25 29 48 9 6 56 10 12
70 2
55 25 19 57 60 40 20 23 61 48 36 63 15 62 54 12 38 69 67 2 6 45 34 7 53 1 66 56 51 52 31 30 71 37 22 59 10 33 16 41 5 39 64 47 70 21 58 43 9 50 49 28 29 24 14 0 27 3 46 35 4 8 13 11 42 68 26 18 65 17 44 32
61 7 39 54 35 67 36 1 40 56 22 55 59 57 65 68 52 44 27 21 30 19 10 37 51 26 25 18 60 66 20 45 62 64 69 4 6 23 48 2 8 50 43 42 17 31 58 49 38 47 41 24 16 70 3 11 9 13 46 12 28 0 32 71 33 14 29 5 15 34 53 63
71 1
49 26 44 65 19 59 32 69 55 45 4 34 57 67 42 60 7 64 29 51 47 53 27 1 25 52 21 63 70 9 58 14 3 39 37 38 36 2 61 17 66 5 12 54 23 50 0 48 22 28 24 46 11 68 15 33 8 18 41 71 30 20 6 43 16 56 10 31 62 40 35 13
355 2
22 14 34 18 2 50 51 21 46 43 48 39 31 47 4 41 17 45 26 8 25 20 54 23 64 44 9 24 69 6 38 36 29 33 1 49 35 66 53 40 71 57 0 3 7 70 68 30 37 12 27 62 42 13 52 16 11 28 10 61 19 65 32 59 5 67 58 63 60 15 55 56
59 52 17 12 32 34 71 64 11 50 68 49 62 43 61 30 47 40 7 9 29 24 57 13 42 14 4 66 6 2 3 26 48 33 22 67 5 51 25 41 20 18 46 1 55 10 53 58 31 56 0 65 23 21 70 16 60 36 44 19 8 63 15 38 39 35 45 37 27 69 28 54
497 2
22 51 8 11 24 35 1 2 67 27 68 61 10 37 69 41 56 25 16 40 26 3 53 55 59 7 21 52 66 14 18 20 70 47 33 57 48 17 32 4 36 63 12 5 46 6 71 0 38 49 62 65 54 44 45 30 39 13 9 42 50 15 58 23 31 64 60 34 43 28 29 19
19 39 34 13 30 43 32 64 26 15 28 45 24 54 6 51 46 1 61 69 62 27 55 33 38 2 5 71 65 37 22 10 35 44 11 9 60 17 58 40 42 8 29 50 16 18 70 41 68 49 47 14 23 48 36 21 63 57 53 56 20 25 3 31 66 59 67 0 12 7 52 4
