74412 54
36 39 78 117 156 159 212 234
2
0 1 52 53 2 3 4 5 6 7 8 9 10 11 12 13 14 15 16 17 18 19 20 21 22 23 24 25 26 27 28 29 30 31 32 33 34 35 36 37 38 39 40 41 42 43 44 45 46 47 48 49 50 51
1 28 27 11 33 46 18 5 9 41 51 44 45 19 24 47 25 16 34 26 14 4 38 52 20 17 13 29 0 2 37 40 42 21 6 23 32 43 50 31 39 8 36 30 3 53 7 48 15 10 22 49 35 12
14
2 1
40 31 18 26 22 5 27 46 52 23 48 19 25 44 14 49 45 53 2 11 24 38 4 9 20 12 3 6 39 34 36 1 43 50 29 41 30 42 21 28 0 35 37 32 13 16 7 51 10 15 33 47 8 17
3 1
34 46 28 0 32 49 8 22 11 14 17 6 20 31 48 1 52 45 36 7 26 47 19 29 13 18 12 42 50 37 27 24 39 5 3 40 25 23 41 4 53 43 30 38 16 10 15 51 9 33 2 21 44 35
4 2
23 16 49 30 32 51 26 35 21 36 25 41 12 33 29 53 1 52 31 48 43 8 39 0 38 10 6 27 50 14 3 18 4 13 40 7 9 42 24 22 34 11 37 20 45 44 47 46 19 2 28 5 17 15
48 4 49 50 1 45 17 47 53 43 34 11 27 14 13 21 32 6 42 23 36 15 24 19 22 40 52 12 30 33 28 37 16 29 10 46 20 31 39 38 25 41 18 9 51 5 35 7 0 2 3 44 26 8
6 2
35 21 28 37 39 50 51 32 38 23 16 20 41 25 22 44 10 52 48 53 11 1 14 9 49 13 26 29 2 27 30 43 7 47 42 0 45 3 8 4 46 12 34 31 15 36 40 33 18 24 5 6 17 19
22 37 6 21 0 15 27 52 11 24 17 46 13 42 35 48 7 32 44 1 38 53 4 43 31 41 36 2 29 51 33 9 10 47 25 39 45 19 40 14 20 34 12 49 50 26 8 30 5 23 18 28 16 3
9 1
10 52 35 21 17 11 53 18 28 42 26 2 49 5 13 8 36 20 34 44 9 51 45 41 27 15 37 40 7 19 4 30 12 39 1 24 29 16 48 31 14 46 33 38 0 23 50 32 6 43 3 22 25 47
12 2
22 37 6 21 0 15 27 52 11 24 17 46 13 42 35 48 7 32 44 1 38 53 4 43 31 41 36 2 29 51 33 9 10 47 25 39 45 19 40 14 20 34 12 49 50 26 8 30 5 23 18 28 16 3
48 25 37 30 52 7 34 5 20 40 42 31 33 53 16 39 14 21 43 36 8 17 35 23 29 1 41 45 46 24 3 11 47 12 6 22 19 2 51 15 9 26 10 18 49 27 28 32 0 44 50 38 4 13
13 1
41 15 45 32 0 6 19 9 39 31 12 49 48 14 20 27 30 28 26 29 36 42 8 7 44 25 17 47 37 50 1 24 11 21 43 51 18 33 34 16 10 3 52 2 4 53 46 40 22 23 38 5 13 35
18 2
17 46 33 27 43 40 23 20 36 30 47 31 39 18 48 49 53 0 13 19 7 25 34 6 51 21 28 3 26 41 9 11 52 2 22 37 8 35 42 12 5 29 38 4 44 50 1 10 14 15 45 24 32 16
12 33 5 37 50 2 7 6 42 17 52 44 0 26 29 22 31 9 20 32 18 51 15 30 46 27 13 25 36 14 23 16 19 1 53 45 28 3 39 38 43 47 8 40 11 35 24 41 48 49 4 21 10 34
26 1
11 27 52 16 43 53 30 48 4 7 21 13 9 2 33 15 19 23 5 36 29 25 17 31 34 42 8 37 47 22 38 3 41 12 0 10 40 20 44 32 51 24 45 14 39 6 46 18 50 28 1 26 49 35
26 2
35 21 28 37 39 50 51 32 38 23 16 20 41 25 22 44 10 52 48 53 11 1 14 9 49 13 26 29 2 27 30 43 7 47 42 0 45 3 8 4 46 12 34 31 15 36 40 33 18 24 5 6 17 19
20 7 45 24 19 51 50 12 10 6 31 35 13 2 1 30 38 53 43 52 5 22 27 36 26 41 49 0 25 14 44 48 21 17 15 29 28 8 3 34 40 32 4 16 42 9 46 33 18 37 11 23 47 39
26 2
53 7 50 6 32 0 9 24 30 36 51 1 28 2 10 15 17 40 44 11 46 12 29 27 47 38 39 26 3 35 23 19 8 18 4 42 52 41 37 25 5 34 21 22 13 33 31 48 14 49 16 20 43 45
40 31 18 26 22 5 27 46 52 23 48 19 25 44 14 49 45 53 2 11 24 38 4 9 20 12 3 6 39 34 36 1 43 50 29 41 30 42 21 28 0 35 37 32 13 16 7 51 10 15 33 47 8 17
52 2
17 46 33 27 43 40 23 20 36 30 47 31 39 18 48 49 53 0 13 19 7 25 34 6 51 21 28 3 26 41 9 11 52 2 22 37 8 35 42 12 5 29 38 4 44 50 1 10 14 15 45 24 32 16
38 46 17 4 3 11 22 48 32 13 26 5 14 9 12 30 42 2 20 23 18 27 6 19 52 36 10 21 29 28 15 31 8 51 41 47 25 49 0 44 45 34 16 50 39 40 1 35 7 37 43 33 24
53 1
45 26 27 18 6 1 23 33 31 3 29 15 28 10 17 2 9 43 4 42 16 40 38 48 0 13 53 44 19 12 20 22 47 36 30 39 8 25 21 5 37 34 14 50 46 11 32 41 35 24 49 51 7 52
106 2
31 36 41 10 24 46 19 32 17 7 51 38 3 15 6 2 30 39 45 27 0 18 4 11 49 1 40 22 28 37 13 9 52 12 29 16 8 50 35 48 21 43 5 26 23 33 53 25 20 47 42 14 34 44
11 2 1 14 21 52 12 53 13 44 51 0 6 8 3 36 39 30 22 33 38 4 18 31 40 41 49 45 28 50 17 23 46 19 42 48 15 37 20 16 24 25 34 47 9 27 32 43 35 26 29 10 5 7
