7800 26
39
2
0 1 24 9 14 19 25 2 6 7 8 10 3 11 12 13 15 4 16 17 18 20 5 21 22 23
1 4 3 5 0 2 17 21 7 16 24 9 12 6 25 22 11 13 14 19 15 8 20 10 23 18
16
2 1
4 1 3 2 0 5 18 23 10 20 8 15 19 14 13 11 22 25 6 12 9 24 16 7 21 17
3 1
14 24 16 4 11 12 5 2 8 0 18 3 6 15 9 23 7 22 20 1 10 17 21 13 19
4 1
11 24 1 25 7 13 9 15 3 14 21 5 6 0 12 19 2 17 22 4 20 18 10 8 16 23
4 2
2 18 0 16 22 25 6 13 21 20 11 10 14 7 12 24 3 17 1 23 9 8 4 19 15 5
12 15 14 3 22 10 17 8 7 23 5 25 0 21 2 1 16 6 24 20 19 13 4 9 18 11
4 2
7 17 19 20 4 15 21 0 11 9 24 8 22 16 25 5 13 1 23 2 3 6 12 18 10 14
12 1 16 10 9 18 25 22 11 4 3 8 0 19 21 23 2 17 5 13 24 14 7 15 20 6
5 1
13 16 21 3 24 18 25 8 1 20 9 17 11 14 6 7 15 2 22 23 4 12 19 5 10 0
5 1
23 8 25 17 20 3 15 24 12 11 13 10 2 21 14 18 19 7 16 6 0 9 4 22 5 1
8 2
16 7 5 12 6 2 4 1 17 21 10 13 3 11 14 22 0 8 23 20 19 9 15 18 25 24
17 10 24 15 6 11 4 14 22 9 1 5 16 20 7 3 12 0 18 25 13 23 8 21 2 19
10 2
7 17 19 20 4 15 21 0 11 9 24 8 22 16 25 5 13 1 23 2 3 6 12 18 10 14
10 13 8 22 4 25 3 23 24 5 11 19 20 12 15 9 17 6 0 18 21 1 16 2 7 14
10 2
23 8 25 17 20 3 15 24 12 11 13 10 2 21 14 18 19 7 16 6 0 9 4 22 5 1
16 7 5 12 6 2 4 1 17 21 10 13 3 11 14 22 0 8 23 20 19 9 15 18 25 24
13 1
23 17 14 21 15 1 0 9 5 8 18 2 24 10 3 16 19 22 12 20 11 6 13 4 25 7
20 2
7 17 19 20 4 15 21 0 11 9 24 8 22 16 25 5 13 1 23 2 3 6 12 18 10 14
5 3 2 0 4 1 11 23 7 12 15 25 22 17 13 21 10 18 14 9 6 16 19 24 8 20
20 2
5 3 2 0 4 1 11 23 7 12 15 25 22 17 13 21 10 18 14 9 6 16 19 24 8 20
5 0 3 1 4 2 21 17 22 23 25 14 11 10 24 7 12 20 9 15 19 18 13 6 16 8
25 2
5 0 3 1 4 2 21 17 22 23 25 14 11 10 24 7 12 20 9 15 19 18 13 6 16 8
10 13 8 22 4 25 3 23 24 5 11 19 20 12 15 9 17 6 0 18 21 1 16 2 7 14
50 3
7 17 19 20 4 15 21 0 11 9 24 8 22 16 25 5 13 1 23 2 3 6 12 18 10 14
10 13 8 22 4 25 3 23 24 5 11 19 20 12 15 9 17 6 0 18 21 1 16 2 7 14
1 3 5 2 4 0 23 15 25 18 13 12 16 22 11 19 24 7 21 20 17 6 8 9 14 10
100 3
5 3 2 0 4 1 11 23 7 12 15 25 22 17 13 21 10 18 14 9 6 16 19 24 8 20
10 13 8 22 4 25 3 23 24 5 11 19 20 12 15 9 17 6 0 18 21 1 16 2 7 14
1 3 5 2 4 0 23 15 25 18 13 12 16 22 11 19 24 7 21 20 17 6 8 9 14 10
