39732 44
28 33 66 77 84 86 154 172
2
0 1 42 43 2 3 4 5 6 7 8 9 10 11 12 13 14 15 16 17 18 19 20 21 22 23 24 25 26 27 28 29 30 31 32 33 34 35 36 37 38 39 40 41
1 23 38 11 13 18 32 24 2 19 6 34 35 31 40 33 16 7 25 20 9 28 39 0 17 5 27 37 41 22 30 4 10 42 3 43 14 26 8 29 36 21 15 12
16
2 1
29 11 21 7 31 25 43 3 40 36 27 1 26 30 28 35 18 23 16 38 41 2 24 17 22 5 12 10 14 0 13 4 42 37 39 15 9 33 19 34 8 20 32 6
3 1
25 32 29 33 23 17 10 20 38 0 42 12 39 18 3 15 1 19 37 5 40 34 24 28 36 9 26 8 4 30 2 35 16 14 43 41 22 13 27 11 7 31 6 21
4 2
32 3 7 1 12 6 5 2 25 38 27 37 4 16 18 34 13 21 14 22 43 17 19 31 40 8 39 10 33 30 29 23 0 28 15 41 42 11 9 26 24 35 36 20
12 18 25 14 32 28 33 8 7 29 13 41 0 10 3 36 27 20 1 31 17 43 23 22 39 2 40 16 5 9 38 19 4 6 42 37 15 35 30 24 26 11 34 21
6 2
32 3 7 1 12 6 5 2 25 38 27 37 4 16 18 34 13 21 14 22 43 17 19 31 40 8 39 10 33 30 29 23 0 28 15 41 42 11 9 26 24 35 36 20
2 13 19 29 28 38 40 32 36 6 42 33 11 30 14 31 3 35 18 0 41 20 7 34 5 10 23 8 37 16 1 39 22 12 26 43 27 4 24 15 9 21 25 17
7 1
7 17 14 37 2 32 43 42 40 18 20 11 21 0 36 31 28 5 33 19 38 35 30 1 3 13 4 6 26 24 23 34 22 29 10 27 16 9 41 12 25 15 8 39
11 1
26 16 5 28 42 14 37 40 3 0 30 20 29 27 7 9 10 41 11 4 23 6 17 24 34 21 8 18 25 36 19 38 31 43 32 33 35 15 13 22 12 1 39 2
12 2
28 38 39 41 32 42 0 15 10 7 26 12 40 17 14 9 1 24 34 25 27 5 3 2 13 43 8 31 6 37 30 20 33 4 36 29 18 35 16 23 11 22 21 19
27 18 30 37 14 24 22 36 42 38 17 26 13 12 4 43 25 10 1 34 29 40 6 39 5 16 11 0 35 20 2 41 33 32 19 28 7 3 9 23 21 31 8 15
14 2
4 30 39 40 17 36 37 10 7 25 32 19 0 11 14 42 13 33 41 5 16 8 6 31 12 38 22 3 28 26 18 29 35 43 21 34 20 23 1 15 2 9 27 24
29 11 21 7 31 25 43 3 40 36 27 1 26 30 28 35 18 23 16 38 41 2 24 17 22 5 12 10 14 0 13 4 42 37 39 15 9 33 19 34 8 20 32 6
21 1
5 14 6 19 20 28 31 7 22 0 40 3 34 26 35 27 16 21 1 39 12 30 33 41 42 13 4 25 29 23 9 11 43 24 17 2 37 18 8 10 38 32 36 15
22 1
11 4 1 36 24 39 18 33 21 0 17 41 31 38 2 12 8 42 27 10 28 32 6 34 43 20 22 35 37 14 23 9 25 29 5 30 15 7 3 13 19 26 16 40
22 2
18 24 36 30 32 17 40 27 31 20 38 34 39 14 13 35 19 5 0 16 9 42 33 26 1 37 23 7 29 28 3 8 4 22 11 15 2 25 10 12 6 43 21 41
26 6 43 38 8 29 23 39 21 13 30 0 27 42 20 25 15 4 34 33 10 14 16 18 22 41 40 28 17 7 12 32 5 1 2 19 11 35 9 3 24 36 31 37
22 2
40 5 33 18 30 1 34 10 20 13 7 39 43 9 24 41 23 19 3 17 8 31 29 16 14 37 28 42 26 22 4 21 36 2 6 38 32 25 35 11 0 15 27 12
33 12 26 15 35 22 13 16 28 24 41 27 1 6 20 3 7 37 34 43 14 36 5 40 9 31 2 11 8 38 42 25 39 0 18 4 21 17 29 32 23 10 30 19
42 2
36 9 39 12 26 34 43 37 38 1 21 40 3 29 22 25 32 18 17 41 30 10 14 31 35 15 4 28 27 13 20 23 16 42 5 24 0 7 8 2 11 19 33 6
6 20 22 39 24 15 0 31 33 12 26 21 9 34 17 5 42 14 35 37 1 11 2 29 4 36 10 28 27 23 38 7 43 8 13 18 25 19 30 3 41 40 16 32
43 1
2 39 43 40 41 0 34 14 20 24 38 16 26 29 23 31 13 4 32 8 35 30 22 5 36 19 11 6 33 9 37 28 10 18 12 15 25 3 17 21 27 7 1 42
129 2
28 38 39 41 32 42 0 15 10 7 26 12 40 17 14 9 1 24 34 25 27 5 3 2 13 43 8 31 6 37 30 20 33 4 36 29 18 35 16 23 11 22 21 19
2 13 19 29 28 38 40 32 36 6 42 33 11 30 14 31 3 35 18 0 41 20 7 34 5 10 23 8 37 16 1 39 22 12 26 43 27 4 24 15 9 21 25 17
301 2
4 30 39 40 17 36 37 10 7 25 32 19 0 11 14 42 13 33 41 5 16 8 6 31 12 38 22 3 28 26 18 29 35 43 21 34 20 23 1 15 2 9 27 24
25 17 20 18 1 16 19 15 42 27 23 26 0 24 22 41 11 2 13 39 34 33 38 5 6 35 32 12 28 21 14 30 10 7 36 37 4 9 8 3 29 40 31
