20160 21
35 70 140
2
0 1 3 4 2 5 8 6 7 13 16 14 15 17 20 18 19 9 12 10 11
1 5 9 13 17 6 10 14 18 0 2 4 3 7 15 19 11 8 20 12 16
14
2 1
11 8 2 17 14 19 15 7 1 10 9 0 12 13 4 6 20 3 18 5 16
4 2
2 1 0 4 3 13 18 7 12 17 14 11 8 5 10 15 20 9 6 19 16
4 1 3 2 0 17 10 7 16 13 6 11 20 9 18 15 8 5 14 19 12
4 2
3 4 2 0 1 15 6 12 17 9 20 14 7 18 11 5 16 8 13 19 10
0 1 2 3 4 10 9 12 11 6 5 8 7 18 17 20 19 14 13 16 15
4 2
0 18 17 20 19 12 10 9 11 7 6 8 5 13 14 15 16 2 1 4 3
0 7 5 6 8 2 3 1 4 18 20 19 17 13 14 15 16 12 9 11 10
4 2
11 8 2 17 14 19 15 7 1 10 9 0 12 13 4 6 20 3 18 5 16
19 6 2 16 9 11 1 7 15 4 14 5 12 13 10 8 3 20 18 0 17
4 2
16 1 8 20 12 19 6 9 2 7 10 17 4 15 14 13 0 11 18 5 3
19 1 7 11 15 16 6 2 9 8 10 3 13 12 14 4 5 20 18 0 17
4 2
11 8 2 17 14 19 15 7 1 10 9 0 12 13 4 6 20 3 18 5 16
10 1 18 6 14 19 3 13 8 11 0 9 12 7 4 17 16 15 2 5
4 2
0 1 2 3 4 17 18 19 20 13 14 15 16 9 10 11 12 5 6 7 8
4 1 3 2 0 5 14 19 12 9 18 15 8 13 6 11 20 17 10 7 16
4 1
5 3 18 16 11 9 1 13 17 14 4 19 12 7 0 8 6 20 2 10 15
4 1
11 6 13 4 20 19 15 7 1 16 3 5 18 2 17 8 14 9 12 0 10
4 1
19 1 7 11 15 20 18 0 17 12 14 4 5 8 10 3 13 16 6 2 9
5 1
0 6 7 5 8 14 15 13 16 1 3 4 2 18 17 20 19 10 12 11 9
7 1
16 15 0 14 13 4 17 10 7 18 3 5 11 9 6 2 19 8 12 20 1
10 2
16 1 12 8 20 5 11 18 3 9 19 6 2 13 15 14 0 17 7 10 4
3 4 2 0 1 15 6 12 17 9 20 14 7 18 11 5 16 8 13 19 10
