62400 65
26 52 78 104 156 200
2
0 1 3 5 7 9 11 13 15 17 19 21 23 24 8 27 28 30 32 33 35 37 39 6 41 29 43 44 22 46 48 49 50 12 52 42 54 40 18 53 31 57 20 59 60 38 56 36 55 47 51 34 26 61 10 62 45 2 16 25 63 64 4 58 14
1 2 4 6 8 10 12 14 16 18 20 22 17 25 26 9 29 31 11 34 36 38 21 40 13 42 3 35 45 47 27 37 39 51 53 52 48 55 30 56 43 58 15 23 57 32 49 54 46 50 28 5 24 44 19 59 33 62 61 60 41 7 0
28
2 1
57 55 37 10 61 17 56 44 54 26 3 18 48 64 53 47 19 5 11 16 39 29 31 50 60 32 9 63 28 21 49 22 25 38 59 58 42 2 33 20 45 43 36 41 7 40 51 15 12 30 23 46 62 14 8 1 6 0 35 34 24 4 52 27 13
3 1
12 33 56 62 7 22 61 47 27 32 38 1 21 9 6 19 26 42 58 48 2 0 63 8 24 3 34 23 29 44 52 36 13 11 16 59 43 64 60 46 39 37 45 31 28 17 40 4 15 54 35 49 57 18 51 55 20 30 53 50 10 14 25 5 41
4 2
43 34 38 62 18 31 7 6 8 10 9 49 53 46 19 40 25 24 4 14 45 60 58 54 17 16 33 51 50 35 56 5 42 26 1 29 48 52 2 41 15 39 32 0 61 20 13 57 36 11 28 27 37 12 23 63 30 47 22 64 21 44 3 55 59
48 57 56 60 13 39 20 45 8 63 55 16 24 4 37 33 11 53 46 52 6 62 61 28 12 49 40 35 23 51 38 41 59 15 47 27 43 14 30 5 26 31 64 36 58 7 18 34 0 25 54 29 19 17 50 10 2 1 44 32 3 22 21 9 42
4 1
13 1 47 23 9 63 53 6 36 38 17 64 49 42 58 8 3 5 28 39 61 19 24 27 45 44 48 16 37 14 51 11 20 43 15 32 34 55 59 60 0 29 40 25 33 50 26 52 54 30 22 12 57 56 46 18 7 2 41 4 21 35 31 10 62
5 1
4 40 8 43 29 28 48 11 30 51 45 52 39 1 14 15 9 59 12 0 20 46 18 7 35 25 23 64 34 44 56 60 13 41 17 36 33 47 2 49 61 24 62 16 19 31 58 42 27 22 50 3 26 10 63 37 38 6 54 5 53 32 55 21 57
5 1
23 64 34 45 47 26 29 49 2 8 38 35 15 61 22 14 6 36 17 32 40 33 62 48 1 3 55 25 9 39 60 50 51 44 28 43 10 0 18 58 11 5 63 20 53 46 27 13 57 19 24 7 21 52 4 56 41 37 16 42 59 54 12 30 31
6 2
38 46 62 43 33 47 41 21 25 51 56 49 36 17 32 64 16 13 63 28 59 7 29 48 34 8 55 30 19 22 27 44 14 4 24 52 12 58 0 60 45 6 50 3 31 40 1 5 23 11 42 9 35 54 53 26 10 61 37 20 39 57 2 18 15
14 8 27 56 50 16 60 59 1 45 11 10 40 24 0 29 5 61 64 20 19 28 63 39 13 44 30 2 21 15 26 46 53 58 57 52 51 42 54 23 12 48 37 49 25 9 31 47 41 43 4 36 35 32 38 62 3 34 33 7 6 17 55 22 18
8 2
28 42 43 3 39 1 16 14 32 2 0 54 15 47 17 38 19 24 23 51 36 52 41 48 7 18 5 11 50 46 34 13 62 27 64 9 58 4 45 61 55 40 26 35 20 12 53 59 25 30 10 6 60 56 33 22 29 8 44 31 63 37 57 21 49
39 27 6 3 10 33 2 41 60 51 4 42 23 53 40 48 43 55 45 35 34 62 24 12 22 38 54 1 61 59 44 46 63 5 20 19 64 50 25 0 14 7 11 16 30 18 31 56 15 58 37 9 57 13 26 17 47 52 49 29 8 28 21 32 36
10 2
59 52 36 18 5 4 10 32 33 49 6 13 43 11 25 15 39 19 3 17 50 47 51 61 56 14 40 31 29 28 41 27 7 8 44 38 2 63 35 16 26 30 46 12 34 48 42 21 45 9 20 22 1 57 55 54 24 53 62 0 64 23 58 37 60
0 20 22 50 44 40 16 46 48 61 62 57 13 12 26 54 6 52 28 29 1 32 2 45 58 27 14 25 18 19 47 34 21 60 31 42 43 39 41 37 5 38 35 36 4 23 7 30 8 64 3 53 17 51 15 59 63 11 24 55 33 9 10 56 49
10 1
59 32 35 46 48 13 12 57 41 49 1 18 7 47 43 58 2 17 63 62 42 10 30 0 55 60 11 9 16 56 24 27 39 4 44 64 25 52 33 50 53 45 8 40 61 54 22 37 21 34 38 29 28 3 6 14 36 20 15 31 26 23 19 51 5
12 2
49 36 15 63 6 35 4 23 14 22 24 26 34 58 8 2 47 64 31 37 56 53 9 7 10 30 11 60 62 54 25 18 57 44 12 5 1 19 50 61 55 43 45 41 33 42 59 16 51 0 38 48 52 21 29 40 20 32 13 46 27 39 28 3 17
35 19 37 0 59 32 50 53 61 11 54 21 46 62 45 8 57 5 48 39 6 9 23 33 24 7 44 4 55 10 26 13 17 22 38 3 14 42 60 1 58 40 2 18 30 36 56 63 43 16 20 28 52 25 29 51 12 49 41 27 34 15 31 64 47
13 1
54 33 9 11 18 43 46 29 40 50 57 59 4 31 1 14 21 36 55 32 49 47 45 53 62 41 3 42 0 30 27 23 38 24 8 6 39 61 58 64 22 63 37 56 19 2 52 26 44 25 51 17 13 20 5 60 7 15 16 48 10 28 12 35 34
15 1
37 55 48 59 16 8 61 2 17 1 63 32 57 31 50 49 60 45 44 56 47 34 38 22 46 4 0 15 20 58 39 53 40 64 7 62 35 11 26 24 52 12 42 9 10 27 13 3 23 51 43 19 21 14 54 33 29 41 36 6 28 18 5 25 30
16 2
52 45 4 23 20 53 14 35 18 36 10 32 50 59 51 64 19 9 63 56 61 6 34 28 62 54 58 24 57 27 13 1 12 47 15 42 55 26 8 7 33 37 39 31 60 43 16 48 40 30 11 21 25 44 0 17 46 3 41 49 5 2 29 38 22
11 4 60 43 5 28 38 26 64 14 10 62 27 19 8 17 35 6 22 42 53 63 36 31 48 12 49 47 1 33 16 2 29 52 55 58 51 59 15 37 0 13 41 61 3 20 7 25 54 46 24 18 32 57 50 21 39 45 30 56 23 44 40 34 9
16 2
21 59 62 36 9 34 4 58 11 18 28 13 2 32 30 61 38 55 6 20 41 60 3 52 44 15 51 47 26 12 45 27 8 54 24 40 56 31 1 19 64 39 25 17 5 53 46 37 50 35 23 10 48 14 7 57 22 43 33 16 63 42 29 0 49
56 2 16 0 28 14 41 31 39 19 11 26 52 20 24 53 29 61 51 6 8 37 58 49 45 17 32 21 18 1 15 33 10 47 43 38 54 63 64 13 23 9 30 44 55 5 46 7 40 48 12 4 62 42 22 34 60 25 36 35 3 57 50 27 59
16 3
54 18 6 46 64 43 9 59 60 57 35 53 56 39 36 23 45 52 16 11 19 33 37 3 27 31 13 4 62 51 25 42 49 55 41 32 5 63 47 58 22 38 30 14 61 1 15 34 48 10 21 17 29 20 8 50 44 2 26 28 0 12 7 40 24
45 54 55 8 35 1 10 17 18 21 27 34 39 61 16 0 60 12 43 63 38 4 25 5 49 41 28 50 29 44 40 37 64 57 30 9 15 20 31 7 11 53 47 3 26 36 14 19 48 2 6 62 59 22 23 24 52 32 56 58 46 51 13 42 33
36 23 24 18 9 54 27 12 43 4 50 30 7 51 60 45 46 39 3 42 31 35 41 1 2 53 29 6 44 26 11 20 33 32 40 21 0 38 37 17 34 22 19 8 28 15 16 63 48 55 10 13 58 25 5 49 59 64 52 56 14 62 61 47 57
20 2
49 36 15 63 6 35 4 23 14 22 24 26 34 58 8 2 47 64 31 37 56 53 9 7 10 30 11 60 62 54 25 18 57 44 12 5 1 19 50 61 55 43 45 41 33 42 59 16 51 0 38 48 52 21 29 40 20 32 13 46 27 39 28 3 17
51 44 53 64 56 50 20 2 23 35 9 1 60 4 7 21 46 13 14 26 57 40 5 15 22 16 36 3 41 25 47 8 0 31 27 38 33 11 39 54 19 28 24 62 18 10 42 59 34 48 61 12 52 55 30 37 32 49 6 45 63 29 43 17 58
25 2
36 41 28 25 57 5 32 50 48 11 31 46 3 64 51 62 16 15 27 58 33 42 26 38 18 23 59 21 37 55 7 60 9 61 63 35 43 13 12 54 56 14 24 8 39 10 6 47 0 1 34 49 52 45 40 20 44 22 17 4 53 29 19 30 2
61 21 28 40 38 35 45 6 20 31 48 60 54 64 24 15 52 17 26 19 7 4 3 44 22 56 25 59 37 63 46 0 10 50 9 16 29 13 39 1 14 42 57 55 49 8 53 5 33 27 32 18 47 43 41 30 51 12 58 23 36 34 62 11 2
30 3
38 46 62 43 33 47 41 21 25 51 56 49 36 17 32 64 16 13 63 28 59 7 29 48 34 8 55 30 19 22 27 44 14 4 24 52 12 58 0 60 45 6 50 3 31 40 1 5 23 11 42 9 35 54 53 26 10 61 37 20 39 57 2 18 15
36 41 28 25 57 5 32 50 48 11 31 46 3 64 51 62 16 15 27 58 33 42 26 38 18 23 59 21 37 55 7 60 9 61 63 35 43 13 12 54 56 14 24 8 39 10 6 47 0 1 34 49 52 45 40 20 44 22 17 4 53 29 19 30 2
14 8 27 56 50 16 60 59 1 45 11 10 40 24 0 29 5 61 64 20 19 28 63 39 13 44 30 2 21 15 26 46 53 58 57 52 51 42 54 23 12 48 37 49 25 9 31 47 41 43 4 36 35 32 38 62 3 34 33 7 6 17 55 22 18
32 3
57 20 27 0 30 24 25 39 43 4 47 45 9 53 41 60 29 3 46 62 2 48 6 61 16 34 42 1 14 5 12 59 64 58 22 10 56 28 31 11 38 37 23 19 13 7 55 54 33 32 18 44 52 51 35 50 15 17 21 40 36 26 8 49 63
18 43 62 59 51 39 48 54 60 33 7 10 13 4 27 28 45 55 17 56 14 9 44 29 23 53 24 37 36 26 21 64 50 30 58 61 41 20 3 16 49 15 35 2 25 5 32 42 34 31 63 12 52 22 11 0 8 38 6 57 19 47 1 46 40
35 21 33 54 19 0 37 38 34 43 32 59 8 27 12 44 17 47 39 6 48 36 41 50 57 28 46 58 30 3 62 61 24 15 14 49 53 4 23 31 42 9 55 22 2 40 11 64 56 5 7 20 52 1 63 45 51 10 60 26 13 18 25 29 16
39 2
12 64 20 1 41 11 0 33 60 32 51 22 6 34 43 53 13 25 18 42 46 9 5 28 44 55 31 50 49 57 27 36 21 45 16 35 26 58 56 29 10 63 62 61 54 7 2 15 37 23 30 40 38 47 24 17 52 39 48 8 59 14 19 4 3
27 37 26 42 7 16 28 51 20 23 10 50 48 6 5 61 14 31 45 9 46 1 3 19 11 25 55 62 13 40 38 59 54 29 44 36 60 21 53 18 33 63 22 56 58 39 8 32 52 15 24 4 12 30 47 2 64 41 34 17 35 49 0 57 43
48 2
27 9 55 3 47 34 41 59 25 37 31 20 48 6 33 8 50 53 60 17 40 38 5 18 42 15 16 43 56 2 4 36 32 49 22 7 10 1 45 54 11 13 58 0 61 21 44 30 62 14 26 39 63 19 51 29 64 52 24 35 23 46 12 57 28
33 35 40 3 13 30 22 47 48 61 59 44 23 51 54 57 28 46 52 14 41 15 26 25 1 12 6 2 53 9 37 20 8 64 55 24 50 5 38 11 27 31 36 10 39 63 58 49 32 7 42 4 60 16 19 56 34 21 17 43 18 29 45 62 0
50 2
9 63 20 45 58 64 6 22 51 34 23 4 14 13 36 18 32 1 48 7 10 21 5 57 49 17 26 35 24 27 28 61 12 25 31 8 16 47 46 54 56 11 55 43 40 15 52 42 3 60 38 29 59 41 44 62 39 2 53 50 30 0 37 33 19
49 36 15 63 6 35 4 23 14 22 24 26 34 58 8 2 47 64 31 37 56 53 9 7 10 30 11 60 62 54 25 18 57 44 12 5 1 19 50 61 55 43 45 41 33 42 59 16 51 0 38 48 52 21 29 40 20 32 13 46 27 39 28 3 17
60 2
4 9 35 6 0 64 3 22 14 1 41 27 50 47 8 17 28 15 30 19 24 31 7 36 20 53 46 11 16 44 18 21 54 57 39 2 23 52 61 34 45 10 48 56 29 40 26 13 42 63 12 55 37 25 32 51 43 33 62 60 59 38 58 49 5
49 1 13 33 53 36 39 28 46 59 52 35 47 43 11 61 12 31 55 9 51 7 42 58 3 64 25 17 21 57 8 27 10 24 23 14 40 6 18 37 5 22 41 2 15 20 30 16 29 62 54 45 32 56 63 38 4 48 34 19 60 44 0 50 26
60 2
21 31 18 29 12 11 6 3 35 39 30 63 34 64 16 40 26 53 46 5 19 27 42 32 22 45 57 37 58 9 61 38 24 60 4 23 55 47 43 15 50 13 36 48 20 2 62 7 49 44 28 17 52 56 25 59 14 54 0 41 8 1 51 10 33
49 36 15 63 6 35 4 23 14 22 24 26 34 58 8 2 47 64 31 37 56 53 9 7 10 30 11 60 62 54 25 18 57 44 12 5 1 19 50 61 55 43 45 41 33 42 59 16 51 0 38 48 52 21 29 40 20 32 13 46 27 39 28 3 17
75 2
50 3 19 14 38 13 8 48 36 63 29 9 56 17 1 35 28 5 18 52 0 12 51 4 49 42 24 22 62 46 31 34 55 33 30 37 6 15 23 25 41 54 39 53 59 43 10 64 61 26 20 27 2 45 40 60 21 44 47 57 32 7 16 11 58
7 24 47 21 44 17 29 34 45 60 53 11 4 35 40 13 62 64 26 28 32 51 59 39 25 1 27 18 52 48 9 46 36 50 0 15 20 16 38 57 41 14 56 8 12 43 63 58 6 22 61 3 19 55 42 10 54 23 2 49 30 33 37 31 5
150 2
49 36 15 63 6 35 4 23 14 22 24 26 34 58 8 2 47 64 31 37 56 53 9 7 10 30 11 60 62 54 25 18 57 44 12 5 1 19 50 61 55 43 45 41 33 42 59 16 51 0 38 48 52 21 29 40 20 32 13 46 27 39 28 3 17
9 26 44 15 32 52 34 59 17 41 7 2 43 51 14 63 61 54 4 46 28 62 50 12 20 27 33 40 24 6 13 64 18 1 29 42 35 57 31 49 25 0 36 23 11 5 60 39 37 47 53 30 45 22 8 55 16 48 21 10 19 56 58 3 38
300 2
25 6 29 15 59 16 28 7 12 13 0 64 17 33 9 18 35 24 45 21 44 31 57 19 53 62 22 10 55 40 30 36 37 39 34 47 23 20 58 14 49 32 60 38 41 48 2 52 3 46 50 11 5 8 51 56 1 4 42 26 43 54 27 63 61
57 55 37 10 61 17 56 44 54 26 3 18 48 64 53 47 19 5 11 16 39 29 31 50 60 32 9 63 28 21 49 22 25 38 59 58 42 2 33 20 45 43 36 41 7 40 51 15 12 30 23 46 62 14 8 1 6 0 35 34 24 4 52 27 13
