721392 114
21 42 48 76 84 133 152 168 266 304 336 339 399 532 678
2
0 1 112 113 2 3 4 5 6 7 8 9 10 11 12 13 14 15 16 17 18 19 20 21 22 23 24 25 26 27 28 29 30 31 32 33 34 35 36 37 38 39 40 41 42 43 44 45 46 47 48 49 50 51 52 53 54 55 56 57 58 59 60 61 62 63 64 65 66 67 68 69 70 71 72 73 74 75 76 77 78 79 80 81 82 83 84 85 86 87 88 89 90 91 92 93 94 95 96 97 98 99 100 101 102 103 104 105 106 107 108 109 110 111
1 58 46 34 75 26 64 44 12 76 22 84 98 88 57 50 71 13 104 79 19 54 86 11 38 51 87 36 103 90 94 16 105 9 81 82 55 97 56 4 107 112 25 21 67 100 70 14 6 72 53 42 110 15 43 27 24 47 0 102 78 80 95 66 48 91 101 7 52 59 2 31 109 62 65 39 33 41 92 20 89 3 113 40 23 45 10 5 17 61 111 74 60 32 106 73 37 96 8 28 85 63 69 99 108 93 30 83 18 49 68 29 77 35
35
2 1
67 15 8 87 84 27 104 30 2 94 35 18 22 66 106 1 69 61 11 54 33 65 12 83 58 34 81 5 63 37 7 36 99 20 25 10 31 29 102 108 103 97 91 86 92 53 51 72 57 62 95 46 75 45 19 77 113 48 24 111 70 17 49 28 71 21 13 0 88 16 60 64 47 100 80 52 90 55 110 107 74 26 101 23 4 89 43 3 68 85 76 42 44 112 9 50 96 41 98 32 73 82 38 40 6 109 14 79 39 105 78 59 93 56
3 1
102 25 101 33 107 98 0 89 52 18 84 100 95 22 110 39 68 3 57 113 37 31 86 69 58 41 96 90 14 70 12 59 88 17 105 32 27 43 109 75 38 1 29 20 94 26 79 5 19 99 87 72 74 4 24 111 93 9 54 21 61 80 51 82 97 50 49 46 104 91 42 92 62 2 8 15 64 44 56 67 60 71 83 63 112 7 13 65 35 85 36 23 81 78 77 30 45 76 47 66 106 73 6 34 16 103 11 53 55 40 28 108 10 48
4 1
94 24 104 87 92 101 47 35 77 39 70 96 54 88 95 61 59 57 23 30 64 22 48 79 41 83 71 17 26 31 14 20 82 18 93 8 5 1 97 15 43 37 51 6 16 53 66 40 106 99 28 73 108 34 11 55 27 56 80 69 105 9 72 58 29 85 32 111 42 44 4 50 3 68 2 74 76 7 86 33 89 60 46 109 13 49 38 62 91 63 107 84 10 45 90 19 12 78 52 65 102 112 67 81 75 103 21 0 113 110 25 100 36 98
4 2
51 110 91 66 34 5 97 48 108 10 9 71 80 67 99 45 88 107 69 65 57 98 87 52 103 58 109 74 63 104 96 92 54 73 4 62 94 81 90 40 39 53 113 64 44 15 95 70 7 85 89 0 23 41 32 59 101 20 25 55 105 86 35 28 43 19 3 13 78 18 47 11 111 33 27 100 112 82 68 84 12 37 77 93 79 49 61 22 16 50 38 2 31 83 36 46 30 6 21 14 75 56 106 24 29 60 102 17 8 26 1 72 76 42
6 65 25 74 40 44 0 90 108 99 14 56 87 92 10 60 41 102 95 110 86 70 80 33 85 2 78 66 100 94 55 67 37 23 39 79 104 32 48 34 4 16 89 83 5 105 69 98 38 103 113 97 73 88 81 30 11 61 91 96 15 57 84 75 93 1 27 31 109 46 21 101 72 52 3 63 77 76 26 35 22 54 112 43 62 24 20 12 53 42 7 58 13 64 29 18 59 51 47 9 28 71 17 49 36 45 107 106 8 68 19 111 82 50
4 2
110 93 56 70 26 71 42 77 100 30 90 107 29 44 84 72 94 28 112 76 86 88 66 48 53 69 4 102 17 12 9 37 104 57 58 89 95 31 67 46 40 92 6 68 13 52 39 78 23 85 111 51 45 24 60 108 2 33 34 99 54 82 79 74 101 87 22 38 43 25 3 5 15 91 63 109 19 7 47 62 96 113 61 103 14 49 20 65 21 35 10 73 41 1 16 36 80 98 97 59 8 64 27 83 32 106 105 11 55 75 0 50 18 81
30 19 113 10 103 73 112 31 60 110 3 82 84 21 29 109 59 95 42 1 35 13 104 78 63 98 83 57 36 14 0 7 66 102 52 20 28 77 79 46 51 101 18 49 88 58 39 48 47 43 50 40 34 74 100 65 81 27 45 16 8 107 67 24 92 55 32 62 85 97 90 91 75 5 53 72 93 37 23 38 105 56 11 26 12 68 89 108 44 86 70 71 64 76 99 17 106 69 25 94 54 41 33 4 22 80 96 61 87 15 9 111 6 2
6 2
18 64 71 36 63 23 57 43 24 102 42 80 110 35 95 15 66 27 0 78 85 94 88 5 8 76 34 17 30 112 28 44 86 90 26 13 3 89 51 75 72 97 10 7 31 105 79 69 56 104 108 38 54 82 52 65 48 6 74 77 106 100 109 4 1 55 16 67 99 47 84 2 40 92 58 39 25 59 19 46 11 101 53 107 70 20 32 111 22 37 33 98 73 113 21 14 103 41 91 68 61 81 9 96 49 45 60 83 50 62 12 87 29 93
102 25 101 33 107 98 0 89 52 18 84 100 95 22 110 39 68 3 57 113 37 31 86 69 58 41 96 90 14 70 12 59 88 17 105 32 27 43 109 75 38 1 29 20 94 26 79 5 19 99 87 72 74 4 24 111 93 9 54 21 61 80 51 82 97 50 49 46 104 91 42 92 62 2 8 15 64 44 56 67 60 71 83 63 112 7 13 65 35 85 36 23 81 78 77 30 45 76 47 66 106 73 6 34 16 103 11 53 55 40 28 108 10 48
7 1
24 32 109 93 3 108 64 13 14 10 21 12 85 80 33 22 36 62 17 72 90 30 66 69 19 16 100 52 67 41 98 57 63 107 58 103 29 54 87 77 18 31 74 113 86 48 95 89 9 28 47 79 73 8 82 55 94 25 38 91 81 2 27 65 110 61 105 111 70 15 101 4 68 40 37 99 102 26 78 96 39 106 20 34 23 88 83 44 35 46 42 43 104 60 53 75 59 5 45 50 7 0 92 112 97 84 71 56 76 1 49 6 11 51
8 1
20 100 110 99 50 45 18 80 63 103 26 42 73 98 38 60 82 22 47 78 94 17 57 40 102 75 70 21 10 107 86 0 16 6 36 89 93 111 95 81 79 67 96 33 32 101 69 23 56 3 92 12 91 112 68 55 106 48 7 46 61 105 85 77 90 62 44 37 11 66 71 4 49 54 109 83 76 58 30 43 35 15 59 74 113 72 14 65 52 8 29 108 28 5 64 97 51 19 88 87 24 53 41 39 25 9 27 31 84 2 104 1 34 13
8 2
15 56 81 100 6 18 4 33 76 82 85 11 26 30 32 0 54 55 5 97 36 93 109 106 88 72 12 80 105 37 13 112 14 7 42 51 20 29 64 57 71 58 34 78 103 59 111 95 77 74 90 35 86 66 16 17 1 39 41 45 60 98 101 107 38 67 53 65 83 102 94 40 25 92 49 79 8 48 43 75 27 2 9 68 96 10 52 99 24 113 50 110 73 21 70 47 84 19 61 87 3 62 69 44 108 28 23 63 104 22 91 46 31 89
59 46 24 42 9 108 80 31 71 4 36 57 92 93 47 67 105 27 77 22 20 56 19 50 2 99 41 17 87 37 111 7 107 51 97 113 10 29 90 60 52 26 3 44 43 66 1 14 94 84 23 33 40 65 72 82 21 11 91 0 39 62 61 102 79 53 45 15 76 95 104 8 54 110 98 106 68 18 88 64 6 103 55 86 49 85 83 28 78 112 38 58 12 13 48 69 101 34 74 25 109 96 63 81 70 16 75 32 5 100 73 30 89 35
8 2
110 93 56 70 26 71 42 77 100 30 90 107 29 44 84 72 94 28 112 76 86 88 66 48 53 69 4 102 17 12 9 37 104 57 58 89 95 31 67 46 40 92 6 68 13 52 39 78 23 85 111 51 45 24 60 108 2 33 34 99 54 82 79 74 101 87 22 38 43 25 3 5 15 91 63 109 19 7 47 62 96 113 61 103 14 49 20 65 21 35 10 73 41 1 16 36 80 98 97 59 8 64 27 83 32 106 105 11 55 75 0 50 18 81
90 91 97 9 100 76 28 32 26 10 110 52 27 49 102 79 20 42 17 71 59 43 37 41 105 81 60 84 112 33 70 66 31 14 11 16 6 104 15 40 46 78 95 13 68 107 51 92 64 21 50 39 82 96 4 87 25 12 61 35 83 45 72 80 47 108 7 75 88 2 0 1 67 93 106 62 73 22 101 109 24 98 34 8 57 44 94 65 85 99 30 19 48 5 89 18 74 113 56 86 103 23 29 54 77 63 53 58 55 38 3 111 36 69
12 2
6 65 25 74 40 44 0 90 108 99 14 56 87 92 10 60 41 102 95 110 86 70 80 33 85 2 78 66 100 94 55 67 37 23 39 79 104 32 48 34 4 16 89 83 5 105 69 98 38 103 113 97 73 88 81 30 11 61 91 96 15 57 84 75 93 1 27 31 109 46 21 101 72 52 3 63 77 76 26 35 22 54 112 43 62 24 20 12 53 42 7 58 13 64 29 18 59 51 47 9 28 71 17 49 36 45 107 106 8 68 19 111 82 50
67 81 46 86 6 71 79 26 23 92 17 108 80 107 0 83 89 35 58 75 76 18 72 73 90 113 59 65 1 41 68 40 19 56 13 10 69 77 30 62 102 95 94 24 33 103 47 2 49 93 98 39 5 25 66 64 44 27 21 7 78 100 51 20 105 57 112 14 38 88 42 52 87 8 37 32 63 74 85 4 111 28 61 96 106 60 110 22 36 91 43 16 97 48 70 29 15 9 104 84 82 11 31 109 50 55 99 34 101 45 3 12 54 53
12 2
30 19 113 10 103 73 112 31 60 110 3 82 84 21 29 109 59 95 42 1 35 13 104 78 63 98 83 57 36 14 0 7 66 102 52 20 28 77 79 46 51 101 18 49 88 58 39 48 47 43 50 40 34 74 100 65 81 27 45 16 8 107 67 24 92 55 32 62 85 97 90 91 75 5 53 72 93 37 23 38 105 56 11 26 12 68 89 108 44 86 70 71 64 76 99 17 106 69 25 94 54 41 33 4 22 80 96 61 87 15 9 111 6 2
102 25 101 33 107 98 0 89 52 18 84 100 95 22 110 39 68 3 57 113 37 31 86 69 58 41 96 90 14 70 12 59 88 17 105 32 27 43 109 75 38 1 29 20 94 26 79 5 19 99 87 72 74 4 24 111 93 9 54 21 61 80 51 82 97 50 49 46 104 91 42 92 62 2 8 15 64 44 56 67 60 71 83 63 112 7 13 65 35 85 36 23 81 78 77 30 45 76 47 66 106 73 6 34 16 103 11 53 55 40 28 108 10 48
14 1
29 86 50 46 98 113 83 80 45 81 56 0 30 18 91 43 88 90 53 111 71 54 47 112 60 33 77 26 21 40 108 12 20 52 51 36 39 73 28 6 109 87 42 76 79 64 63 95 103 7 75 94 89 38 82 55 3 68 61 44 4 62 25 27 72 24 97 85 1 59 34 70 35 32 2 17 69 65 10 84 22 14 102 16 100 66 107 19 5 104 48 58 9 37 41 23 92 74 78 106 57 67 11 110 96 8 49 15 99 13 101 93 31 105
14 2
20 31 25 68 108 9 17 46 28 82 66 101 75 35 41 51 44 48 49 40 59 89 50 19 102 52 47 80 78 29 21 53 103 67 8 0 15 37 58 84 99 64 79 105 14 36 1 43 96 60 110 30 22 85 83 4 111 61 32 113 74 104 11 2 3 7 112 10 16 88 62 97 81 23 5 34 42 55 95 26 70 107 18 100 77 65 72 71 87 45 109 90 69 13 27 12 57 106 39 24 38 94 73 54 6 76 92 91 98 86 63 33 56 93
67 15 8 87 84 27 104 30 2 94 35 18 22 66 106 1 69 61 11 54 33 65 12 83 58 34 81 5 63 37 7 36 99 20 25 10 31 29 102 108 103 97 91 86 92 53 51 72 57 62 95 46 75 45 19 77 113 48 24 111 70 17 49 28 71 21 13 0 88 16 60 64 47 100 80 52 90 55 110 107 74 26 101 23 4 89 43 3 68 85 76 42 44 112 9 50 96 41 98 32 73 82 38 40 6 109 14 79 39 105 78 59 93 56
14 2
20 31 25 68 108 9 17 46 28 82 66 101 75 35 41 51 44 48 49 40 59 89 50 19 102 52 47 80 78 29 21 53 103 67 8 0 15 37 58 84 99 64 79 105 14 36 1 43 96 60 110 30 22 85 83 4 111 61 32 113 74 104 11 2 3 7 112 10 16 88 62 97 81 23 5 34 42 55 95 26 70 107 18 100 77 65 72 71 87 45 109 90 69 13 27 12 57 106 39 24 38 94 73 54 6 76 92 91 98 86 63 33 56 93
57 77 38 3 7 21 93 4 90 30 62 67 72 104 44 18 41 113 15 19 96 5 54 40 102 100 69 56 91 37 9 84 110 101 109 61 49 29 2 53 23 16 87 106 14 60 55 92 59 36 103 82 83 39 22 46 27 0 63 48 45 35 10 58 68 108 70 11 64 26 66 76 12 99 89 86 71 1 107 88 112 95 51 52 31 98 75 42 79 74 8 28 47 6 111 81 20 105 85 73 25 33 24 50 13 97 43 78 65 34 32 94 80 17
16 2
31 20 3 2 11 104 74 113 32 61 111 4 83 85 22 30 110 60 96 43 1 36 14 105 79 64 99 84 58 37 15 0 8 67 103 53 21 29 78 80 47 52 102 19 50 89 59 40 49 48 44 51 41 35 75 101 66 82 28 46 17 9 108 68 25 93 56 33 63 86 98 91 92 76 6 54 73 94 38 24 39 106 57 12 27 13 69 90 109 45 87 71 72 65 77 100 18 107 70 26 95 55 42 34 5 23 81 97 62 88 16 10 112 7
18 11 76 91 36 113 66 94 102 59 17 1 19 60 86 55 81 10 0 12 82 39 47 75 28 105 50 65 24 37 84 62 100 96 73 49 4 29 58 21 95 109 63 52 72 108 101 22 67 35 26 77 43 70 54 15 61 111 38 9 13 56 31 42 90 27 6 48 107 97 53 88 44 34 93 23 2 51 99 110 85 16 20 103 30 80 14 87 71 98 64 3 106 74 7 40 33 69 89 78 32 46 8 83 112 25 92 68 45 41 79 57 104 5
19 1
35 45 113 103 87 18 39 21 84 111 78 0 75 70 83 30 96 50 109 10 5 1 2 81 108 59 41 62 105 89 79 85 6 20 17 49 23 3 51 22 9 82 86 67 4 104 37 16 73 72 24 36 12 19 34 54 112 47 65 38 32 55 66 28 11 53 93 95 98 90 100 91 40 101 92 102 94 97 99 27 69 52 14 25 48 42 15 33 80 26 46 61 68 44 56 8 7 64 43 88 76 13 106 110 71 58 29 77 57 31 63 60 74 107
24 2
67 81 46 86 6 71 79 26 23 92 17 108 80 107 0 83 89 35 58 75 76 18 72 73 90 113 59 65 1 41 68 40 19 56 13 10 69 77 30 62 102 95 94 24 33 103 47 2 49 93 98 39 5 25 66 64 44 27 21 7 78 100 51 20 105 57 112 14 38 88 42 52 87 8 37 32 63 74 85 4 111 28 61 96 106 60 110 22 36 91 43 16 97 48 70 29 15 9 104 84 82 11 31 109 50 55 99 34 101 45 3 12 54 53
107 77 29 100 9 108 106 45 5 40 34 23 80 35 39 48 98 51 113 82 54 88 12 56 30 94 64 75 3 25 85 62 57 11 14 92 58 61 15 10 99 47 69 109 8 90 42 16 60 96 18 102 71 21 86 24 33 37 104 49 38 32 67 27 78 76 63 84 43 89 53 73 72 101 28 66 1 65 93 13 87 20 110 68 31 55 81 22 70 46 105 36 79 26 2 50 103 17 41 4 74 52 97 59 91 7 0 6 44 83 112 111 19 95
24 2
102 25 101 33 107 98 0 89 52 18 84 100 95 22 110 39 68 3 57 113 37 31 86 69 58 41 96 90 14 70 12 59 88 17 105 32 27 43 109 75 38 1 29 20 94 26 79 5 19 99 87 72 74 4 24 111 93 9 54 21 61 80 51 82 97 50 49 46 104 91 42 92 62 2 8 15 64 44 56 67 60 71 83 63 112 7 13 65 35 85 36 23 81 78 77 30 45 76 47 66 106 73 6 34 16 103 11 53 55 40 28 108 10 48
90 91 97 9 100 76 28 32 26 10 110 52 27 49 102 79 20 42 17 71 59 43 37 41 105 81 60 84 112 33 70 66 31 14 11 16 6 104 15 40 46 78 95 13 68 107 51 92 64 21 50 39 82 96 4 87 25 12 61 35 83 45 72 80 47 108 7 75 88 2 0 1 67 93 106 62 73 22 101 109 24 98 34 8 57 44 94 65 85 99 30 19 48 5 89 18 74 113 56 86 103 23 29 54 77 63 53 58 55 38 3 111 36 69
28 1
111 51 58 91 94 39 74 36 64 84 31 48 44 112 72 0 109 5 55 12 33 113 54 95 8 32 97 61 3 29 59 30 79 46 41 56 35 37 76 70 75 81 87 92 86 13 15 106 9 4 83 20 103 21 47 101 65 18 42 67 108 49 17 38 107 45 53 1 90 50 6 2 19 78 98 14 88 11 68 71 104 40 77 43 62 89 23 63 110 93 102 24 22 66 57 16 82 25 80 34 105 96 28 26 60 69 52 99 27 73 100 7 85 10
28 2
30 33 91 58 48 60 98 10 79 49 7 94 43 89 54 59 100 108 82 92 51 35 72 69 71 107 34 62 42 37 0 111 64 1 26 21 113 29 68 104 106 103 28 12 83 93 67 75 4 9 86 20 81 56 14 96 53 77 3 15 5 84 27 90 32 66 65 46 38 23 80 24 22 88 74 47 78 57 76 8 70 52 18 44 61 112 50 102 73 13 63 2 19 45 11 105 55 99 6 97 16 101 87 41 39 95 40 25 17 110 109 31 85 36
67 15 8 87 84 27 104 30 2 94 35 18 22 66 106 1 69 61 11 54 33 65 12 83 58 34 81 5 63 37 7 36 99 20 25 10 31 29 102 108 103 97 91 86 92 53 51 72 57 62 95 46 75 45 19 77 113 48 24 111 70 17 49 28 71 21 13 0 88 16 60 64 47 100 80 52 90 55 110 107 74 26 101 23 4 89 43 3 68 85 76 42 44 112 9 50 96 41 98 32 73 82 38 40 6 109 14 79 39 105 78 59 93 56
28 2
55 48 88 24 35 10 53 57 28 67 5 51 12 108 23 101 40 31 111 44 77 70 106 14 3 69 83 45 8 37 62 17 105 82 78 4 94 29 42 113 16 73 38 103 19 27 96 54 1 56 97 11 92 6 47 0 49 7 76 84 112 65 30 87 102 61 74 9 99 25 21 110 86 41 66 95 58 20 34 100 89 109 33 26 59 104 72 63 2 80 107 91 52 98 36 75 46 50 93 68 79 15 64 43 85 32 22 90 13 81 71 18 60 39
57 77 38 3 7 21 93 4 90 30 62 67 72 104 44 18 41 113 15 19 96 5 54 40 102 100 69 56 91 37 9 84 110 101 109 61 49 29 2 53 23 16 87 106 14 60 55 92 59 36 103 82 83 39 22 46 27 0 63 48 45 35 10 58 68 108 70 11 64 26 66 76 12 99 89 86 71 1 107 88 112 95 51 52 31 98 75 42 79 74 8 28 47 6 111 81 20 105 85 73 25 33 24 50 13 97 43 78 65 34 32 94 80 17
38 2
39 50 72 10 86 27 0 34 56 77 103 6 83 98 12 33 55 1 62 3 79 17 49 41 104 102 23 18 80 51 20 93 11 30 21 22 26 19 29 35 107 81 4 100 42 24 53 61 74 2 45 89 14 37 7 96 84 91 90 106 64 16 109 88 32 46 31 76 13 58 43 57 113 92 73 25 95 111 110 5 105 82 52 75 112 44 87 15 28 36 65 47 101 85 8 94 54 60 70 63 67 68 59 78 108 69 38 9 71 66 99 97 48 40
48 17 94 38 86 109 74 24 49 43 106 73 88 97 28 44 57 1 18 29 31 50 56 90 7 110 65 62 14 19 93 20 92 85 45 84 46 51 3 112 67 58 87 9 15 34 36 47 0 8 21 37 80 89 104 71 22 16 41 103 68 91 27 83 101 26 79 40 60 81 77 55 95 11 6 99 113 70 102 66 52 69 105 63 35 33 4 42 12 53 23 61 32 30 2 72 108 13 111 75 107 64 78 59 54 82 10 100 96 5 25 98 39 76
56 1
51 52 87 84 89 79 65 88 113 7 39 56 86 29 68 12 53 25 94 11 112 43 57 77 48 98 85 22 108 44 6 33 41 8 69 80 36 49 75 0 1 28 54 67 23 34 95 62 70 97 59 107 81 18 5 55 26 46 60 103 92 9 78 50 91 35 74 17 47 64 96 102 15 38 24 14 19 16 111 76 72 109 30 58 82 61 37 101 105 99 83 71 13 100 10 63 40 93 3 90 32 20 4 110 2 66 42 21 45 73 106 31 27 104
56 2
59 46 24 42 9 108 80 31 71 4 36 57 92 93 47 67 105 27 77 22 20 56 19 50 2 99 41 17 87 37 111 7 107 51 97 113 10 29 90 60 52 26 3 44 43 66 1 14 94 84 23 33 40 65 72 82 21 11 91 0 39 62 61 102 79 53 45 15 76 95 104 8 54 110 98 106 68 18 88 64 6 103 55 86 49 85 83 28 78 112 38 58 12 13 48 69 101 34 74 25 109 96 63 81 70 16 75 32 5 100 73 30 89 35
67 15 8 87 84 27 104 30 2 94 35 18 22 66 106 1 69 61 11 54 33 65 12 83 58 34 81 5 63 37 7 36 99 20 25 10 31 29 102 108 103 97 91 86 92 53 51 72 57 62 95 46 75 45 19 77 113 48 24 111 70 17 49 28 71 21 13 0 88 16 60 64 47 100 80 52 90 55 110 107 74 26 101 23 4 89 43 3 68 85 76 42 44 112 9 50 96 41 98 32 73 82 38 40 6 109 14 79 39 105 78 59 93 56
56 2
18 11 76 91 36 113 66 94 102 59 17 1 19 60 86 55 81 10 0 12 82 39 47 75 28 105 50 65 24 37 84 62 100 96 73 49 4 29 58 21 95 109 63 52 72 108 101 22 67 35 26 77 43 70 54 15 61 111 38 9 13 56 31 42 90 27 6 48 107 97 53 88 44 34 93 23 2 51 99 110 85 16 20 103 30 80 14 87 71 98 64 3 106 74 7 40 33 69 89 78 32 46 8 83 112 25 92 68 45 41 79 57 104 5
57 77 38 3 7 21 93 4 90 30 62 67 72 104 44 18 41 113 15 19 96 5 54 40 102 100 69 56 91 37 9 84 110 101 109 61 49 29 2 53 23 16 87 106 14 60 55 92 59 36 103 82 83 39 22 46 27 0 63 48 45 35 10 58 68 108 70 11 64 26 66 76 12 99 89 86 71 1 107 88 112 95 51 52 31 98 75 42 79 74 8 28 47 6 111 81 20 105 85 73 25 33 24 50 13 97 43 78 65 34 32 94 80 17
57 1
17 48 104 89 80 37 21 8 0 47 36 34 15 9 87 58 67 112 3 51 46 84 45 85 92 20 93 19 14 62 65 110 7 90 56 50 31 29 18 1 57 44 28 97 88 73 106 43 49 24 74 109 86 38 94 76 39 98 25 5 96 100 10 82 54 59 78 64 107 75 111 13 108 72 2 30 32 61 23 53 12 42 4 33 35 63 105 69 52 66 102 70 113 99 6 11 95 55 77 81 60 40 79 26 101 83 27 91 68 103 41 16 22 71
112 2
57 77 38 3 7 21 93 4 90 30 62 67 72 104 44 18 41 113 15 19 96 5 54 40 102 100 69 56 91 37 9 84 110 101 109 61 49 29 2 53 23 16 87 106 14 60 55 92 59 36 103 82 83 39 22 46 27 0 63 48 45 35 10 58 68 108 70 11 64 26 66 76 12 99 89 86 71 1 107 88 112 95 51 52 31 98 75 42 79 74 8 28 47 6 111 81 20 105 85 73 25 33 24 50 13 97 43 78 65 34 32 94 80 17
67 15 8 87 84 27 104 30 2 94 35 18 22 66 106 1 69 61 11 54 33 65 12 83 58 34 81 5 63 37 7 36 99 20 25 10 31 29 102 108 103 97 91 86 92 53 51 72 57 62 95 46 75 45 19 77 113 48 24 111 70 17 49 28 71 21 13 0 88 16 60 64 47 100 80 52 90 55 110 107 74 26 101 23 4 89 43 3 68 85 76 42 44 112 9 50 96 41 98 32 73 82 38 40 6 109 14 79 39 105 78 59 93 56
113 1
111 54 49 97 52 50 87 29 69 86 93 28 80 107 63 2 7 100 32 16 8 88 89 104 101 67 112 22 31 53 98 64 61 76 77 45 37 21 65 46 51 102 58 85 25 72 79 96 24 78 3 113 68 4 43 55 0 81 106 70 105 108 26 11 71 75 18 56 6 14 38 12 40 74 33 9 23 36 92 82 19 103 99 5 48 66 62 34 83 73 17 30 44 20 91 13 41 15 39 47 109 35 90 94 42 27 57 60 95 59 84 1 110 10
226 2
90 41 75 62 10 112 40 8 7 15 4 12 11 91 19 9 69 56 79 14 29 48 106 33 37 109 50 57 71 20 95 64 46 23 45 77 101 24 78 61 6 1 73 47 59 34 32 43 21 65 26 68 113 93 96 55 17 27 89 44 103 39 3 80 31 49 82 100 51 16 92 28 87 42 104 2 76 35 38 18 63 105 66 110 88 99 97 72 84 58 0 13 70 53 107 30 54 86 108 85 67 36 111 60 74 81 22 94 98 25 83 102 5 52
10 20 24 110 90 26 109 96 57 61 42 91 79 12 103 48 47 111 11 99 106 9 29 87 22 40 13 7 30 41 3 98 28 68 70 73 65 75 66 15 76 67 77 69 72 74 2 44 27 101 112 23 17 102 8 55 113 21 36 43 19 31 95 94 39 18 63 51 100 81 85 46 33 4 52 32 6 38 35 49 82 88 78 62 105 14 108 59 86 53 0 50 45 58 5 71 25 84 97 92 1 89 56 83 34 16 37 80 64 54 60 93 107 104
452 2
5 22 34 59 45 89 44 73 38 15 85 25 8 86 71 31 43 21 87 3 39 29 27 49 67 62 46 111 13 98 103 106 78 11 58 57 26 20 84 48 69 75 23 109 47 102 63 76 37 92 30 4 64 70 91 55 7 113 82 81 16 61 33 36 41 14 28 93 77 72 90 112 110 100 24 52 6 96 108 68 53 19 2 54 12 101 66 95 50 94 80 105 42 74 0 99 79 35 17 18 56 107 51 88 32 83 9 10 104 60 40 1 65 97
94 24 104 87 92 101 47 35 77 39 70 96 54 88 95 61 59 57 23 30 64 22 48 79 41 83 71 17 26 31 14 20 82 18 93 8 5 1 97 15 43 37 51 6 16 53 66 40 106 99 28 73 108 34 11 55 27 56 80 69 105 9 72 58 29 85 32 111 42 44 4 50 3 68 2 74 76 7 86 33 89 60 46 109 13 49 38 62 91 63 107 84 10 45 90 19 12 78 52 65 102 112 67 81 75 103 21 0 113 110 25 100 36 98
791 2
41 98 14 29 81 77 22 96 34 26 2 28 112 78 7 31 17 4 60 70 21 49 53 35 104 86 90 6 69 79 23 10 108 20 61 27 111 25 113 105 43 5 62 58 110 13 95 92 57 93 68 0 42 30 103 55 100 102 65 11 83 66 59 12 72 45 89 38 33 52 8 24 32 64 63 48 51 85 40 18 9 99 54 88 91 76 75 107 3 19 87 106 101 50 94 67 15 80 73 56 16 74 37 39 84 36 109 97 1 71 46 82 47 44
54 84 85 98 77 6 72 108 88 89 60 21 95 0 96 68 36 74 29 51 93 18 106 80 27 91 3 56 13 82 23 47 111 58 32 8 45 87 109 64 102 70 42 1 43 5 78 49 50 30 66 20 61 40 53 55 4 44 9 15 26 81 14 10 113 63 110 48 79 107 73 37 105 19 67 97 86 46 24 76 99 104 38 35 69 103 100 34 39 62 2 92 52 41 71 7 33 101 65 31 59 90 28 75 25 16 12 57 112 11 17 94 22 83
904 2
106 1 60 92 112 74 11 82 94 83 13 77 4 97 66 19 78 29 44 35 5 111 21 76 56 32 85 9 42 80 108 10 47 109 65 53 58 93 71 88 49 51 25 68 28 89 81 87 113 110 45 79 50 107 100 55 37 27 96 2 31 16 14 38 0 95 72 75 91 63 46 90 101 8 54 62 6 36 3 69 73 48 43 52 104 33 103 18 17 57 41 64 30 26 39 84 23 99 86 59 22 102 67 15 40 61 7 98 105 24 34 20 70 12
20 100 110 99 50 45 18 80 63 103 26 42 73 98 38 60 82 22 47 78 94 17 57 40 102 75 70 21 10 107 86 0 16 6 36 89 93 111 95 81 79 67 96 33 32 101 69 23 56 3 92 12 91 112 68 55 106 48 7 46 61 105 85 77 90 62 44 37 11 66 71 4 49 54 109 83 76 58 30 43 35 15 59 74 113 72 14 65 52 8 29 108 28 5 64 97 51 19 88 87 24 53 41 39 25 9 27 31 84 2 104 1 34 13
1582 2
37 46 25 53 62 98 31 91 19 4 48 11 99 63 23 106 101 3 56 87 0 95 82 16 14 69 67 113 100 1 108 27 80 94 89 60 20 96 72 35 79 64 104 52 97 21 30 58 15 71 43 18 42 7 66 55 107 109 78 13 105 75 57 49 83 39 81 102 92 9 36 10 51 6 24 85 111 50 38 54 61 22 29 45 33 84 110 59 77 32 73 47 74 103 93 2 44 112 34 26 8 90 70 5 86 88 28 17 76 41 65 40 12 68
18 76 48 77 3 64 113 23 36 61 27 13 49 21 25 44 8 101 54 32 94 0 31 108 10 96 4 60 11 53 7 106 51 92 19 16 88 70 102 5 38 37 42 79 68 39 65 12 85 95 103 111 9 82 29 55 26 15 52 57 56 89 104 24 6 78 75 2 43 100 87 41 83 34 90 110 84 98 63 1 112 62 40 105 86 50 69 73 45 81 67 33 58 71 93 30 91 17 46 22 107 74 109 66 14 35 47 59 80 28 97 20 99 72
3164 2
94 24 104 87 92 101 47 35 77 39 70 96 54 88 95 61 59 57 23 30 64 22 48 79 41 83 71 17 26 31 14 20 82 18 93 8 5 1 97 15 43 37 51 6 16 53 66 40 106 99 28 73 108 34 11 55 27 56 80 69 105 9 72 58 29 85 32 111 42 44 4 50 3 68 2 74 76 7 86 33 89 60 46 109 13 49 38 62 91 63 107 84 10 45 90 19 12 78 52 65 102 112 67 81 75 103 21 0 113 110 25 100 36 98
18 76 48 77 3 64 113 23 36 61 27 13 49 21 25 44 8 101 54 32 94 0 31 108 10 96 4 60 11 53 7 106 51 92 19 16 88 70 102 5 38 37 42 79 68 39 65 12 85 95 103 111 9 82 29 55 26 15 52 57 56 89 104 24 6 78 75 2 43 100 87 41 83 34 90 110 84 98 63 1 112 62 40 105 86 50 69 73 45 81 67 33 58 71 93 30 91 17 46 22 107 74 109 66 14 35 47 59 80 28 97 20 99 72
