126000 126
75 112 225 336
2
0 1 3 5 7 9 11 13 15 16 18 20 22 24 26 28 30 31 33 35 37 39 41 38 44 46 43 49 51 53 32 34 50 57 58 60 62 54 65 66 63 4 68 70 12 71 73 75 77 47 2 80 81 83 85 52 25 87 88 55 90 92 93 95 89 97 10 98 84 100 45 69 8 102 103 78 91 105 29 107 82 108 110 27 40 76 112 21 99 48 113 6 116 117 114 74 119 23 94 115 14 120 79 42 19 61 86 121 101 123 72 96 109 125 36 124 64 67 104 106 122 56 59 111 17 118
1 2 4 6 8 10 12 14 0 17 19 21 23 25 27 29 15 32 34 36 38 40 42 43 45 47 48 50 52 54 55 51 56 18 59 61 63 64 24 39 67 16 69 3 68 72 74 76 78 79 80 58 82 84 41 85 86 33 89 57 91 93 94 5 96 35 70 99 62 75 101 95 20 102 97 92 104 105 106 37 7 109 111 60 108 107 9 110 65 100 114 115 22 88 118 53 49 120 46 11 31 117 77 87 13 119 121 122 71 124 90 116 123 66 103 125 28 113 44 73 98 26 30 81 112 83
35
2 1
34 87 61 45 98 8 110 51 5 111 97 29 18 70 66 49 104 69 12 123 91 121 50 108 63 31 96 48 47 11 75 25 117 95 0 119 90 113 59 62 116 107 64 77 68 3 105 28 27 15 22 7 56 81 122 82 52 83 80 38 60 2 39 24 42 115 14 89 44 17 13 71 73 72 84 30 106 43 79 78 58 53 55 57 74 101 100 1 103 67 36 20 99 93 118 33 26 10 4 92 86 85 102 88 16 46 76 41 23 125 6 9 112 37 124 65 40 32 94 35 120 21 54 19 114 109
3 1
117 101 90 33 57 82 23 113 114 73 46 124 70 1 12 30 25 84 63 26 100 115 86 88 66 110 50 59 118 55 105 99 41 120 51 29 60 0 53 32 28 39 21 89 64 95 72 74 67 97 19 107 11 77 47 35 5 102 44 78 61 36 7 87 58 106 85 81 76 94 14 45 10 75 54 9 121 38 27 43 65 48 56 112 116 24 125 18 6 79 93 123 104 2 122 71 20 111 83 108 96 13 4 92 103 15 80 34 31 91 16 49 98 62 119 42 17 37 40 8 3 68 69 109 52 22
4 2
62 14 2 3 4 11 92 32 29 105 75 5 85 24 1 72 23 28 101 86 50 58 91 16 13 103 109 43 17 8 97 88 7 95 39 56 90 41 89 34 122 37 106 27 65 45 111 69 77 73 20 117 119 78 116 124 35 83 21 67 93 61 0 70 76 44 87 59 115 47 63 120 15 49 118 10 64 48 53 81 121 79 114 57 94 12 19 66 31 38 36 22 6 60 84 33 125 30 98 110 123 18 112 25 108 9 42 113 104 26 99 46 102 107 82 68 54 51 74 52 71 80 40 100 55 96
34 87 61 45 98 8 110 51 5 111 97 29 18 70 66 49 104 69 12 123 91 121 50 108 63 31 96 48 47 11 75 25 117 95 0 119 90 113 59 62 116 107 64 77 68 3 105 28 27 15 22 7 56 81 122 82 52 83 80 38 60 2 39 24 42 115 14 89 44 17 13 71 73 72 84 30 106 43 79 78 58 53 55 57 74 101 100 1 103 67 36 20 99 93 118 33 26 10 4 92 86 85 102 88 16 46 76 41 23 125 6 9 112 37 124 65 40 32 94 35 120 21 54 19 114 109
4 1
102 61 34 100 23 10 30 106 39 107 14 4 12 97 16 91 5 114 85 108 122 26 89 94 19 28 124 21 52 45 60 35 81 15 63 67 119 47 72 76 36 68 98 54 56 99 58 20 95 69 73 92 125 6 43 46 48 57 116 65 53 75 86 64 2 9 7 80 17 82 29 13 77 96 51 84 110 88 104 87 31 42 103 18 1 101 120 3 38 121 50 105 112 24 11 44 90 117 32 70 79 83 78 49 0 33 123 59 93 111 8 109 74 22 41 40 55 71 62 115 118 113 37 66 27 25
5 1
61 52 75 54 119 56 43 10 114 64 39 57 96 97 89 2 16 65 6 122 115 13 45 66 36 32 78 59 18 107 62 124 109 27 21 31 100 3 70 123 73 1 76 112 30 26 25 90 34 17 91 87 69 35 95 37 121 68 49 118 5 106 14 88 24 71 51 92 63 125 74 58 104 72 103 82 50 53 102 8 99 0 83 15 12 120 60 117 11 44 94 108 79 81 20 55 29 48 38 4 9 80 22 98 116 33 93 84 42 113 7 19 28 46 67 47 40 23 105 101 111 86 85 110 77 41
5 1
10 49 118 68 122 46 5 103 11 78 62 61 112 42 21 96 56 28 16 110 13 80 33 85 48 64 81 47 121 30 108 116 125 124 113 44 88 24 63 69 89 0 104 86 12 7 40 71 3 123 107 73 19 77 70 119 39 29 99 74 35 58 98 53 55 1 91 43 37 18 83 117 50 114 106 94 17 102 72 92 75 54 52 26 25 36 34 57 100 6 2 109 59 20 14 65 90 105 41 8 23 101 38 32 93 66 79 9 87 97 120 76 60 67 31 27 51 115 15 84 82 111 22 95 4 45
5 1
78 41 74 122 100 110 77 32 76 33 4 9 72 66 56 103 70 17 59 120 92 48 116 123 11 5 20 47 64 88 65 10 83 89 71 104 30 1 35 69 84 2 108 26 68 25 115 99 52 40 46 87 67 121 60 3 15 14 111 91 58 93 119 75 51 8 22 112 73 50 7 124 79 81 37 38 36 27 34 29 54 95 98 16 125 90 43 96 12 24 62 19 86 101 13 44 28 61 42 6 109 114 55 57 63 49 82 45 106 31 107 80 21 23 97 39 94 85 102 117 18 113 118 53 0 105
5 1
7 91 10 41 82 52 11 1 47 37 56 18 78 45 92 61 99 108 60 109 4 71 43 20 15 6 53 81 98 5 13 83 74 66 8 86 22 36 27 28 121 114 34 9 62 97 105 119 118 85 23 30 35 96 44 93 77 79 102 122 25 55 70 73 103 48 87 2 106 64 72 69 54 76 63 12 32 67 17 116 14 40 50 65 104 115 29 84 113 39 80 100 125 24 16 59 124 51 107 88 0 112 3 21 33 57 19 89 75 111 117 68 49 94 58 101 46 95 31 42 26 38 110 123 120 90
6 1
125 87 117 114 54 124 41 30 115 57 47 120 102 121 84 106 88 50 96 44 107 109 27 21 16 8 67 116 9 119 13 55 20 94 1 23 11 24 103 97 14 83 77 51 4 6 0 85 15 92 91 36 110 56 122 62 65 39 34 76 26 70 59 52 63 49 43 3 17 79 58 113 42 82 86 53 123 48 5 64 73 45 111 101 46 32 29 61 33 104 25 98 75 28 37 22 90 93 100 89 68 81 35 80 99 19 72 10 95 12 69 38 108 74 118 18 112 7 60 71 66 2 105 31 78 40
6 2
39 66 61 45 98 29 99 117 11 46 30 8 101 63 87 73 108 47 85 100 22 80 20 104 70 88 125 77 69 5 10 103 51 33 62 52 36 107 67 0 54 113 76 48 115 3 9 17 43 72 91 32 35 79 40 114 119 57 121 89 93 2 34 13 106 68 1 38 65 28 24 120 49 15 94 97 42 27 81 53 21 78 124 83 118 18 123 14 25 59 90 50 110 60 74 95 109 75 4 6 19 12 112 31 23 111 64 37 16 96 92 105 102 41 55 44 122 7 84 56 71 58 116 86 82 26
75 67 37 10 36 53 46 5 19 99 116 119 72 97 27 2 9 123 84 56 22 93 83 68 60 51 125 81 92 117 45 89 88 76 57 65 98 15 66 13 121 74 33 110 38 122 108 55 28 101 40 111 23 7 91 86 8 62 54 103 80 73 34 0 49 104 44 115 52 43 21 120 106 107 109 63 42 87 77 29 24 14 59 20 102 112 47 78 105 124 71 58 48 70 113 26 94 39 4 16 11 64 18 82 35 32 12 61 6 41 69 25 118 96 17 1 3 79 85 100 90 50 30 114 31 95
7 1
98 36 32 109 25 9 111 21 51 62 101 57 24 105 88 86 124 56 70 103 28 91 53 116 125 84 35 44 8 95 2 5 43 10 14 78 11 94 30 58 93 42 83 17 29 16 115 19 120 74 97 23 20 104 59 49 38 112 47 64 27 46 26 121 90 15 41 68 118 119 114 66 67 22 37 122 108 99 31 85 6 80 110 13 12 63 45 33 79 65 100 73 4 1 82 106 60 107 113 87 48 102 77 75 7 71 96 81 61 72 55 50 40 123 0 69 52 3 117 76 54 34 39 18 89 92
8 2
102 40 21 3 51 101 118 90 99 54 100 64 48 9 4 114 78 10 53 58 69 44 1 52 32 11 6 109 13 56 47 72 75 34 111 37 17 110 43 87 61 15 67 74 63 57 71 121 79 84 33 122 59 76 28 27 82 60 19 96 93 22 7 2 125 98 80 5 39 120 65 66 8 35 85 112 119 92 103 124 46 26 94 83 88 38 70 97 108 113 105 117 89 45 29 30 23 68 86 31 36 42 116 106 41 62 16 55 49 107 73 50 24 77 104 20 123 91 81 18 115 95 14 0 12 25
4 66 85 83 116 35 57 49 78 59 32 33 113 96 123 119 72 75 114 58 47 74 80 9 17 34 60 70 23 97 115 106 36 125 64 42 112 101 21 29 71 18 110 2 43 26 1 120 89 105 25 102 13 15 52 65 87 81 19 28 118 46 84 38 50 109 61 37 56 30 107 22 103 67 63 100 41 48 31 92 40 93 39 3 90 44 55 94 7 124 108 91 12 6 68 20 54 82 27 16 24 73 14 99 53 88 8 98 62 86 5 11 10 79 76 121 122 117 45 104 95 69 0 51 77 111
8 1
50 108 90 53 116 88 24 101 93 30 20 78 51 69 109 95 83 19 104 102 56 98 86 16 17 43 99 122 103 64 71 68 118 77 59 22 34 25 76 65 23 124 39 44 38 96 66 32 8 3 48 75 73 12 54 92 79 94 58 9 110 7 123 112 60 91 15 62 21 97 11 117 115 70 89 33 1 49 67 10 26 100 36 57 13 81 87 2 114 6 41 84 111 45 106 14 113 42 28 27 105 85 120 4 5 125 121 119 37 107 72 80 29 0 47 63 31 82 18 46 74 40 55 52 35 61
8 2
13 4 29 42 1 5 62 123 8 77 16 61 57 0 14 35 10 90 83 51 25 27 44 84 92 20 124 21 47 2 118 91 79 67 70 15 69 52 59 110 82 73 3 111 22 64 58 28 121 119 68 19 37 86 109 116 113 12 46 38 120 11 6 99 45 88 66 33 50 36 34 102 107 41 108 94 76 9 117 32 105 100 40 18 23 101 53 98 65 95 17 31 24 112 75 89 114 104 87 63 81 85 71 115 97 80 106 72 74 54 39 43 93 56 96 103 55 78 30 49 60 48 125 7 26 122
102 61 34 100 23 10 30 106 39 107 14 4 12 97 16 91 5 114 85 108 122 26 89 94 19 28 124 21 52 45 60 35 81 15 63 67 119 47 72 76 36 68 98 54 56 99 58 20 95 69 73 92 125 6 43 46 48 57 116 65 53 75 86 64 2 9 7 80 17 82 29 13 77 96 51 84 110 88 104 87 31 42 103 18 1 101 120 3 38 121 50 105 112 24 11 44 90 117 32 70 79 83 78 49 0 33 123 59 93 111 8 109 74 22 41 40 55 71 62 115 118 113 37 66 27 25
9 2
25 79 61 44 85 6 89 92 117 3 51 30 48 11 114 86 116 53 10 17 2 119 50 105 23 73 21 115 52 43 13 94 16 66 118 60 124 4 64 123 101 38 29 42 9 75 40 58 97 28 91 18 49 19 77 102 103 15 90 45 78 20 69 98 41 7 100 113 107 120 111 96 112 0 80 59 54 76 35 121 83 55 39 74 14 37 57 71 36 5 47 22 65 34 125 56 87 12 110 27 33 46 81 95 67 24 70 122 8 72 63 106 109 104 84 99 32 108 93 26 62 1 68 82 88 31
48 92 67 123 100 90 47 23 46 39 91 86 38 15 102 71 53 78 50 60 104 85 70 121 79 97 4 20 80 108 57 77 17 21 6 16 125 66 73 112 42 25 117 8 82 107 43 34 64 74 111 22 83 35 36 62 28 87 118 68 116 113 84 75 0 24 119 115 98 14 51 13 44 12 95 122 88 124 32 65 56 120 72 103 55 33 96 30 94 58 93 106 105 5 76 49 11 41 59 61 26 29 69 52 27 1 10 110 101 3 45 18 9 99 81 2 19 40 89 37 114 7 63 109 31 54
12 2
44 49 98 2 45 104 78 76 16 125 100 108 30 105 73 91 77 113 75 85 14 28 87 48 9 59 63 5 107 23 19 38 64 36 68 99 83 121 82 115 32 80 54 11 74 61 26 41 8 20 1 106 6 52 51 103 110 33 17 55 112 4 65 111 122 118 72 124 84 37 46 93 22 50 62 123 40 29 119 35 69 56 88 95 39 97 12 15 89 114 57 66 53 102 34 90 24 86 3 81 18 10 120 67 43 96 116 58 27 70 79 109 71 21 31 94 117 42 0 92 60 47 7 101 25 13
68 15 4 61 3 16 79 106 104 109 86 23 75 46 72 20 43 37 30 101 66 47 1 27 111 38 24 8 41 108 123 59 42 90 44 92 57 21 55 65 117 58 122 29 84 2 96 107 5 91 87 76 110 56 7 88 6 95 69 82 112 98 115 9 54 94 73 114 74 113 105 93 50 22 39 19 116 11 35 119 17 52 103 33 62 10 18 49 67 124 83 14 81 102 0 36 63 100 45 53 12 97 120 89 77 26 40 80 48 13 78 125 71 121 25 118 32 64 34 99 60 28 51 85 31 70
12 2
76 30 57 36 33 25 43 80 103 91 125 88 9 72 10 100 89 0 105 13 85 74 101 59 49 53 66 114 39 31 109 78 21 93 64 104 102 115 35 106 37 44 69 55 116 90 20 34 82 123 18 121 16 5 113 6 23 71 94 56 98 83 42 73 47 122 75 119 54 62 15 2 19 86 32 26 17 124 29 8 84 11 92 120 7 46 63 97 81 52 112 12 48 4 117 60 87 96 95 77 70 111 3 79 38 50 28 65 67 1 27 22 45 68 110 40 41 58 51 108 61 118 107 24 99 14
106 75 83 90 95 31 77 58 88 20 109 103 111 73 97 86 67 34 46 70 101 84 85 38 15 81 14 124 62 25 125 79 121 93 42 16 102 65 119 76 113 68 17 82 40 36 91 0 55 19 12 21 104 8 37 110 108 71 118 52 4 57 64 72 28 54 30 35 122 39 49 61 123 100 117 96 69 114 11 5 74 29 99 120 51 105 24 10 53 56 112 18 27 98 32 60 1 26 33 43 13 9 45 78 59 22 47 115 89 87 48 50 3 44 6 116 107 80 7 23 2 94 41 63 92 66
12 2
51 18 36 95 83 114 16 107 82 49 111 55 63 14 85 97 103 94 70 109 123 68 19 31 87 99 20 67 74 124 9 110 37 71 117 8 93 62 78 7 17 34 58 38 76 33 15 118 59 30 86 113 5 48 69 56 11 112 65 53 61 90 32 66 21 42 12 79 64 84 1 45 75 10 116 105 80 89 43 27 44 77 35 102 54 13 96 101 92 81 60 100 108 2 40 120 50 46 57 104 125 24 4 6 25 72 121 39 88 22 23 73 98 0 52 106 28 41 122 29 3 115 47 26 119 91
41 24 60 71 112 35 31 0 52 10 15 119 1 18 63 9 99 54 66 20 125 106 96 92 12 23 86 53 122 56 72 104 34 3 113 124 61 51 48 37 74 7 68 81 21 120 75 116 79 46 109 39 55 89 118 8 114 4 76 43 90 93 107 101 65 121 13 77 80 40 85 33 111 105 69 49 115 78 67 38 42 59 11 98 28 87 91 70 16 27 2 26 25 36 47 45 123 73 102 88 50 14 83 108 6 97 44 117 110 100 103 30 57 32 29 58 94 62 17 82 95 64 84 22 5 19
12 2
21 46 102 60 120 6 67 115 99 19 50 110 72 97 105 26 78 32 49 87 63 122 70 79 10 43 101 35 117 92 20 48 65 61 80 88 98 64 11 58 34 42 118 119 69 93 86 7 52 125 24 44 31 55 39 108 103 3 54 8 57 112 121 30 84 17 111 5 28 51 75 36 96 109 107 22 74 56 82 124 40 114 16 45 37 73 1 9 27 29 4 13 89 83 113 2 12 91 71 59 66 15 95 77 81 123 94 76 53 85 38 100 33 106 104 47 62 68 41 25 90 116 0 14 23 18
58 111 112 93 71 92 59 68 110 86 20 99 15 30 9 109 53 7 73 66 70 40 63 81 75 27 18 56 51 6 50 77 44 61 121 31 98 76 5 21 39 106 74 52 47 60 19 32 119 96 13 65 88 124 34 104 25 3 116 29 83 102 80 97 94 28 46 11 17 117 10 90 125 26 113 91 118 35 114 55 122 82 23 45 41 49 14 105 43 8 4 24 38 57 107 2 85 22 120 67 87 72 33 48 79 100 84 64 78 12 89 123 95 42 108 69 0 115 37 103 36 54 62 1 16 101
12 2
87 68 11 33 70 6 27 58 121 52 112 59 91 50 122 75 107 114 99 84 81 48 98 13 57 83 36 5 21 14 65 37 118 79 74 88 76 86 54 8 82 93 103 63 34 30 0 110 28 95 23 22 92 18 125 102 20 100 108 2 73 109 47 113 117 45 61 35 123 90 80 40 10 97 44 78 26 25 15 3 4 56 71 77 105 96 31 46 67 64 101 111 9 104 42 115 124 60 51 53 24 69 116 94 41 19 17 120 7 66 62 12 72 43 106 49 55 89 119 32 16 39 29 1 85 38
59 73 89 70 91 27 6 0 30 72 1 117 76 99 78 86 38 48 109 106 96 25 116 53 81 84 79 5 83 15 115 44 100 4 29 88 33 74 51 65 93 69 8 71 14 49 2 13 77 94 18 55 112 66 98 16 124 20 46 64 9 47 50 82 7 95 110 67 60 63 12 104 68 92 122 37 3 105 31 80 111 85 41 19 114 119 34 11 35 58 43 36 10 101 121 103 118 52 102 61 56 113 120 39 90 17 28 125 87 62 23 26 123 40 21 42 107 108 57 24 54 45 75 97 32 22
12 2
64 92 58 12 36 5 6 59 115 68 73 108 3 61 31 34 51 77 62 28 118 84 107 66 85 114 80 27 19 86 42 14 56 91 15 35 4 122 55 95 101 63 30 104 78 94 89 99 105 121 109 16 123 110 102 38 32 96 2 7 72 13 18 41 0 103 23 67 9 82 76 90 60 10 75 74 70 17 44 111 26 119 69 106 21 24 29 117 88 46 71 33 1 113 45 39 57 112 120 47 124 40 54 65 43 48 83 22 11 50 53 79 97 93 25 8 125 87 20 81 98 49 37 52 100 116
34 87 61 45 98 8 110 51 5 111 97 29 18 70 66 49 104 69 12 123 91 121 50 108 63 31 96 48 47 11 75 25 117 95 0 119 90 113 59 62 116 107 64 77 68 3 105 28 27 15 22 7 56 81 122 82 52 83 80 38 60 2 39 24 42 115 14 89 44 17 13 71 73 72 84 30 106 43 79 78 58 53 55 57 74 101 100 1 103 67 36 20 99 93 118 33 26 10 4 92 86 85 102 88 16 46 76 41 23 125 6 9 112 37 124 65 40 32 94 35 120 21 54 19 114 109
16 2
39 66 61 45 98 29 99 117 11 46 30 8 101 63 87 73 108 47 85 100 22 80 20 104 70 88 125 77 69 5 10 103 51 33 62 52 36 107 67 0 54 113 76 48 115 3 9 17 43 72 91 32 35 79 40 114 119 57 121 89 93 2 34 13 106 68 1 38 65 28 24 120 49 15 94 97 42 27 81 53 21 78 124 83 118 18 123 14 25 59 90 50 110 60 74 95 109 75 4 6 19 12 112 31 23 111 64 37 16 96 92 105 102 41 55 44 122 7 84 56 71 58 116 86 82 26
104 64 73 95 51 58 61 11 105 50 63 47 37 78 87 54 88 74 21 60 125 56 120 22 49 121 39 90 36 107 83 5 1 10 55 27 92 123 106 68 99 118 65 43 110 52 15 70 48 8 2 62 3 67 91 98 100 69 12 46 80 59 79 30 34 20 114 32 97 115 111 0 112 82 117 71 26 35 33 66 41 13 89 81 18 19 103 122 31 40 45 124 44 84 72 77 85 23 53 9 113 108 17 101 42 102 4 25 29 93 57 94 7 109 38 28 14 24 119 96 76 86 116 16 6 75
21 2
83 93 113 50 92 15 72 44 37 117 63 112 1 73 99 26 35 29 87 110 84 86 27 47 20 122 5 106 55 120 90 124 59 9 101 77 82 116 111 115 61 80 102 118 114 88 76 125 45 40 105 25 19 31 81 75 79 4 94 121 89 49 91 65 60 10 0 42 54 11 56 18 78 123 39 28 103 16 6 70 104 68 108 66 24 14 95 71 48 64 109 97 57 12 119 21 2 62 34 85 38 98 67 46 41 3 22 43 36 30 52 100 69 96 7 74 8 33 107 58 17 32 51 13 53 23
21 24 100 10 112 89 7 42 49 86 62 110 125 41 102 101 79 117 105 92 103 29 18 84 36 4 73 65 12 0 50 111 123 66 43 9 1 58 85 23 119 98 6 64 96 106 74 82 30 122 48 94 51 44 56 20 95 40 69 80 32 11 3 88 34 90 70 31 83 37 33 109 2 107 93 115 47 68 99 120 118 17 76 77 39 114 35 63 87 104 27 45 116 46 52 54 53 71 13 124 72 121 113 55 5 22 91 26 75 97 61 67 25 14 38 108 19 81 59 57 16 15 8 60 78 28
24 2
64 105 35 87 72 78 125 73 28 18 57 21 121 51 110 44 115 76 33 61 94 111 71 7 97 24 15 17 107 95 109 113 93 9 67 36 2 10 12 85 83 65 122 102 26 69 45 16 1 101 112 82 81 6 34 108 14 37 77 29 58 118 68 40 92 79 30 54 74 46 4 100 70 23 62 52 27 60 104 41 43 75 13 63 49 96 50 106 32 99 20 119 0 88 90 59 39 25 55 124 22 84 80 117 5 48 3 8 98 66 56 11 86 116 42 47 31 120 19 123 103 38 114 91 89 53
80 9 112 93 71 99 38 44 6 100 91 92 49 75 111 125 81 51 72 14 13 116 24 53 30 48 12 52 7 110 22 43 68 2 21 25 4 106 8 121 62 76 84 56 28 60 123 117 35 26 70 115 103 114 0 16 31 45 40 11 57 102 58 10 118 47 105 29 69 32 97 36 109 96 37 20 94 119 124 82 54 55 108 3 107 15 66 46 77 5 98 63 59 83 41 61 101 50 120 89 1 73 95 27 78 86 74 42 79 18 67 19 33 64 23 17 34 65 113 88 90 122 39 87 104 85
24 2
117 101 90 33 57 82 23 113 114 73 46 124 70 1 12 30 25 84 63 26 100 115 86 88 66 110 50 59 118 55 105 99 41 120 51 29 60 0 53 32 28 39 21 89 64 95 72 74 67 97 19 107 11 77 47 35 5 102 44 78 61 36 7 87 58 106 85 81 76 94 14 45 10 75 54 9 121 38 27 43 65 48 56 112 116 24 125 18 6 79 93 123 104 2 122 71 20 111 83 108 96 13 4 92 103 15 80 34 31 91 16 49 98 62 119 42 17 37 40 8 3 68 69 109 52 22
49 77 51 15 61 89 75 35 20 88 94 82 111 73 53 60 10 22 28 114 96 36 98 80 90 39 19 59 25 62 120 27 16 115 4 121 102 9 13 18 64 69 3 103 48 84 110 8 122 14 74 30 92 0 26 91 52 107 118 108 42 105 113 41 46 6 21 58 55 81 106 95 44 117 100 101 68 70 78 56 12 63 43 125 83 57 116 67 97 5 33 76 79 85 32 86 47 37 112 99 119 65 66 11 124 34 1 93 31 7 40 23 17 123 54 24 71 38 87 50 2 109 72 29 104 45
24 2
109 16 68 47 108 104 30 77 92 29 59 69 40 83 35 81 64 7 19 75 80 119 96 46 11 54 82 49 102 125 91 38 31 43 51 57 87 34 32 21 71 100 41 63 90 72 86 111 13 105 15 37 36 4 65 107 22 14 79 73 20 120 114 33 1 25 58 55 101 24 94 12 117 10 28 18 85 17 89 66 60 50 123 48 97 118 23 52 61 99 116 6 112 0 110 122 56 113 121 78 42 2 74 62 124 27 98 67 53 93 70 3 8 84 103 95 44 45 76 39 88 106 115 26 5 9
74 99 101 54 120 124 35 50 24 37 68 112 78 113 12 17 23 107 11 18 118 8 22 6 119 38 106 31 93 88 86 87 65 70 125 16 47 108 105 69 57 100 42 80 46 104 1 98 85 26 79 29 32 51 122 15 41 91 7 5 33 9 40 109 14 111 81 77 45 75 76 103 2 72 13 92 60 66 64 58 28 67 27 102 48 110 116 82 53 71 89 62 39 43 63 49 56 94 123 44 96 73 20 90 10 115 95 55 61 97 84 52 19 0 30 25 114 59 83 21 4 3 121 36 117 34
24 2
62 14 2 3 4 11 92 32 29 105 75 5 85 24 1 72 23 28 101 86 50 58 91 16 13 103 109 43 17 8 97 88 7 95 39 56 90 41 89 34 122 37 106 27 65 45 111 69 77 73 20 117 119 78 116 124 35 83 21 67 93 61 0 70 76 44 87 59 115 47 63 120 15 49 118 10 64 48 53 81 121 79 114 57 94 12 19 66 31 38 36 22 6 60 84 33 125 30 98 110 123 18 112 25 108 9 42 113 104 26 99 46 102 107 82 68 54 51 74 52 71 80 40 100 55 96
98 69 44 33 37 63 54 60 16 17 109 121 38 15 57 56 77 9 27 115 74 106 12 8 113 82 104 50 66 29 94 30 46 32 72 39 118 108 59 85 36 10 78 40 14 112 3 65 48 122 71 28 81 58 84 89 119 2 125 22 61 123 41 90 20 83 68 124 51 45 64 18 55 5 70 4 11 23 110 35 49 91 116 102 99 79 87 105 103 34 73 107 53 95 114 111 25 42 26 6 93 80 47 21 0 117 88 52 75 62 97 100 1 67 31 19 96 86 43 13 76 120 101 7 24 92
24 2
43 71 33 26 123 50 81 101 48 113 80 40 87 92 74 105 16 125 93 94 122 67 55 29 25 24 3 75 106 23 38 31 36 2 114 35 32 45 30 99 11 65 86 0 98 37 64 120 8 69 5 84 58 53 78 22 91 73 52 82 76 112 70 104 46 41 107 21 72 49 62 1 68 57 14 27 60 77 54 97 10 6 59 118 51 115 42 12 116 103 111 56 13 18 19 102 117 79 44 39 109 7 95 89 63 15 28 66 121 100 119 90 61 9 34 85 88 96 83 110 47 108 20 4 124 17
59 104 41 76 119 113 62 69 105 68 108 20 33 112 80 121 48 83 90 12 118 65 75 88 18 61 47 87 124 22 25 50 71 116 54 74 123 58 13 85 17 94 106 11 2 45 52 86 35 1 77 55 46 28 109 67 5 51 37 122 53 111 117 7 64 84 56 57 91 95 34 39 9 29 16 73 42 107 6 101 8 114 24 92 98 32 120 23 27 36 82 72 40 0 44 63 100 4 21 89 81 110 79 97 115 14 3 31 15 70 102 30 125 66 96 49 19 78 43 103 26 10 93 99 60 38
25 2
107 100 111 34 35 5 55 18 118 62 11 70 43 33 108 90 104 88 61 22 83 45 38 123 97 16 48 77 57 114 14 102 116 12 82 96 19 93 67 74 115 52 117 49 32 46 72 29 122 13 31 9 8 50 76 2 89 27 4 47 99 56 1 10 6 59 101 36 121 21 75 84 69 80 66 63 37 79 94 28 85 17 86 42 25 106 124 54 0 7 44 125 91 87 103 53 119 113 39 92 51 98 95 68 71 112 109 81 105 73 41 64 30 40 65 24 15 120 110 58 20 78 23 26 3 60
96 45 79 7 64 5 27 71 76 69 120 20 59 114 8 62 60 4 84 107 122 33 81 31 75 125 95 67 22 32 52 115 51 65 18 6 0 109 17 112 11 87 123 47 100 12 43 44 53 29 40 72 54 113 85 77 16 38 111 90 121 25 21 117 57 15 14 88 82 13 83 92 49 98 30 42 106 36 124 19 39 58 61 23 91 74 56 80 35 104 1 103 94 73 3 97 55 63 105 78 46 108 24 34 99 110 66 119 118 101 93 28 41 10 116 70 9 26 37 2 48 86 50 102 89 68
25 2
23 32 38 68 92 70 28 24 109 63 2 86 53 81 33 20 35 39 26 103 112 116 106 100 44 78 9 72 108 124 47 6 8 55 21 88 115 22 99 43 29 15 122 66 71 107 61 48 50 111 76 17 89 67 49 83 7 62 46 69 42 93 25 73 13 34 51 125 101 79 114 56 40 18 91 60 30 5 121 74 58 19 82 117 77 102 37 110 45 0 4 59 119 80 65 12 31 75 90 104 52 85 3 64 10 118 11 16 96 123 120 36 113 41 84 54 94 14 87 98 105 57 97 1 27 95
59 98 60 125 51 78 124 54 4 116 75 48 84 6 113 35 38 18 34 108 88 123 30 69 49 93 21 89 27 100 24 29 90 41 109 99 120 76 42 26 23 16 33 9 111 10 68 44 71 87 56 73 74 77 118 15 115 46 3 19 14 101 61 94 31 8 63 5 95 103 121 36 0 65 13 117 7 25 80 64 102 28 82 20 62 53 50 22 104 91 66 81 17 85 32 114 40 83 43 122 79 12 67 96 97 86 47 2 72 92 106 110 45 107 57 105 1 112 37 39 11 58 55 119 52 70
25 2
37 42 120 32 84 58 99 61 20 78 106 75 9 38 79 85 16 53 80 13 59 98 18 7 22 117 43 116 101 24 67 41 23 104 103 125 45 25 57 93 89 108 5 4 114 6 87 105 74 77 121 39 76 69 109 46 49 82 124 40 71 3 92 15 102 35 10 47 83 50 68 31 30 44 63 111 56 52 112 94 29 55 19 122 100 48 65 123 2 8 33 86 90 95 27 113 64 70 11 107 26 96 28 88 62 72 54 36 60 66 0 21 119 51 115 118 14 110 73 12 34 17 97 81 1 91
61 52 75 54 119 56 43 10 114 64 39 57 96 97 89 2 16 65 6 122 115 13 45 66 36 32 78 59 18 107 62 124 109 27 21 31 100 3 70 123 73 1 76 112 30 26 25 90 34 17 91 87 69 35 95 37 121 68 49 118 5 106 14 88 24 71 51 92 63 125 74 58 104 72 103 82 50 53 102 8 99 0 83 15 12 120 60 117 11 44 94 108 79 81 20 55 29 48 38 4 9 80 22 98 116 33 93 84 42 113 7 19 28 46 67 47 40 23 105 101 111 86 85 110 77 41
48 2
13 81 73 125 123 35 27 74 69 70 15 106 116 42 55 58 66 78 1 101 9 85 94 117 71 59 110 67 40 93 64 38 80 104 2 88 52 12 41 124 121 31 0 54 112 50 65 4 95 19 107 23 99 32 91 63 26 8 10 75 108 30 92 14 61 98 87 6 76 57 20 84 11 34 114 25 118 44 97 86 53 18 96 60 24 90 113 16 5 103 21 43 119 111 109 100 115 17 46 36 48 49 33 120 102 39 72 45 83 22 56 29 77 79 7 82 37 51 68 62 89 28 3 47 105 122
62 14 2 3 4 11 92 32 29 105 75 5 85 24 1 72 23 28 101 86 50 58 91 16 13 103 109 43 17 8 97 88 7 95 39 56 90 41 89 34 122 37 106 27 65 45 111 69 77 73 20 117 119 78 116 124 35 83 21 67 93 61 0 70 76 44 87 59 115 47 63 120 15 49 118 10 64 48 53 81 121 79 114 57 94 12 19 66 31 38 36 22 6 60 84 33 125 30 98 110 123 18 112 25 108 9 42 113 104 26 99 46 102 107 82 68 54 51 74 52 71 80 40 100 55 96
168 2
40 2 68 45 54 64 53 46 25 47 90 109 78 122 7 16 88 86 106 123 120 24 116 38 30 42 94 41 111 55 21 5 112 9 22 6 97 72 84 10 50 124 8 101 61 60 14 33 114 103 0 66 26 35 70 125 118 93 80 108 3 87 36 121 31 100 105 85 1 65 4 58 92 113 59 63 12 67 76 18 71 110 11 57 23 77 115 44 15 43 39 20 37 83 52 28 56 62 13 73 69 89 19 104 49 51 79 48 74 82 119 95 117 99 107 17 34 32 96 81 91 75 98 102 27 29
57 83 99 0 37 16 92 61 72 32 121 117 2 113 73 94 6 55 44 119 23 115 41 33 120 98 64 79 125 91 39 27 108 47 89 67 11 34 95 17 87 71 19 96 107 15 12 29 60 50 51 42 123 5 110 63 18 54 52 75 43 103 20 100 3 90 40 8 70 109 118 106 76 102 10 111 104 88 53 4 49 1 74 105 30 7 28 58 114 31 82 62 93 78 81 24 68 36 22 77 84 13 85 14 124 45 116 101 97 21 26 69 65 56 46 59 25 9 48 80 86 112 66 122 35 38
168 2
83 50 10 9 26 57 49 28 24 94 81 98 44 41 107 79 58 89 16 2 29 118 110 45 12 73 70 55 71 0 1 32 60 124 68 61 36 40 100 5 106 38 109 65 8 15 25 108 122 75 67 46 78 31 6 33 82 92 59 18 53 91 112 35 120 121 52 30 85 14 80 97 69 51 103 54 76 90 113 23 4 19 56 20 11 116 84 64 104 62 119 63 39 3 93 42 95 7 86 87 13 105 43 88 74 21 117 72 48 96 22 125 17 66 77 123 34 37 101 114 99 102 47 111 27 115
79 25 77 22 50 2 116 92 75 37 26 91 48 9 83 33 89 67 109 90 6 87 85 64 38 73 112 125 42 110 4 78 54 106 31 99 19 13 105 57 68 23 62 52 11 117 81 113 65 69 30 96 98 124 61 107 122 70 17 80 94 32 28 49 41 12 82 58 102 63 39 18 21 1 45 84 16 5 34 121 114 95 111 108 8 3 123 72 47 76 36 44 97 35 115 46 119 7 43 93 86 56 40 55 53 24 15 103 14 71 120 66 10 88 59 60 20 74 27 51 29 0 101 100 104 118
168 2
54 124 68 34 33 97 74 21 92 125 104 106 83 64 18 105 8 110 88 71 25 102 11 39 85 112 117 123 12 59 3 93 58 35 30 4 113 82 50 100 84 111 109 0 38 73 1 65 19 89 44 121 17 6 43 90 81 66 119 61 27 29 36 5 94 103 115 79 76 40 9 48 75 122 53 77 2 72 15 114 96 116 86 28 69 99 37 49 14 87 108 31 16 91 13 26 98 63 80 24 23 10 7 47 101 78 22 42 55 107 52 118 20 62 67 57 56 95 41 32 51 120 45 60 46 70
21 24 100 10 112 89 7 42 49 86 62 110 125 41 102 101 79 117 105 92 103 29 18 84 36 4 73 65 12 0 50 111 123 66 43 9 1 58 85 23 119 98 6 64 96 106 74 82 30 122 48 94 51 44 56 20 95 40 69 80 32 11 3 88 34 90 70 31 83 37 33 109 2 107 93 115 47 68 99 120 118 17 76 77 39 114 35 63 87 104 27 45 116 46 52 54 53 71 13 124 72 121 113 55 5 22 91 26 75 97 61 67 25 14 38 108 19 81 59 57 16 15 8 60 78 28
