14880 32
40 48 62 80 120
2
0 1 30 31 2 3 4 5 6 7 8 9 10 11 12 13 14 15 16 17 18 19 20 21 22 23 24 25 26 27 28 29
1 17 23 29 3 31 9 14 10 21 18 2 12 25 15 7 24 0 8 20 27 6 22 11 26 28 16 19 13 4 5 30
23
2 1
16 30 9 6 25 17 3 14 23 2 13 29 21 10 7 31 0 5 19 18 22 12 20 8 26 4 24 28 27 11 1 15
3 1
20 17 23 14 9 7 6 8 5 13 25 26 10 4 22 18 1 16 21 0 19 15 3 27 11 12 24 2 29 31 30 28
4 1
26 6 15 10 16 22 17 27 28 1 11 20 14 30 7 24 13 9 29 31 3 23 19 8 25 2 18 12 21 0 4 5
4 2
14 7 26 21 6 10 4 1 31 29 5 16 22 20 0 17 11 15 30 25 13 3 12 24 23 19 2 28 27 9 18 8
1 0 19 18 17 16 15 14 13 12 11 10 9 8 7 6 5 4 3 2 31 30 29 28 27 26 25 24 23 22 21 20
4 2
16 28 21 9 18 11 14 22 30 3 26 5 23 20 6 19 0 27 4 15 13 2 7 12 31 29 10 17 1 25 8 24
14 13 5 8 17 2 16 29 3 30 23 21 26 1 0 31 6 4 27 24 28 11 25 10 19 22 12 18 20 7 9 15
5 1
1 24 0 15 27 4 13 29 18 3 5 23 26 20 11 12 7 30 6 10 8 16 21 17 28 25 9 19 2 22 14
6 2
14 13 5 8 17 2 16 29 3 30 23 21 26 1 0 31 6 4 27 24 28 11 25 10 19 22 12 18 20 7 9 15
11 6 21 12 17 14 1 23 31 16 24 0 3 30 5 26 9 4 28 29 22 2 20 7 10 27 15 25 18 19 13 8
8 1
19 26 27 23 29 0 2 4 28 17 11 13 1 16 22 18 3 8 20 30 21 9 10 14 31 5 6 24 15 25 7 12
8 2
12 20 30 25 11 15 23 29 14 26 13 4 0 10 8 5 31 27 24 22 1 28 19 6 18 3 9 17 21 7 2 16
14 5 21 7 25 1 18 3 10 11 8 9 16 31 0 24 12 28 6 27 23 2 30 20 15 4 29 19 17 26 22 13
8 2
22 9 28 26 13 8 16 15 23 18 5 3 29 0 17 6 7 12 30 11 21 27 4 10 20 31 19 24 25 14 1 2
23 7 11 31 5 4 18 1 22 16 13 2 24 10 21 30 9 20 6 28 17 14 8 0 12 26 25 29 19 27 15 3
10 2
20 21 3 28 30 7 10 6 23 9 24 15 12 22 16 14 27 25 19 29 26 17 2 18 5 31 4 11 13 8 0 1
14 8 7 5 27 3 22 2 1 12 13 26 9 10 0 20 30 19 25 17 15 29 6 31 28 18 11 4 24 21 16 23
12 2
17 8 29 25 16 24 10 28 1 21 6 13 14 11 12 19 4 0 27 15 31 9 30 26 5 3 23 18 7 2 22 20
24 3 31 13 0 20 5 28 27 30 29 22 7 1 14 26 10 2 11 15 6 8 18 23 4 9 19 21 12 16 25 17
12 2
24 3 31 13 0 20 5 28 27 30 29 22 7 1 14 26 10 2 11 15 6 8 18 23 4 9 19 21 12 16 25 17
11 2 4 22 1 15 30 7 8 5 6 13 28 0 21 9 25 3 24 20 29 27 17 12 31 26 16 14 23 19 10 18
15 1
6 27 0 16 4 20 28 19 15 24 22 12 7 26 21 11 9 18 14 5 13 29 17 1 10 25 2 3 30 31 8 23
16 2
25 28 24 1 26 30 12 18 4 3 21 13 16 14 15 17 22 31 6 8 9 7 10 2 20 19 5 11 23 27 0 29
11 6 21 12 17 14 1 23 31 16 24 0 3 30 5 26 9 4 28 29 22 2 20 7 10 27 15 25 18 19 13 8
16 2
16 28 21 9 18 11 14 22 30 3 26 5 23 20 6 19 0 27 4 15 13 2 7 12 31 29 10 17 1 25 8 24
28 16 27 0 19 6 20 23 5 26 3 30 22 14 11 18 9 21 24 8 25 1 17 10 29 31 12 7 2 13 15 4
16 1
10 2 6 22 27 11 7 29 23 8 26 9 18 1 12 14 17 21 25 28 30 0 24 3 16 4 19 13 5 31 15 20
24 2
0 23 10 17 11 7 9 31 26 30 19 22 8 28 15 25 3 16 1 2 20 13 4 18 29 14 12 24 21 27 6 5
21 20 29 19 25 27 14 16 22 12 15 24 9 23 6 10 7 30 28 3 1 0 8 13 11 4 31 5 18 2 17 26
24 2
26 6 15 10 16 22 17 27 28 1 11 20 14 30 7 24 13 9 29 31 3 23 19 8 25 2 18 12 21 0 4 5
16 30 9 6 25 17 3 14 23 2 13 29 21 10 7 31 0 5 19 18 22 12 20 8 26 4 24 28 27 11 1 15
30 2
12 20 30 25 11 15 23 29 14 26 13 4 0 10 8 5 31 27 24 22 1 28 19 6 18 3 9 17 21 7 2 16
3 28 16 0 25 22 27 18 31 26 20 21 14 24 12 29 2 19 7 17 10 11 5 30 13 4 9 6 1 15 23 8
31 1
17 30 4 6 10 1 22 3 2 27 9 28 18 12 5 29 19 8 20 15 14 25 0 7 11 13 26 31 23 24 16 21
60 2
23 7 11 31 5 4 18 1 22 16 13 2 24 10 21 30 9 20 6 28 17 14 8 0 12 26 25 29 19 27 15 3
23 16 25 31 29 0 26 20 24 9 4 22 12 21 3 2 28 11 7 6 18 27 17 5 30 15 19 13 1 10 8 14
60 2
7 15 24 9 21 8 29 0 5 3 30 26 22 19 17 1 23 14 31 13 28 4 12 16 2 27 11 25 20 6 10 18
21 11 4 8 18 16 14 24 28 9 22 15 29 5 26 1 13 12 2 7 31 25 30 20 19 0 6 27 3 17 10 23
