2448 18
48
2
0 1 16 17 2 3 4 5 6 7 8 9 10 11 12 13 14 15
1 10 12 14 7 3 17 11 2 13 0 4 8 16 5 6 9 15
14
2 1
4 13 9 17 0 5 7 6 15 2 11 10 12 1 16 8 14 3
3 1
16 7 1 15 13 14 5 2 9 10 8 0 4 12 6 17 11 3
4 2
4 2 1 11 0 6 5 12 14 9 15 3 7 13 8 10 17 16
4 1 2 14 0 7 12 5 11 13 17 8 6 9 3 16 15 10
4 2
15 17 13 14 7 5 10 4 16 12 6 11 9 2 3 0 8 1
2 3 0 1 7 11 8 4 6 9 16 5 12 15 17 13 10 14
4 1
9 1 15 7 3 0 12 17 10 16 2 6 13 11 14 8 5 4
6 2
17 6 16 8 5 10 12 0 9 3 4 14 1 11 13 2 15 7
4 1 2 14 0 7 12 5 11 13 17 8 6 9 3 16 15 10
8 1
14 15 3 7 4 16 2 5 12 17 8 11 13 9 6 10 0 1
8 2
15 17 13 14 7 5 10 4 16 12 6 11 9 2 3 0 8 1
10 11 2 6 0 1 15 3 16 12 14 17 8 13 4 7 9 5
8 2
14 5 2 10 4 15 9 17 1 13 11 12 3 16 7 8 6 0
5 14 4 10 2 0 6 8 7 16 3 12 11 13 1 17 9 15
12 2
9 0 4 10 13 14 3 11 15 1 6 17 8 2 16 12 5 7
4 1 2 14 0 7 12 5 11 13 17 8 6 9 3 16 15 10
12 2
3 12 9 11 1 15 7 13 2 8 16 0 4 6 5 14 17 10
6 15 17 4 13 12 14 1 2 10 16 5 11 3 0 7 9 8
16 2
2 4 0 11 1 16 17 10 8 13 7 3 15 9 14 12 5 6
0 5 2 1 11 7 15 10 9 6 16 3 17 8 12 14 4 13
24 2
10 2 6 13 9 4 1 12 17 5 14 7 11 16 0 8 3 15
12 3 2 13 7 15 1 11 9 10 17 14 5 6 4 0 16 8
24 2
3 12 9 11 1 15 7 13 2 8 16 0 4 6 5 14 17 10
15 6 2 1 14 12 13 4 17 8 9 7 0 3 11 5 16 10
