113460 62
93 155 244
2
0 1 60 61 2 3 4 5 6 7 8 9 10 11 12 13 14 15 16 17 18 19 20 21 22 23 24 25 26 27 28 29 30 31 32 33 34 35 36 37 38 39 40 41 42 43 44 45 46 47 48 49 50 51 52 53 54 55 56 57 58 59
1 32 31 26 10 20 45 11 30 43 52 48 54 18 9 6 53 24 35 58 41 55 22 44 25 17 37 38 8 46 28 33 0 2 56 13 34 3 61 40 47 5 42 14 59 15 51 39 7 19 21 29 4 57 60 50 36 16 49 23 12 27
7
2 1
35 46 2 39 52 48 8 59 6 41 21 60 40 15 22 13 33 29 42 19 25 10 14 44 49 20 36 53 54 17 31 30 57 16 38 0 26 58 34 3 12 9 18 47 23 55 1 43 5 24 51 50 4 27 28 45 61 32 37 7 11 56
3 1
31 36 23 44 54 16 40 9 8 39 19 24 2 50 41 6 53 25 11 38 34 45 3 12 18 52 60 57 47 32 0 30 46 21 37 1 35 20 10 7 15 49 55 4 22 33 29 56 42 14 61 26 17 5 43 48 28 59 58 27 51 13
4 2
12 9 14 16 56 18 60 19 44 1 35 46 0 37 2 21 3 25 5 7 42 15 36 32 29 17 41 27 47 24 33 38 23 30 53 10 22 13 31 61 55 26 20 50 8 59 11 28 51 58 43 48 57 34 54 40 4 52 49 45 6 39
32 15 48 60 30 13 16 61 28 21 29 55 23 5 51 1 6 43 37 39 53 9 57 12 35 50 38 54 8 10 4 41 0 56 42 24 52 18 26 19 46 31 34 17 47 59 40 44 2 49 25 14 36 20 27 11 33 22 58 45 3 7
5 1
42 20 0 32 40 17 5 60 9 33 36 59 52 14 34 24 41 16 35 51 47 31 15 11 27 46 21 38 28 48 10 3 26 29 53 2 57 45 22 30 1 6 18 25 55 23 12 4 8 13 19 61 43 49 54 58 50 39 7 37 44 56
31 1
44 25 24 38 9 52 10 16 49 18 40 8 58 30 56 19 21 14 3 2 41 28 7 6 55 48 50 13 39 11 61 29 51 20 53 59 17 60 31 45 46 1 32 35 5 15 57 22 26 33 42 27 36 43 47 12 54 4 34 37 0 23
61 1
29 25 22 27 32 11 40 5 2 18 48 61 50 8 7 26 19 59 33 37 54 38 39 41 3 10 31 42 56 34 30 1 9 57 45 0 24 20 58 12 23 44 51 13 15 16 60 17 21 55 35 28 47 46 4 53 6 36 52 49 14 43
122 2
29 27 36 42 55 5 22 25 57 12 39 43 9 45 53 21 30 46 38 24 54 15 6 56 19 7 40 1 58 0 16 49 37 60 50 41 2 32 18 10 26 35 3 11 47 13 17 44 59 31 34 51 61 14 20 4 23 8 28 48 33 52
43 2 49 18 35 17 11 38 9 47 19 29 57 31 8 6 13 24 25 46 59 20 21 32 39 37 14 48 16 26 58 36 7 34 28 10 27 56 42 41 0 55 52 22 12 30 5 61 54 45 60 51 44 40 15 33 23 53 50 1 4 3
