12180 30
21 35 42 70 84 87 105
2
0 1 28 29 2 3 4 5 6 7 8 9 10 11 12 13 14 15 16 17 18 19 20 21 22 23 24 25 26 27
1 16 15 11 22 6 23 14 4 26 28 20 21 7 13 17 0 2 25 18 3 29 8 5 10 19 27 9 24 12
15
2 1
11 17 19 6 4 23 3 15 10 26 8 0 27 21 28 7 29 1 20 2 18 13 25 5 24 22 9 12 14 16
3 1
19 12 3 6 17 8 2 11 9 5 26 22 20 29 23 14 25 28 13 27 1 10 7 15 16 24 21 0 4 18
4 2
29 2 1 25 23 15 28 9 27 7 11 10 12 17 18 5 26 13 14 19 21 20 24 4 22 3 16 8 6 0
27 21 20 25 13 5 14 16 29 26 24 22 19 4 6 15 7 23 28 12 2 1 11 17 10 3 9 0 18 8
5 1
19 28 25 12 6 9 14 3 17 24 4 15 23 2 16 5 10 13 7 22 0 26 27 18 11 8 29 20 21 1
6 2
15 18 5 28 9 2 10 16 21 4 6 13 25 11 14 0 7 26 1 19 22 8 20 27 29 12 17 23 3 24
1 0 16 15 14 13 12 11 10 9 8 7 6 5 4 3 2 29 28 27 26 25 24 23 22 21 20 19 18 17
7 1
15 1 8 26 18 9 4 7 28 2 17 24 29 0 16 12 6 20 19 27 25 3 13 22 5 21 10 14 11 23
10 2
29 25 6 21 11 4 9 23 27 3 17 22 15 5 20 19 8 16 12 28 1 2 13 24 0 26 14 10 18 7
27 21 20 25 13 5 14 16 29 26 24 22 19 4 6 15 7 23 28 12 2 1 11 17 10 3 9 0 18 8
12 2
9 8 15 23 10 29 11 3 27 28 26 21 20 5 12 25 24 19 17 18 14 6 16 7 22 2 4 1 0 13
1 16 15 11 22 6 23 14 4 26 28 20 21 7 13 17 0 2 25 18 3 29 8 5 10 19 27 9 24 12
14 1
1 2 29 25 8 20 9 28 18 12 14 6 7 21 27 3 0 16 11 4 17 15 22 19 24 5 13 23 10 26
14 2
27 21 20 25 13 5 14 16 29 26 24 22 19 4 6 15 7 23 28 12 2 1 11 17 10 3 9 0 18 8
9 10 4 12 2 11 24 16 14 0 1 5 3 23 8 17 7 15 19 18 20 25 26 13 6 21 22 27 29 28
14 2
7 20 13 4 3 21 22 0 28 11 15 9 17 2 25 10 18 12 16 27 1 5 6 24 23 14 26 19 8
1 0 16 15 14 13 12 11 10 9 8 7 6 5 4 3 2 29 28 27 26 25 24 23 22 21 20 19 18 17
15 1
5 26 17 20 3 22 16 25 23 19 12 8 6 15 9 28 11 14 27 13 1 24 21 29 2 10 7 0 18 4
28 2
9 10 4 12 2 11 24 16 14 0 1 5 3 23 8 17 7 15 19 18 20 25 26 13 6 21 22 27 29 28
25 5 27 28 21 1 22 7 24 26 16 12 11 17 20 29 10 13 19 18 14 4 6 23 8 0 9 2 3 15
29 1
24 23 20 27 12 11 6 4 5 29 21 3 22 9 17 19 1 0 28 2 10 25 16 26 18 14 15 13 8 7
58 2
29 2 1 25 23 15 28 9 27 7 11 10 12 17 18 5 26 13 14 19 21 20 24 4 22 3 16 8 6 0
24 5 18 12 27 0 3 4 23 16 13 6 25 26 1 2 17 11 14 19 8 22 29 9 20 28 7 21 10 15
