102660 60
87 116 118 145 174 177 236 290 295
2
0 1 58 59 2 3 4 5 6 7 8 9 10 11 12 13 14 15 16 17 18 19 20 21 22 23 24 25 26 27 28 29 30 31 32 33 34 35 36 37 38 39 40 41 42 43 44 45 46 47 48 49 50 51 52 53 54 55 56 57
1 31 30 39 25 47 49 14 38 6 21 17 5 56 43 57 20 36 8 48 28 33 3 59 54 35 45 37 16 41 32 0 2 10 42 4 11 58 18 22 23 52 46 7 24 51 34 12 55 9 15 26 29 13 44 19 53 50 27 40
20
2 1
24 28 45 58 31 53 20 50 10 43 8 51 19 36 25 23 39 54 30 12 6 48 34 15 0 14 55 38 1 37 18 4 46 40 22 56 13 29 27 16 33 59 44 9 42 2 32 57 21 52 7 11 49 5 17 26 35 47 3 41
3 1
8 19 43 18 37 55 47 38 30 48 9 42 45 23 51 50 6 13 29 41 31 5 15 17 11 7 36 57 52 3 0 46 26 2 27 53 32 58 25 59 39 1 24 33 28 49 20 16 10 12 22 54 44 56 14 21 35 34 4 40
4 2
17 40 34 47 35 44 49 20 51 14 54 45 46 52 9 32 58 0 36 29 7 39 53 55 59 42 27 26 38 19 31 30 15 56 2 4 18 50 28 21 1 57 25 48 5 11 12 3 43 6 37 8 13 22 10 23 33 41 16 24
15 30 57 53 11 14 19 51 20 44 58 4 48 28 5 0 54 32 24 6 8 27 47 56 18 37 39 21 13 49 1 40 17 55 41 45 59 25 52 26 31 34 50 46 9 35 43 22 12 29 42 7 38 3 16 33 23 2 10 36
5 1
48 34 39 59 16 52 53 3 50 22 1 40 14 20 5 26 35 12 47 56 19 4 10 42 0 2 32 21 29 30 8 23 43 13 9 27 49 31 45 38 7 6 54 58 46 25 41 57 36 24 28 18 17 44 37 51 33 55 15 11
6 1
17 52 31 49 28 55 26 21 12 24 11 59 51 18 10 58 45 57 48 43 14 41 20 38 47 46 40 25 2 34 1 56 5 27 53 39 37 33 50 7 8 54 15 3 4 19 36 32 30 16 42 6 13 0 35 9 44 29 23 22
6 2
19 27 21 12 9 57 14 58 50 4 45 29 3 26 6 16 15 35 56 0 33 2 24 52 22 44 13 1 48 11 31 30 40 20 43 17 59 42 54 46 32 47 37 34 25 10 39 41 28 53 8 55 23 49 38 51 18 5 7 36
4 15 43 34 26 44 5 38 41 19 47 46 2 9 25 37 27 59 11 13 7 3 32 53 48 57 0 42 22 56 23 49 28 54 21 55 35 1 20 29 24 45 16 12 6 8 18 50 40 52 10 17 31 30 58 36 39 14 33 51
6 2
41 27 51 39 18 34 50 29 17 21 11 10 37 30 44 26 48 8 4 32 52 9 45 46 54 43 15 1 33 7 13 56 19 28 5 40 49 12 55 3 35 0 53 25 14 22 23 59 16 36 6 2 20 42 24 38 31 58 57 47
53 57 58 56 45 4 30 15 38 13 31 3 28 50 23 36 40 20 34 46 55 6 18 32 12 16 29 2 24 49 21 39 14 37 22 48 7 54 52 10 25 59 41 35 19 5 44 0 43 26 9 1 8 47 33 17 11 51 27 42
10 1
43 51 27 50 30 40 39 59 22 0 57 26 48 18 46 10 37 1 14 35 55 54 6 44 9 41 25 8 20 12 56 13 3 58 49 34 5 7 52 19 32 21 47 15 4 17 42 29 31 2 45 36 33 23 38 24 16 28 11 53
10 2
22 33 23 56 59 37 7 6 20 27 43 55 45 19 29 31 25 21 50 13 8 17 0 2 40 16 41 9 46 14 39 15 53 1 38 47 42 5 34 30 24 26 36 10 58 12 28 35 49 48 18 54 57 32 51 11 3 52 44 4
1 0 59 58 57 56 55 54 53 52 51 50 49 48 47 46 45 44 43 42 41 40 39 38 37 36 35 34 33 32 31 30 29 28 27 26 25 24 23 22 21 20 19 18 17 16 15 14 13 12 11 10 9 8 7 6 5 4 3 2
10 2
12 13 18 41 11 8 52 23 5 50 38 4 0 1 21 45 33 20 2 31 17 14 42 7 32 30 40 54 49 56 25 19 24 16 55 44 46 47 10 48 26 3 22 57 35 15 36 37 39 28 9 59 6 58 27 34 29 43 53 51
48 49 10 8 18 32 27 34 3 55 2 52 33 22 24 25 46 26 4 39 58 35 13 51 14 15 17 6 45 37 42 36 5 12 7 21 31 29 54 19 47 44 30 59 41 28 16 40 0 1 57 23 11 56 38 9 53 50 20 43
12 2
46 31 52 26 18 39 49 32 19 54 23 58 45 28 38 59 51 25 4 8 50 47 42 10 41 17 3 57 13 33 56 1 7 29 37 55 53 34 14 5 43 24 22 40 48 12 0 21 44 6 20 16 2 36 9 35 30 27 11 15
25 2 1 6 13 35 3 47 45 41 58 15 16 4 23 11 12 27 44 40 38 24 50 14 21 0 43 17 52 37 31 30 39 57 36 5 34 29 20 32 19 9 59 26 18 8 53 7 56 51 22 49 28 46 55 54 48 33 10 42
12 2
53 23 20 28 41 19 26 31 27 38 49 45 50 57 35 48 56 59 22 5 2 32 18 1 51 52 6 8 3 37 43 7 21 46 40 14 42 29 9 47 34 4 36 30 55 11 33 39 15 10 12 24 25 0 58 44 16 13 54 17
47 26 40 7 14 46 44 12 51 2 13 22 3 29 27 59 8 33 52 32 0 15 50 49 35 45 57 4 18 10 53 25 42 36 39 54 17 6 30 43 9 56 19 34 37 31 48 20 5 55 11 16 28 38 24 23 58 1 41 21
15 1
33 14 44 20 24 23 27 3 25 8 17 18 58 37 0 48 53 43 32 6 19 40 9 55 36 21 54 49 16 34 46 5 2 12 35 45 42 59 13 31 56 51 26 11 50 38 7 28 41 15 4 52 57 1 10 47 29 30 39 22
20 2
40 10 39 51 53 48 24 30 52 8 33 27 59 29 16 54 34 21 49 23 17 42 56 20 26 2 55 57 11 12 0 45 31 3 58 41 4 7 15 28 6 13 18 14 25 36 32 37 44 22 35 43 46 9 50 47 19 5 1 38
35 11 3 2 42 16 54 13 20 17 28 1 47 7 48 24 5 9 36 46 8 53 31 52 15 51 38 58 10 37 41 22 56 39 57 0 18 29 26 33 50 30 4 44 43 49 19 12 14 45 40 25 23 21 6 59 32 34 27 55
29 1
45 52 24 42 56 33 12 21 49 3 35 32 25 0 19 17 57 40 22 20 1 14 7 4 36 48 18 27 6 41 55 15 2 54 30 31 26 16 38 29 53 5 11 47 58 46 51 39 50 28 34 44 10 59 23 13 8 9 43 37
30 1
11 18 48 8 22 57 36 45 15 27 59 56 49 0 43 41 23 6 46 44 1 38 31 28 2 14 42 51 30 7 21 39 26 20 54 55 50 40 4 53 19 29 35 13 24 12 17 5 16 52 58 10 34 25 47 37 32 33 9 3
30 2
12 13 18 41 11 8 52 23 5 50 38 4 0 1 21 45 33 20 2 31 17 14 42 7 32 30 40 54 49 56 25 19 24 16 55 44 46 47 10 48 26 3 22 57 35 15 36 37 39 28 9 59 6 58 27 34 29 43 53 51
19 27 21 12 9 57 14 58 50 4 45 29 3 26 6 16 15 35 56 0 33 2 24 52 22 44 13 1 48 11 31 30 40 20 43 17 59 42 54 46 32 47 37 34 25 10 39 41 28 53 8 55 23 49 38 51 18 5 7 36
30 2
23 8 52 38 34 48 10 33 1 42 6 14 32 30 11 49 40 20 59 57 17 25 47 0 56 21 41 55 51 37 13 44 12 7 4 46 50 29 3 53 16 26 9 54 31 58 35 22 5 15 36 28 2 39 43 27 24 19 45 18
59 36 19 51 28 13 7 6 15 33 12 39 10 5 54 8 53 43 35 2 52 42 29 41 32 27 56 25 4 22 31 30 24 9 44 18 1 40 47 11 37 23 21 17 34 49 50 38 57 45 46 3 20 16 14 58 26 48 55 0
58 2
12 13 18 41 11 8 52 23 5 50 38 4 0 1 21 45 33 20 2 31 17 14 42 7 32 30 40 54 49 56 25 19 24 16 55 44 46 47 10 48 26 3 22 57 35 15 36 37 39 28 9 59 6 58 27 34 29 43 53 51
46 48 34 58 9 11 45 8 7 4 35 5 54 57 21 22 38 51 47 43 56 14 15 37 40 31 59 32 29 28 49 25 27 36 2 10 33 23 16 41 24 39 50 19 52 6 0 18 1 30 42 17 44 55 12 53 20 13 3 26
59 1
11 52 49 4 46 56 31 22 9 33 30 54 41 32 7 17 59 14 0 45 47 10 27 50 8 51 21 25 19 58 29 37 20 39 15 35 23 3 57 6 2 40 28 48 24 43 26 34 5 44 38 42 12 55 13 36 53 16 18 1
