12180 30
21 35 42 70 84 87 105
2
0 1 28 29 2 3 4 5 6 7 8 9 10 11 12 13 14 15 16 17 18 19 20 21 22 23 24 25 26 27
1 16 15 11 22 6 23 14 4 26 28 20 21 7 13 17 0 2 25 18 3 29 8 5 10 19 27 9 24 12
14
2 1
12 20 16 25 28 6 5 29 19 21 10 23 0 24 17 18 2 14 15 8 1 9 22 11 13 3 27 26 4 7
3 1
2 12 19 11 6 24 22 26 13 25 7 17 29 16 20 18 8 3 23 0 28 5 4 15 21 27 10 9 14 1
4 2
20 5 25 29 12 1 18 19 9 8 27 11 4 21 14 26 17 16 6 7 0 13 24 28 22 2 15 10 23 3
28 6 10 17 24 18 1 9 19 7 2 14 22 13 11 26 29 3 5 8 23 21 12 20 4 27 15 25 0 16
5 1
19 9 22 11 12 7 0 2 10 15 25 27 23 8 24 14 4 20 5 29 3 13 18 26 1 21 16 17 6 28
6 2
16 28 18 21 19 5 15 9 22 7 29 11 25 23 26 6 0 24 2 4 27 3 8 13 17 12 14 20 1 10
26 6 16 28 29 22 1 23 8 25 27 17 13 12 18 21 2 11 14 20 19 15 5 7 24 9 0 10 3 4
7 1
15 11 4 21 20 7 25 18 23 9 13 17 3 8 29 19 6 5 22 2 26 14 1 16 27 10 0 12 28 24
10 2
23 14 4 29 7 20 1 16 15 24 3 6 13 22 21 0 17 2 8 5 28 11 25 18 10 27 19 12 26 9
28 6 10 17 24 18 1 9 19 7 2 14 22 13 11 26 29 3 5 8 23 21 12 20 4 27 15 25 0 16
12 2
18 4 19 8 11 14 3 10 6 15 27 1 13 29 20 24 17 28 25 22 5 26 2 21 9 0 23 7 16 12
29 26 6 28 23 12 10 3 19 5 2 1 9 18 0 25 22 8 24 17 15 4 27 21 13 20 11 16 7 14
14 1
21 25 5 28 7 17 2 3 14 6 10 22 0 20 9 26 1 24 8 12 4 15 16 29 11 18 13 27 23 19
14 2
28 6 10 17 24 18 1 9 19 7 2 14 22 13 11 26 29 3 5 8 23 21 12 20 4 27 15 25 0 16
26 11 28 8 21 16 29 9 3 7 18 1 24 25 15 14 5 17 10 27 20 4 23 22 12 13 0 19 2 6
14 2
13 7 21 9 14 26 16 1 25 3 24 17 23 0 4 22 6 11 27 19 28 2 15 12 10 8 5 18 20
26 6 16 28 29 22 1 23 8 25 27 17 13 12 18 21 2 11 14 20 19 15 5 7 24 9 0 10 3 4
15 1
10 17 14 13 5 8 1 25 11 26 23 12 21 27 18 20 24 3 7 9 28 6 15 4 29 16 2 0 19 22
28 2
26 11 28 8 21 16 29 9 3 7 18 1 24 25 15 14 5 17 10 27 20 4 23 22 12 13 0 19 2 6
22 11 7 26 12 20 15 2 19 9 16 1 4 28 25 6 10 23 27 8 5 29 0 17 24 14 3 18 13 21
29 1
26 6 0 10 3 4 16 28 29 22 1 23 8 25 27 17 13 12 18 21 2 11 14 20 19 15 5 7 24 9
