34440 42
28 35 56 70 105 120 123 140
2
0 1 40 41 2 3 4 5 6 7 8 9 10 11 12 13 14 15 16 17 18 19 20 21 22 23 24 25 26 27 28 29 30 31 32 33 34 35 36 37 38 39
1 22 36 23 30 35 5 11 2 39 19 28 4 15 40 18 33 10 13 17 3 41 0 20 21 34 29 25 7 31 12 26 14 37 27 6 8 16 9 38 32 24
25
2 1
30 33 34 25 4 22 36 23 9 8 31 24 39 32 15 14 40 27 41 19 38 29 5 7 11 3 28 17 26 21 0 10 13 1 2 37 6 35 20 12 16 18
3 1
41 20 34 27 8 14 30 37 21 35 5 39 25 0 10 6 9 38 3 28 32 4 2 19 17 29 33 18 23 12 15 11 1 36 22 16 26 40 24 31 7 13
4 1
34 5 8 31 35 26 41 25 24 22 33 3 10 7 20 9 27 0 21 11 39 16 37 2 23 40 28 18 1 12 30 19 32 29 36 6 17 15 14 38 13 4
4 2
15 5 27 21 32 1 40 24 29 9 30 11 31 36 20 0 28 39 33 26 14 3 38 25 7 23 19 2 16 8 10 12 4 18 41 37 13 35 22 17 6 34
34 12 20 23 26 31 6 8 7 11 18 9 1 16 27 41 13 22 10 32 2 25 17 3 29 21 4 14 36 24 33 5 19 30 0 37 28 35 39 38 40 15
4 2
0 41 3 2 29 34 38 16 32 11 37 9 26 36 17 15 7 14 25 31 39 27 40 33 28 18 12 21 24 4 35 19 8 23 5 30 13 10 6 20 22 1
15 5 27 21 32 1 40 24 29 9 30 11 31 36 20 0 28 39 33 26 14 3 38 25 7 23 19 2 16 8 10 12 4 18 41 37 13 35 22 17 6 34
5 1
12 21 24 22 40 33 11 9 32 1 15 37 14 38 4 30 39 7 27 31 20 17 5 8 10 23 25 28 16 13 2 6 26 34 3 29 35 19 36 18 0
6 2
18 21 3 2 28 15 29 7 26 17 33 35 39 31 16 5 14 9 0 38 41 1 30 25 34 23 8 40 4 6 22 13 32 10 24 11 37 36 19 12 27 20
21 38 32 3 26 12 37 14 23 20 39 36 5 22 7 33 16 27 19 18 9 0 13 8 30 28 4 17 25 35 24 34 2 15 31 29 11 6 1 10 41 40
7 1
6 34 8 7 12 14 21 9 41 10 37 18 36 16 29 40 11 24 4 22 3 30 39 31 19 26 28 33 32 1 2 17 15 5 27 20 13 35 25 23 38 0
8 2
32 18 27 4 3 25 7 6 23 41 10 24 21 31 35 36 20 28 1 37 16 12 33 8 11 5 39 2 17 38 34 13 0 22 30 14 15 19 29 26 40 9
23 26 41 24 17 32 25 8 7 33 20 34 12 31 22 38 40 4 36 21 10 19 14 0 3 6 1 35 30 39 28 13 5 9 11 27 18 37 15 29 16 2
10 1
5 15 10 8 16 2 19 23 7 25 38 3 14 26 33 39 28 0 20 36 31 11 30 9 29 24 40 1 32 21 27 34 6 17 22 35 13 37 41 18 4 12
10 2
32 18 27 4 3 25 7 6 23 41 10 24 21 31 35 36 20 28 1 37 16 12 33 8 11 5 39 2 17 38 34 13 0 22 30 14 15 19 29 26 40 9
15 5 27 21 32 1 40 24 29 9 30 11 31 36 20 0 28 39 33 26 14 3 38 25 7 23 19 2 16 8 10 12 4 18 41 37 13 35 22 17 6 34
10 2
39 29 17 10 38 27 22 9 31 7 3 26 40 32 34 36 28 2 25 21 37 19 6 41 30 18 11 5 16 1 24 8 13 33 14 35 15 20 4 0 12 23
30 33 34 25 4 22 36 23 9 8 31 24 39 32 15 14 40 27 41 19 38 29 5 7 11 3 28 17 26 21 0 10 13 1 2 37 6 35 20 12 16 18
12 2
22 2 32 20 15 14 27 36 6 21 13 19 0 39 33 41 26 16 7 34 35 40 12 24 29 30 17 8 38 23 31 25 1 5 11 3 18 28 37 10 9 4
12 32 0 29 23 31 16 6 37 24 25 30 2 14 19 20 7 38 28 13 21 15 1 35 41 33 8 18 27 40 39 34 22 10 5 4 17 26 36 11 3 9
12 2
18 21 3 2 28 15 29 7 26 17 33 35 39 31 16 5 14 9 0 38 41 1 30 25 34 23 8 40 4 6 22 13 32 10 24 11 37 36 19 12 27 20
13 32 27 23 1 8 34 28 38 12 36 3 19 25 6 39 20 26 2 9 33 7 17 11 37 0 22 18 21 10 15 40 4 16 14 31 29 41 5 30 35 24
14 2
30 25 17 1 18 21 34 37 0 38 15 7 28 36 35 29 31 3 23 13 14 39 9 5 11 33 22 4 10 6 16 41 2 32 12 24 26 20 19 27 8 40
15 5 27 21 32 1 40 24 29 9 30 11 31 36 20 0 28 39 33 26 14 3 38 25 7 23 19 2 16 8 10 12 4 18 41 37 13 35 22 17 6 34
20 2
18 21 3 2 28 15 29 7 26 17 33 35 39 31 16 5 14 9 0 38 41 1 30 25 34 23 8 40 4 6 22 13 32 10 24 11 37 36 19 12 27 20
23 26 41 24 17 32 25 8 7 33 20 34 12 31 22 38 40 4 36 21 10 19 14 0 3 6 1 35 30 39 28 13 5 9 11 27 18 37 15 29 16 2
20 1
10 22 15 6 19 38 20 40 27 16 5 32 12 34 13 26 17 25 37 30 28 23 24 0 14 39 41 11 29 36 3 21 31 33 18 1 8 9 4 2 35 7
20 2
15 5 27 21 32 1 40 24 29 9 30 11 31 36 20 0 28 39 33 26 14 3 38 25 7 23 19 2 16 8 10 12 4 18 41 37 13 35 22 17 6 34
39 29 17 10 38 27 22 9 31 7 3 26 40 32 34 36 28 2 25 21 37 19 6 41 30 18 11 5 16 1 24 8 13 33 14 35 15 20 4 0 12 23
21 1
18 15 33 34 8 21 7 29 10 19 3 41 37 5 20 31 22 27 1 38 35 0 6 11 2 13 28 36 32 30 14 23 4 26 12 25 39 40 17 24 9 16
24 2
37 2 29 12 20 39 31 32 38 36 24 4 14 13 28 18 22 16 34 5 23 17 21 11 26 25 35 15 3 41 7 8 40 19 27 10 0 9 6 33 30 1
35 38 40 25 17 21 23 39 30 9 27 41 28 14 13 36 29 4 37 20 19 5 32 6 24 3 34 10 12 16 8 33 22 31 26 0 15 18 1 7 2 11
24 2
37 2 29 12 20 39 31 32 38 36 24 4 14 13 28 18 22 16 34 5 23 17 21 11 26 25 35 15 3 41 7 8 40 19 27 10 0 9 6 33 30 1
27 17 22 24 16 30 13 9 25 7 34 29 18 6 39 33 4 1 12 36 41 21 2 23 3 8 32 0 40 11 5 38 26 15 10 37 19 35 31 14 28 20
40 2
26 8 24 36 27 15 41 30 1 23 32 25 21 22 20 5 40 37 34 29 14 12 13 9 2 11 0 4 33 19 7 38 10 28 18 35 3 17 31 39 16 6
21 38 32 3 26 12 37 14 23 20 39 36 5 22 7 33 16 27 19 18 9 0 13 8 30 28 4 17 25 35 24 34 2 15 31 29 11 6 1 10 41 40
41 1
21 12 2 13 16 28 25 23 10 8 5 17 20 31 27 7 39 30 4 38 14 37 15 1 32 9 11 33 40 22 24 41 0 18 36 19 35 29 3 34 26 6
60 2
5 34 41 26 35 31 8 4 13 38 14 15 17 6 36 29 32 19 30 12 1 18 28 40 23 2 37 16 39 11 21 0 27 9 20 7 10 3 33 22 24 25
40 7 29 13 1 39 12 27 15 9 6 24 11 30 31 2 4 37 22 21 33 14 26 25 10 3 5 16 17 36 23 41 38 32 20 35 8 0 34 18 28 19
60 2
9 40 12 29 0 6 24 7 23 17 31 22 14 34 30 41 4 16 13 11 38 36 33 5 8 19 15 35 27 18 32 26 2 25 3 1 20 37 39 21 28 10
21 38 32 3 26 12 37 14 23 20 39 36 5 22 7 33 16 27 19 18 9 0 13 8 30 28 4 17 25 35 24 34 2 15 31 29 11 6 1 10 41 40
