25308 38
57 148
2
0 1 36 37 2 3 4 5 6 7 8 9 10 11 12 13 14 15 16 17 18 19 20 21 22 23 24 25 26 27 28 29 30 31 32 33 34 35
1 20 19 30 33 4 13 36 22 3 37 15 8 23 14 16 11 27 32 21 0 2 12 6 25 29 26 34 18 24 9 10 28 5 17 7 35 31
14
2 1
4 6 27 36 0 23 1 10 19 29 7 11 34 32 33 28 25 37 31 8 24 30 26 5 20 16 22 2 15 9 21 18 13 14 12 35 3 17
3 1
30 29 20 6 7 12 31 15 36 14 2 27 34 13 24 4 1 0 19 35 10 25 32 21 9 23 8 28 11 16 17 3 37 33 5 18 26 22
4 2
28 37 8 35 23 17 25 18 2 14 32 22 24 13 9 20 16 5 7 33 15 27 11 4 12 6 30 21 0 31 26 29 10 19 36 3 34 1
36 1 12 7 27 32 30 3 24 31 17 19 2 16 29 20 13 10 35 11 15 23 33 21 8 26 25 4 34 14 6 9 5 22 28 18 0
6 1
17 15 22 18 4 30 21 1 34 0 11 2 28 14 10 23 25 24 29 32 20 26 13 33 27 31 16 37 5 35 19 6 12 36 3 8 7 9
6 2
20 1 19 31 35 7 17 5 28 10 9 24 18 34 26 29 25 6 12 2 0 21 32 27 11 16 14 23 8 15 37 3 22 36 13 4 33 30
26 28 25 3 13 22 0 9 1 32 5 15 29 33 20 18 19 14 11 23 17 30 10 16 12 27 6 2 8 24 37 31 7 4 35 36 34 21
6 2
25 23 21 5 35 3 24 9 13 7 27 14 20 8 11 16 15 17 30 26 12 2 29 1 6 0 19 10 36 22 18 31 33 32 37 4 28 34
37 22 25 3 9 17 18 8 7 4 24 28 31 35 19 16 15 5 6 14 20 34 1 33 10 2 36 30 11 32 27 12 29 23 21 13 26 0
9 1
25 24 18 3 23 6 11 12 34 32 28 36 13 21 17 15 37 2 7 26 10 31 9 33 22 29 8 19 35 1 0 14 30 5 20 27 16 4
12 2
18 3 15 1 14 27 19 17 11 28 13 8 29 10 4 2 30 7 0 6 20 26 34 35 25 24 21 5 9 12 16 36 33 32 22 23 31
22 23 15 19 11 34 26 30 32 10 9 4 21 37 16 2 14 25 18 3 28 12 0 1 33 17 6 27 20 31 7 29 8 24 5 36 35 13
12 2
5 17 4 36 2 0 16 28 8 34 23 29 35 24 14 30 6 1 20 22 18 27 19 10 13 32 33 21 7 11 15 37 25 26 9 12 3 31
24 35 12 3 19 18 6 13 31 34 0 36 32 33 37 14 9 22 26 27 23 1 25 28 10 17 5 4 20 11 8 30 2 7 16 21 29 15
19 1
16 3 25 32 0 24 8 10 33 13 35 4 17 14 12 27 28 7 5 2 15 20 6 22 9 11 31 1 23 30 34 29 18 36 19 37 26 21
37 1
2 19 4 32 25 17 14 28 18 23 11 20 21 0 24 27 12 8 26 6 16 22 35 5 15 31 13 9 30 33 1 36 37 10 34 3 29 7
74 2
6 1 11 28 34 24 0 7 18 13 33 2 36 9 30 37 23 25 8 22 35 26 19 16 5 17 21 29 3 27 14 32 31 10 4 20 12 15
24 9 3 2 28 29 37 7 21 1 20 33 25 23 17 34 19 14 35 16 10 8 36 13 0 12 26 32 4 5 31 30 27 11 15 18 22 6
111 2
25 36 16 13 4 20 19 7 14 32 35 0 37 33 34 2 15 10 23 27 28 24 1 26 29 11 18 6 5 21 12 9 31 3 8 17 22 30
5 23 27 18 4 32 24 10 37 12 29 3 26 33 1 15 8 21 11 30 19 28 6 14 22 36 9 34 17 7 20 13 0 31 2 25 35 16
222 2
5 23 27 18 4 32 24 10 37 12 29 3 26 33 1 15 8 21 11 30 19 28 6 14 22 36 9 34 17 7 20 13 0 31 2 25 35 16
24 35 10 17 5 4 20 11 8 30 2 7 16 21 29 15 12 3 19 18 6 13 31 34 0 36 32 33 37 14 9 22 26 27 23 1 25 28
