175560 266
35 70 76 77 88 95 105 133 140 152 154 190 209 210 228 231 264 280 285 308 380 385 399 418
2
16 66 134 82 114 7 209 5 113 213 148 58 52 118 178 138 0 168 49 231 108 127 201 81 55 133 195 233 132 101 255 203 122 147 247 163 184 136 176 164 229 112 42 92 126 197 179 196 238 18 111 264 12 87 65 24 262 61 11 88 237 57 257 96 218 54 1 185 119 123 241 210 245 174 91 191 152 214 161 182 243 23 3 84 83 131 263 53 59 151 102 74 43 219 200 107 63 170 227 177 186 29 90 252 140 146 173 95 20 246 183 50 41 8 4 145 153 157 13 68 225 156 32 69 160 211 44 21 154 158 248 85 28 25 2 234 37 217 15 204 104 175 226 143 188 115 105 33 10 149 150 89 76 116 128 180 121 117 129 235 124 78 171 35 39 216 250 167 17 189 97 162 236 106 73 141 38 99 14 46 155 261 79 110 36 67 100 208 144 169 242 75 258 239 223 26 47 45 228 207 94 22 254 31 139 205 206 199 187 6 71 125 224 9 77 251 165 137 64 93 256 221 253 194 212 120 142 98 198 40 259 19 244 27 135 159 172 60 48 193 240 70 190 80 232 72 109 34 130 260 166 215 103 222 202 30 220 62 192 230 249 181 56 86 51
153 77 138 264 200 186 98 245 95 74 140 173 163 241 139 10 36 58 64 161 20 222 116 61 151 14 71 53 39 237 86 141 201 192 170 9 117 56 69 125 122 144 63 194 22 55 50 65 49 206 183 99 157 195 40 247 253 12 169 210 112 255 97 133 188 78 135 226 191 142 174 127 121 136 35 262 107 248 47 263 66 177 51 102 261 215 250 59 242 89 240 234 70 205 143 179 79 217 123 82 76 93 166 21 158 31 187 100 155 41 134 244 131 246 197 238 44 16 3 90 52 159 54 6 75 28 126 26 128 229 160 60 145 42 252 80 147 68 164 25 15 105 38 172 109 175 203 73 221 111 235 231 224 189 216 198 104 120 156 72 199 171 81 57 2 85 83 146 209 17 182 19 94 214 92 132 115 162 181 8 148 202 34 46 208 256 236 196 18 0 13 137 204 114 230 27 106 193 108 130 257 260 178 167 33 101 48 220 223 218 87 150 67 91 11 165 225 62 168 113 258 180 103 184 232 154 212 228 265 259 43 24 152 185 213 211 5 254 176 7 119 190 243 88 149 239 219 45 1 249 30 84 110 37 29 23 233 4 207 129 32 251 124 96 118 227
31
2 1
257 182 101 222 228 216 150 186 8 42 79 181 220 164 262 174 210 161 198 178 193 236 149 56 66 26 25 112 227 250 103 106 183 33 34 195 132 245 225 144 177 89 9 168 166 64 131 179 75 173 63 85 58 76 84 60 23 209 52 199 55 214 92 50 45 254 24 205 152 248 258 71 111 141 265 48 53 263 213 10 175 180 156 98 54 51 123 158 115 41 218 247 62 196 234 170 244 264 83 191 100 2 200 30 133 119 31 255 157 121 153 72 27 142 246 88 238 139 154 105 224 109 239 86 201 125 242 203 160 148 189 46 36 104 237 185 163 206 204 117 202 73 113 147 39 251 190 143 129 22 6 240 68 110 118 226 82 108 87 223 128 17 252 136 13 215 44 231 43 169 95 249 176 49 15 80 172 40 19 47 81 11 1 32 232 135 7 253 211 130 146 99 235 20 260 35 93 230 18 59 102 124 140 127 138 67 137 221 212 57 16 188 208 78 61 165 5 217 90 241 12 207 3 159 120 38 155 28 4 243 197 167 184 256 94 192 21 134 116 122 151 219 126 229 96 37 114 91 69 171 29 145 162 187 65 107 233 0 70 259 194 261 14 77 97 74
3 1
59 192 231 22 163 173 68 31 71 92 121 164 214 262 11 225 203 29 230 146 52 171 200 48 16 101 2 156 83 252 90 254 77 34 259 241 0 64 185 56 40 74 62 141 30 117 88 251 144 258 207 94 260 93 89 28 75 178 194 36 227 67 96 221 139 186 210 220 78 246 5 217 80 107 84 39 196 215 6 109 229 204 124 55 41 234 76 46 87 265 44 180 244 123 151 223 42 233 60 176 100 167 222 218 208 4 65 168 264 113 198 175 82 79 242 158 179 245 160 228 120 142 237 53 112 261 69 66 147 195 63 115 257 212 253 15 119 236 91 37 170 255 10 118 23 116 209 154 35 102 152 51 213 18 128 1 201 97 131 140 143 250 161 105 14 183 103 25 73 125 159 206 211 70 38 243 188 177 190 145 138 13 235 263 133 174 106 122 99 50 57 172 155 58 193 219 86 110 197 132 3 27 95 24 247 12 21 189 232 19 127 191 184 150 205 32 49 8 166 129 61 130 149 202 224 135 182 98 136 72 153 26 104 157 240 226 249 187 47 134 85 148 248 111 9 45 126 81 114 137 162 238 17 239 7 43 108 199 216 33 20 169 181 165 256 54
4 2
8 118 2 167 147 53 196 16 0 13 140 38 199 9 98 186 7 154 64 45 101 42 83 35 117 148 128 236 28 248 121 252 57 213 68 23 71 159 11 207 228 168 21 132 76 19 178 99 156 102 122 115 157 5 85 164 194 32 183 254 181 142 260 86 18 212 114 223 34 125 100 36 72 265 96 241 44 90 158 124 216 162 134 22 262 54 63 146 197 89 77 234 206 126 200 136 74 138 14 47 70 20 49 152 141 113 135 264 129 109 210 250 225 105 66 51 240 24 1 208 195 30 50 131 79 69 93 151 26 108 161 123 43 253 82 106 95 188 97 153 10 104 61 189 163 235 87 4 25 230 150 127 103 139 17 231 48 52 78 37 209 130 81 144 55 179 226 3 41 242 191 217 187 263 246 222 184 182 46 165 202 60 177 58 176 201 15 172 137 143 190 170 192 257 56 120 6 88 239 12 94 185 180 219 204 205 92 39 119 160 110 224 65 33 220 221 80 171 256 203 214 215 175 67 211 112 166 243 40 249 149 155 244 247 91 145 27 238 237 198 116 75 169 227 232 259 174 233 29 229 111 258 31 133 59 261 218 193 251 245 62 255 84 173 107 73
17 158 109 65 181 27 228 231 154 69 157 96 217 125 243 120 155 0 81 160 126 42 110 61 239 88 229 5 190 48 224 240 260 33 191 142 108 145 74 241 196 164 21 194 134 209 94 264 29 254 172 100 140 236 106 168 132 62 189 102 147 23 57 103 162 3 215 203 170 9 115 129 150 131 38 207 82 104 118 214 165 18 76 210 251 135 152 166 25 89 141 234 238 101 46 225 11 163 227 107 51 93 59 63 77 119 54 99 36 2 22 244 136 208 221 70 252 198 78 105 15 211 187 265 220 13 20 259 249 71 161 73 56 222 44 85 112 182 144 242 52 90 35 183 138 37 226 60 197 149 72 245 86 169 8 16 248 10 1 235 19 130 64 97 41 80 87 212 55 153 68 199 50 263 176 253 174 188 200 216 193 4 137 143 246 185 195 122 177 58 28 34 204 180 43 186 40 148 117 171 178 201 257 67 192 205 237 75 113 45 83 121 167 213 79 66 179 12 247 223 124 114 133 219 30 95 146 98 6 26 230 7 250 256 91 159 53 206 92 24 31 39 139 14 111 151 184 218 156 128 232 84 116 175 49 255 233 202 262 127 32 261 258 173 47 123
5 1
56 64 185 230 135 145 234 221 231 59 264 40 260 146 125 96 215 88 43 22 133 62 182 8 141 136 69 157 159 153 30 165 25 111 73 140 35 188 251 180 219 172 94 262 72 154 126 220 11 187 50 196 114 113 28 39 257 99 247 20 124 3 161 85 164 183 256 173 254 139 1 226 209 121 233 15 237 5 128 224 110 105 261 163 104 95 90 177 198 134 212 32 186 167 109 37 174 181 158 52 74 245 44 195 83 29 102 75 93 31 162 36 68 241 218 7 6 132 76 97 58 38 240 217 23 101 258 27 65 223 130 138 80 149 255 118 238 61 18 166 33 89 171 77 200 248 193 84 201 9 115 194 192 179 71 19 127 176 12 142 259 225 117 147 232 42 211 213 45 202 14 54 87 250 107 79 156 252 155 81 103 51 178 207 184 236 16 203 63 137 98 100 112 169 175 55 119 21 222 208 0 67 13 122 10 17 206 78 228 106 92 26 123 246 150 210 243 86 57 235 46 214 205 227 151 197 168 160 229 265 189 60 70 253 82 48 263 4 91 242 49 239 53 120 2 170 108 216 143 249 148 34 41 191 152 24 204 144 47 129 190 116 131 244 66 199
6 2
113 134 128 264 246 186 176 263 123 163 120 161 125 13 29 5 42 227 100 218 213 84 197 96 19 3 111 157 145 58 55 114 16 33 193 133 72 151 71 117 92 124 32 231 87 211 110 167 112 17 143 219 10 140 82 258 245 152 14 153 208 103 198 26 95 183 8 135 122 28 184 247 262 165 160 108 31 189 22 260 141 154 83 54 232 225 171 237 50 89 131 234 252 91 170 203 229 37 248 242 265 101 73 130 136 206 179 67 168 249 187 63 226 156 76 6 180 127 68 1 52 121 118 66 261 217 205 39 255 235 61 177 9 256 119 107 243 105 253 85 195 169 173 88 175 69 77 98 94 109 207 97 259 188 223 214 0 236 182 74 159 244 99 132 220 102 158 172 75 80 148 241 47 194 4 185 115 90 191 240 200 228 166 212 202 144 15 46 59 146 56 196 20 238 142 53 178 78 199 62 116 164 70 64 126 204 137 224 254 45 221 209 65 192 251 51 210 12 24 215 201 216 43 81 150 139 48 49 257 23 138 222 21 7 93 239 27 44 34 129 106 86 162 104 11 190 174 38 147 149 79 155 40 230 60 2 35 181 30 57 250 41 36 233 25 18
47 44 38 189 76 140 208 168 225 103 27 30 164 13 216 195 97 104 122 198 91 150 67 155 199 146 222 10 173 221 11 174 37 33 99 260 190 32 2 117 51 124 151 63 1 144 80 0 184 136 228 40 157 186 212 244 262 249 210 64 176 163 218 43 59 83 139 22 100 194 112 255 245 116 86 233 4 264 135 133 46 90 183 65 224 123 74 119 257 89 81 20 215 213 178 188 251 16 179 34 68 101 180 9 17 182 248 197 263 152 169 231 70 172 246 254 73 39 265 87 236 121 18 85 41 201 204 127 247 129 132 223 130 79 237 78 49 166 253 66 5 187 145 181 45 142 25 240 191 259 21 42 109 203 177 23 167 52 206 171 241 258 193 61 12 200 137 156 7 110 196 159 113 28 31 209 60 154 94 98 102 143 105 82 48 211 53 141 95 3 36 148 234 162 69 15 170 107 19 24 165 125 226 153 126 205 158 232 6 175 58 185 54 93 229 92 14 220 62 252 217 29 26 131 84 8 202 243 50 214 230 111 207 75 192 239 120 134 242 235 147 160 238 227 55 72 114 128 106 57 256 96 219 138 115 71 250 88 161 149 35 261 56 108 77 118
6 2
113 134 128 264 246 186 176 263 123 163 120 161 125 13 29 5 42 227 100 218 213 84 197 96 19 3 111 157 145 58 55 114 16 33 193 133 72 151 71 117 92 124 32 231 87 211 110 167 112 17 143 219 10 140 82 258 245 152 14 153 208 103 198 26 95 183 8 135 122 28 184 247 262 165 160 108 31 189 22 260 141 154 83 54 232 225 171 237 50 89 131 234 252 91 170 203 229 37 248 242 265 101 73 130 136 206 179 67 168 249 187 63 226 156 76 6 180 127 68 1 52 121 118 66 261 217 205 39 255 235 61 177 9 256 119 107 243 105 253 85 195 169 173 88 175 69 77 98 94 109 207 97 259 188 223 214 0 236 182 74 159 244 99 132 220 102 158 172 75 80 148 241 47 194 4 185 115 90 191 240 200 228 166 212 202 144 15 46 59 146 56 196 20 238 142 53 178 78 199 62 116 164 70 64 126 204 137 224 254 45 221 209 65 192 251 51 210 12 24 215 201 216 43 81 150 139 48 49 257 23 138 222 21 7 93 239 27 44 34 129 106 86 162 104 11 190 174 38 147 149 79 155 40 230 60 2 35 181 30 57 250 41 36 233 25 18
118 8 28 64 183 157 154 7 1 30 195 61 111 121 248 236 16 196 167 35 213 57 252 45 133 95 125 186 2 98 9 83 42 101 48 19 56 37 142 230 78 129 32 164 85 23 102 100 34 178 105 67 53 52 76 132 36 21 147 77 177 11 260 217 3 246 134 51 156 128 99 194 190 187 160 75 54 59 40 198 116 176 114 31 259 44 171 139 206 89 254 234 197 93 104 25 209 151 29 70 47 33 46 244 94 50 221 219 168 150 165 12 238 122 82 223 80 253 0 123 140 13 113 119 239 26 126 138 69 41 161 208 55 24 66 215 148 143 127 87 120 200 38 137 251 255 153 58 136 207 109 97 232 146 6 185 68 5 228 159 74 130 184 258 43 110 257 18 108 180 243 86 265 247 212 214 81 60 49 210 169 182 181 4 162 155 27 73 189 188 72 227 192 226 71 10 17 92 79 250 141 231 242 264 205 204 88 149 131 96 179 229 174 20 175 135 240 63 256 107 222 106 220 115 249 237 193 191 158 211 39 201 152 263 91 261 15 225 112 124 216 241 202 170 103 262 65 173 14 224 199 144 22 117 90 145 218 166 163 84 62 235 245 233 203 172
6 1
219 254 133 248 56 125 149 192 68 123 81 137 195 128 234 110 251 265 190 236 209 107 114 38 218 79 174 155 112 87 217 157 84 94 96 104 255 35 28 118 61 90 121 223 232 40 252 171 263 197 65 169 158 0 46 24 53 235 5 33 154 127 167 179 147 7 208 212 55 151 25 210 80 37 183 258 142 16 13 207 70 249 48 145 153 141 138 88 89 17 264 189 43 62 52 239 202 59 178 54 242 27 83 6 74 15 204 117 185 93 260 146 63 161 22 240 132 124 152 100 120 143 148 193 64 225 170 262 257 34 26 75 98 165 180 39 200 205 233 203 160 201 163 216 32 184 105 21 222 199 159 31 95 66 172 156 113 126 97 250 173 101 140 246 244 2 45 19 30 196 69 182 71 261 238 91 188 3 220 23 50 215 191 73 57 77 42 211 99 150 47 18 134 36 12 243 86 229 4 67 119 49 14 44 194 115 241 72 144 247 221 130 103 9 162 78 259 41 226 198 256 60 122 20 139 1 8 224 136 85 206 237 227 51 129 102 109 231 187 135 253 82 228 106 76 108 164 92 177 131 175 245 176 11 58 213 116 181 10 186 111 214 166 230 168 29
7 1
138 16 99 118 11 121 66 49 223 28 203 234 167 133 73 238 173 95 69 250 151 153 200 231 150 110 126 201 0 178 108 127 168 134 116 92 196 125 239 248 233 10 123 183 264 221 204 179 61 210 229 141 119 88 7 241 197 209 14 115 87 21 195 50 45 155 265 18 54 144 41 146 261 85 24 211 83 105 31 89 175 93 156 91 152 208 9 96 199 258 30 35 59 132 181 57 81 166 53 67 27 249 149 218 164 58 213 232 44 216 236 207 100 68 12 76 174 80 22 263 102 65 225 129 112 245 188 79 147 46 169 148 219 20 145 185 43 114 131 130 202 262 1 160 171 135 252 120 86 154 5 136 142 26 222 74 124 103 55 8 3 217 190 240 32 94 157 56 163 189 161 2 137 186 187 139 230 90 159 122 244 228 113 13 255 251 84 253 48 117 71 101 70 104 107 247 180 172 205 62 224 82 162 106 257 191 176 64 77 170 182 242 51 192 75 194 6 17 40 60 246 72 128 19 143 259 254 42 184 37 23 220 4 97 215 78 214 33 34 47 193 36 25 63 158 243 206 98 198 39 29 237 140 15 109 260 177 227 235 38 165 111 52 212 256 226
8 3
83 202 8 53 45 223 149 117 2 147 18 101 225 206 194 212 239 160 10 192 263 220 67 93 118 125 87 176 180 258 137 200 41 130 72 156 167 153 98 77 235 32 86 79 139 4 264 140 129 179 132 186 162 3 73 55 262 57 230 88 144 184 201 64 63 229 99 22 152 119 195 155 34 54 205 174 122 39 106 43 82 150 80 0 113 116 42 26 59 91 221 89 215 23 171 165 257 189 38 66 148 11 198 111 172 146 78 236 108 178 114 103 123 84 110 154 85 7 24 69 203 143 76 112 197 25 142 248 254 48 33 214 50 251 193 135 164 30 233 44 47 255 126 121 60 177 105 9 100 6 81 151 68 37 115 71 35 246 249 191 17 217 52 163 136 95 166 36 183 237 222 94 104 175 75 173 27 145 109 49 28 207 211 168 61 218 51 250 253 97 265 159 19 134 14 70 216 124 102 260 31 62 1 120 247 74 13 181 240 234 252 182 15 256 131 92 196 161 185 219 21 90 170 5 227 12 245 224 228 65 58 259 232 138 209 40 107 169 261 16 208 243 244 241 242 226 157 204 127 158 187 133 210 188 128 141 213 96 29 231 199 238 56 20 46 190
153 161 77 9 237 142 121 226 39 3 18 201 43 36 139 138 116 222 10 64 20 241 58 242 61 200 130 224 180 257 128 125 229 87 246 234 13 83 98 8 122 65 42 12 194 169 186 260 95 148 71 264 92 147 112 57 88 55 22 262 114 24 101 192 19 41 78 230 191 174 127 50 157 123 208 119 235 2 66 225 256 190 213 37 136 239 86 33 56 250 90 187 52 244 133 48 258 124 38 106 179 62 102 252 207 146 99 238 108 247 144 210 54 164 60 141 16 245 184 75 182 6 40 73 97 31 223 70 30 165 26 193 155 94 214 163 84 254 15 14 199 115 5 149 110 175 105 53 49 143 265 166 159 0 255 132 209 72 216 152 170 1 215 135 113 129 151 206 253 45 160 251 181 177 69 145 227 173 204 100 28 172 120 188 118 259 46 91 183 197 81 68 63 131 44 248 249 189 198 140 25 11 217 211 178 240 167 104 74 156 111 203 233 82 134 162 158 202 231 232 243 221 17 126 27 79 7 176 228 32 67 218 219 212 35 76 261 4 107 85 205 21 23 220 93 117 34 109 195 196 89 171 103 168 137 154 80 29 96 185 47 236 59 263 51 150
44 208 168 213 246 76 148 48 183 82 18 16 118 173 37 155 11 174 10 189 221 33 47 51 225 200 243 27 98 247 251 125 249 21 237 190 177 14 180 188 126 158 86 184 0 157 244 22 7 121 233 23 187 256 218 166 195 151 260 127 236 79 85 124 197 216 99 140 136 222 262 212 169 185 161 160 5 253 106 61 147 234 9 139 191 62 42 241 248 215 263 92 91 186 254 226 178 192 28 66 149 239 102 210 214 105 78 144 228 257 238 252 231 159 261 211 201 129 12 170 255 49 223 259 63 31 40 59 171 117 220 172 138 137 207 135 68 133 132 83 67 203 235 179 107 167 146 80 6 100 209 57 164 194 182 15 265 45 41 113 75 74 250 163 152 245 55 145 2 72 119 128 131 13 17 206 176 36 96 143 38 193 154 8 43 73 93 52 39 19 35 84 97 181 153 56 229 64 198 230 25 116 240 141 258 217 175 134 1 150 103 115 71 3 104 89 65 205 54 232 130 20 69 122 224 24 95 227 108 196 199 112 219 50 81 142 60 34 110 101 202 87 264 26 46 165 4 29 88 32 162 30 111 77 94 120 53 109 204 123 58 114 70 90 242 156
10 2
58 52 134 82 264 74 59 110 263 235 192 96 107 199 156 88 63 41 28 177 198 126 153 237 145 258 265 242 18 40 227 89 50 115 187 243 173 118 113 213 29 17 76 218 252 97 238 197 162 90 32 157 1 71 257 147 116 230 0 6 165 250 78 16 214 161 95 194 143 229 182 53 111 154 5 99 42 92 62 155 261 216 3 83 240 248 176 234 15 31 49 183 77 203 94 66 11 45 144 75 254 123 132 127 251 106 105 12 125 112 7 72 109 38 117 33 56 114 37 119 174 217 245 101 186 108 21 103 225 193 249 260 102 148 2 210 207 178 209 223 222 141 149 68 98 24 184 55 133 142 200 219 152 22 73 79 14 51 224 164 202 65 48 181 159 60 259 167 246 208 196 179 190 36 120 221 86 19 137 171 241 163 70 91 146 204 124 34 255 247 172 231 10 129 67 195 170 47 20 13 150 262 160 93 185 232 220 136 169 138 135 228 239 39 64 253 81 121 43 151 206 175 140 139 158 128 226 30 211 69 57 191 205 236 87 9 233 23 46 212 84 180 27 35 244 122 168 189 85 130 61 104 44 215 100 188 256 54 25 166 131 80 201 8 4 26
217 37 65 230 225 59 243 263 235 162 105 158 260 244 26 25 254 96 28 227 245 143 147 167 241 15 14 63 18 170 85 233 39 44 101 159 145 1 108 32 229 76 75 169 33 199 123 237 132 248 131 54 67 92 51 55 126 57 215 5 198 121 196 27 106 2 192 52 209 86 100 165 249 185 239 42 41 122 176 140 161 252 83 82 138 30 69 168 187 262 203 142 53 177 127 193 17 97 98 224 70 34 110 181 210 10 64 160 38 109 102 265 231 200 144 234 240 226 149 174 211 61 77 46 151 136 56 94 205 214 188 50 48 148 155 135 125 208 84 253 79 191 91 21 114 36 180 22 133 118 172 124 154 256 152 134 255 201 11 35 107 80 9 163 212 71 189 23 87 43 29 179 150 206 119 242 78 93 219 171 146 103 221 194 220 73 218 88 130 166 207 141 66 95 183 251 62 197 60 45 113 157 213 90 204 128 173 190 137 68 104 120 164 202 129 58 246 0 186 178 184 182 261 250 99 4 117 19 228 40 3 112 247 31 115 8 257 47 258 74 116 24 175 6 13 20 216 232 49 72 223 195 81 139 16 156 153 236 238 264 12 222 89 7 259 111
10 2
179 264 164 203 136 27 187 117 189 190 10 142 160 35 6 5 239 225 18 247 205 133 166 74 36 180 128 186 125 77 72 134 163 234 137 255 26 121 214 258 227 218 103 175 100 171 202 51 158 83 40 176 52 236 165 138 43 260 50 237 178 69 201 30 188 226 193 208 182 39 107 16 159 228 263 13 116 119 104 262 154 177 110 44 75 122 42 167 114 89 1 91 49 126 4 73 9 2 25 78 92 20 48 232 31 219 66 3 259 144 59 86 216 141 80 82 90 231 248 184 53 250 46 112 96 38 101 24 127 198 19 98 230 56 99 196 8 64 62 0 15 156 23 153 12 150 210 257 139 194 211 71 222 14 169 151 206 120 65 253 168 199 162 41 45 95 67 118 109 88 68 97 106 79 113 21 223 170 183 215 181 131 81 17 238 32 140 143 191 94 241 34 33 200 37 157 123 243 245 57 172 233 221 246 192 93 174 28 240 130 252 152 47 204 207 148 135 161 185 146 173 85 145 212 235 60 102 242 54 249 244 108 111 55 213 132 195 115 29 155 22 124 58 265 224 229 70 256 254 129 149 220 105 63 87 84 209 197 261 7 217 61 251 11 76 147
154 78 109 212 60 236 40 155 17 125 52 74 171 69 227 195 231 8 162 209 93 21 210 142 198 197 249 53 190 156 211 116 62 213 170 61 129 235 96 75 6 55 42 56 82 160 200 107 248 59 187 70 10 27 135 41 43 260 143 49 4 35 32 152 81 167 221 219 191 13 51 108 150 123 11 39 134 141 1 220 179 64 44 110 258 106 103 226 148 89 104 91 237 20 178 112 38 144 243 264 115 126 254 86 90 208 85 47 71 2 83 232 95 119 215 100 31 239 158 113 186 224 172 73 214 9 101 245 229 36 130 265 194 175 76 54 225 177 163 169 157 77 23 58 97 159 166 181 88 230 72 259 63 242 0 7 29 140 118 145 45 161 18 138 168 216 146 65 164 139 34 12 122 173 184 133 246 137 94 80 257 147 188 189 174 201 120 50 182 183 28 68 204 202 132 15 228 25 24 217 46 185 193 223 192 205 238 241 105 19 22 30 3 33 124 114 165 199 233 67 79 66 253 203 121 136 87 14 196 128 149 16 111 218 234 37 5 92 206 117 252 207 153 98 250 127 176 256 48 26 244 262 240 222 102 261 247 180 84 151 57 255 251 263 99 131
10 1
132 57 226 129 161 242 50 241 65 54 99 124 168 137 11 185 162 25 110 66 222 194 13 48 259 56 228 243 149 24 214 118 131 6 87 82 249 79 60 147 170 74 217 20 150 158 146 232 135 80 116 213 204 77 247 83 0 218 49 210 42 202 2 166 22 172 169 81 37 107 258 8 5 51 236 26 109 53 86 38 200 189 104 234 55 41 165 128 16 141 207 238 9 125 231 212 14 94 225 70 76 108 145 33 261 201 7 90 224 119 240 180 31 143 153 102 84 186 235 96 127 263 144 85 121 15 46 88 101 255 72 216 133 18 10 208 205 179 91 45 103 105 159 239 142 44 19 39 193 117 30 246 233 223 69 160 136 92 93 198 64 123 138 195 227 192 40 98 244 250 253 257 63 47 196 197 187 251 230 52 163 229 1 23 206 21 27 120 112 182 183 245 167 220 219 35 34 190 156 12 203 114 264 157 256 59 184 260 177 130 122 188 174 152 113 17 171 62 148 139 67 209 28 61 95 237 68 29 4 211 173 154 164 252 140 151 75 191 176 115 215 221 248 262 73 78 181 58 106 111 3 175 199 254 71 126 155 32 134 178 265 36 43 100 89 97
11 1
91 3 212 146 166 130 39 5 112 127 46 75 87 70 51 246 176 203 162 47 18 107 223 12 129 186 2 110 9 1 106 95 159 36 15 104 147 154 85 195 37 90 73 247 209 11 89 61 128 120 35 236 230 239 215 82 222 19 142 32 194 105 31 78 182 45 202 13 263 23 256 74 44 71 188 191 185 248 233 192 243 258 180 163 50 21 125 181 216 193 211 80 49 226 228 213 42 158 254 141 34 41 113 116 111 24 241 168 207 253 59 33 139 30 179 145 261 171 152 135 27 235 149 76 245 190 160 240 38 67 115 0 200 144 164 60 17 155 92 224 84 204 187 7 16 214 220 83 114 88 77 4 97 250 165 66 54 257 26 56 264 199 205 140 126 183 252 109 229 178 69 43 124 22 63 172 136 237 134 169 249 79 153 161 184 170 20 25 208 148 151 62 123 52 244 55 86 121 28 100 122 255 259 117 29 157 206 96 219 53 198 119 175 251 221 132 238 8 232 225 173 150 138 99 14 108 197 64 174 167 227 196 201 93 103 94 177 260 262 242 131 72 102 210 98 118 40 133 143 234 10 265 68 48 101 137 57 58 218 81 217 6 156 231 189 65
12 2
136 167 97 87 265 120 135 71 139 75 186 125 161 96 131 27 259 80 137 164 126 86 49 13 7 215 26 53 207 118 37 210 199 234 170 142 151 72 263 214 73 160 175 235 264 130 60 134 141 226 85 237 195 15 221 2 149 185 178 248 180 11 57 111 18 223 88 176 191 28 44 24 30 243 124 190 83 116 48 241 112 162 31 240 79 228 253 219 257 89 29 33 156 93 193 4 23 55 153 212 246 101 92 211 113 174 216 1 249 168 146 121 17 252 106 47 208 127 90 67 236 63 58 181 173 61 205 155 36 231 217 196 56 159 115 172 165 64 171 143 10 78 261 8 32 224 254 94 98 132 145 128 42 148 183 117 102 52 99 194 256 209 182 109 233 0 65 107 163 227 188 260 6 74 203 152 119 68 122 54 46 225 81 242 51 62 140 200 34 187 9 177 204 147 133 157 14 169 16 144 189 218 25 105 213 20 100 69 77 12 82 244 158 192 251 202 114 45 247 3 38 179 43 166 150 123 22 197 50 229 250 239 230 19 91 222 5 184 59 129 76 84 154 40 103 108 206 201 238 245 232 39 104 21 110 258 41 66 262 198 138 35 255 220 70 95
227 113 32 134 122 157 197 128 123 263 195 220 55 214 154 52 249 187 182 217 205 159 104 13 108 40 231 5 84 100 42 29 218 213 191 28 16 56 75 96 200 171 211 235 146 163 6 87 110 184 8 1 186 140 14 247 152 45 148 240 165 258 109 43 68 90 228 254 170 142 119 198 244 17 261 262 212 102 70 74 202 34 246 248 35 88 230 92 143 89 210 33 47 20 242 114 251 161 95 83 31 101 219 175 167 76 58 237 259 233 264 121 243 51 98 156 115 117 223 78 10 222 216 50 69 9 126 229 245 26 164 94 72 86 208 0 180 188 160 257 236 67 124 85 97 21 176 196 106 103 194 71 37 178 54 127 116 27 238 145 260 144 137 57 168 172 82 22 130 136 64 256 60 241 59 149 44 18 265 183 169 66 177 193 252 19 15 73 162 80 61 81 204 179 250 120 221 46 151 209 25 199 189 158 234 93 118 173 3 201 65 30 105 91 23 112 4 185 2 77 255 147 111 206 232 139 107 135 181 155 133 129 253 62 192 63 53 226 203 239 174 207 131 215 132 7 166 12 99 36 150 39 49 224 141 11 41 225 190 24 138 79 38 125 48 153
12 2
154 210 209 257 219 236 167 173 22 198 53 63 262 109 78 195 21 227 8 231 93 69 162 43 61 184 62 157 19 237 24 203 124 204 107 16 149 42 36 164 135 138 214 260 191 56 82 181 47 105 156 66 186 120 242 86 230 13 200 246 25 152 142 75 180 169 34 221 51 108 143 160 185 216 26 263 153 176 54 250 177 187 131 223 12 68 229 110 59 89 212 101 114 234 146 174 37 220 92 58 147 192 44 96 166 29 178 85 133 217 182 251 95 60 265 148 137 150 0 116 52 2 4 31 190 32 205 55 71 163 239 172 103 35 170 81 243 141 41 83 10 134 129 77 247 211 193 46 98 9 199 79 245 202 65 159 70 5 104 161 249 117 225 74 57 188 248 17 175 179 119 128 100 224 73 194 50 197 208 118 80 254 102 67 136 145 140 165 40 6 201 87 91 183 45 27 14 215 244 155 76 207 99 228 33 213 49 125 122 235 158 233 123 20 132 64 238 39 232 106 84 94 258 88 151 252 189 226 90 218 168 241 127 253 126 144 15 240 112 28 206 130 264 113 38 255 139 121 1 259 7 256 18 72 3 30 111 48 11 171 23 97 261 222 196 115
131 29 144 143 92 10 113 69 107 24 5 222 190 57 67 186 224 136 85 26 20 173 34 111 9 226 19 120 62 1 198 59 261 204 22 151 152 37 245 217 197 138 96 256 170 72 65 50 156 158 47 225 195 157 193 159 253 13 73 31 189 149 28 263 165 46 162 14 252 7 257 171 45 58 231 75 95 254 183 133 81 80 154 90 201 18 155 141 203 89 83 101 4 213 264 76 42 125 219 216 179 91 119 214 206 210 148 8 250 164 137 23 153 6 122 178 182 232 172 102 27 247 114 246 262 97 126 161 128 130 129 0 132 79 191 177 17 110 41 212 236 87 239 3 2 175 242 169 106 61 218 35 36 112 82 86 48 53 49 55 259 127 66 241 109 64 240 243 211 147 44 71 118 21 200 145 181 135 115 100 187 176 116 78 227 194 15 180 215 60 12 134 192 54 185 52 221 40 30 229 174 84 238 88 33 234 104 220 265 235 105 168 139 93 103 188 99 39 150 98 207 196 11 228 16 51 25 184 223 199 233 74 117 230 205 209 140 248 202 142 166 163 146 167 255 38 123 121 237 249 108 260 68 56 77 244 43 70 258 160 251 32 124 63 94 208
14 2
227 113 249 128 184 6 5 84 223 123 89 228 246 32 52 187 182 217 205 159 104 214 154 197 265 126 110 100 42 29 218 213 13 134 116 247 219 243 259 171 90 258 28 163 157 45 148 122 211 186 50 208 14 83 152 87 231 170 119 62 241 75 59 229 221 109 150 191 142 198 235 146 207 262 226 61 88 212 192 203 139 244 124 53 7 141 129 55 76 10 40 98 195 180 215 161 158 256 91 101 27 99 224 108 20 263 127 260 103 65 26 261 201 1 206 199 34 130 222 58 143 216 47 9 82 245 25 106 3 86 117 204 196 164 33 251 240 176 257 80 162 85 68 120 248 237 71 160 46 200 66 193 54 236 22 254 156 44 96 19 147 95 140 43 133 194 264 220 183 189 57 39 230 210 238 175 137 233 250 179 93 234 16 168 4 185 49 15 242 169 252 67 78 151 165 92 132 23 69 115 149 112 202 79 131 18 114 72 51 209 173 48 77 31 21 94 121 17 30 36 167 64 118 8 102 239 74 0 11 63 172 56 255 177 181 70 153 145 174 225 136 60 188 37 81 125 12 35 144 2 178 135 190 253 155 232 97 138 41 38 107 111 73 105 166 24
257 182 101 222 228 216 150 186 8 42 79 181 220 164 262 174 210 161 198 178 193 236 149 56 66 26 25 112 227 250 103 106 183 33 34 195 132 245 225 144 177 89 9 168 166 64 131 179 75 173 63 85 58 76 84 60 23 209 52 199 55 214 92 50 45 254 24 205 152 248 258 71 111 141 265 48 53 263 213 10 175 180 156 98 54 51 123 158 115 41 218 247 62 196 234 170 244 264 83 191 100 2 200 30 133 119 31 255 157 121 153 72 27 142 246 88 238 139 154 105 224 109 239 86 201 125 242 203 160 148 189 46 36 104 237 185 163 206 204 117 202 73 113 147 39 251 190 143 129 22 6 240 68 110 118 226 82 108 87 223 128 17 252 136 13 215 44 231 43 169 95 249 176 49 15 80 172 40 19 47 81 11 1 32 232 135 7 253 211 130 146 99 235 20 260 35 93 230 18 59 102 124 140 127 138 67 137 221 212 57 16 188 208 78 61 165 5 217 90 241 12 207 3 159 120 38 155 28 4 243 197 167 184 256 94 192 21 134 116 122 151 219 126 229 96 37 114 91 69 171 29 145 162 187 65 107 233 0 70 259 194 261 14 77 97 74
15 1
243 229 105 176 26 196 73 67 262 92 62 248 255 141 172 157 37 220 17 177 57 171 205 119 53 210 93 249 209 40 161 12 245 108 128 58 202 109 9 152 48 28 251 144 239 25 19 99 122 39 224 88 158 34 214 212 178 191 61 260 241 75 68 70 257 227 170 150 208 52 87 145 15 121 3 197 142 235 192 133 261 222 5 79 7 96 82 45 111 228 140 120 14 203 64 91 195 234 218 250 56 211 47 127 76 4 134 89 217 146 240 174 118 185 131 33 254 256 63 237 72 125 50 51 151 115 55 167 135 175 242 6 204 148 85 258 184 116 18 81 216 199 22 78 10 247 207 21 155 42 138 215 213 149 59 83 77 101 32 164 173 23 29 35 180 236 169 103 233 143 74 36 27 179 183 232 188 238 44 126 165 130 16 66 112 102 201 71 107 24 156 30 98 129 110 11 95 132 80 13 194 263 253 265 38 221 41 189 259 200 225 31 252 90 94 160 223 154 84 186 166 193 49 46 1 187 104 231 123 244 198 230 153 60 182 113 246 65 139 147 43 159 190 181 69 162 54 136 2 163 0 226 137 219 8 86 114 168 97 206 117 20 124 100 106 264
19 1
198 47 247 91 255 176 67 97 127 70 262 252 246 109 257 22 58 165 245 129 29 260 117 216 258 56 210 122 38 104 195 44 13 150 248 249 203 166 85 212 131 265 112 61 79 24 125 100 140 63 178 208 144 4 1 194 80 102 225 169 261 74 236 179 146 32 134 240 20 227 31 221 57 89 37 163 106 171 34 219 224 55 263 25 86 49 159 244 168 92 164 51 218 215 180 18 175 94 128 115 251 16 139 239 142 124 223 214 156 233 107 241 120 152 111 222 192 172 199 182 23 197 113 0 174 205 53 88 19 7 154 204 96 40 177 27 191 6 52 231 71 259 30 201 116 193 162 114 77 95 234 237 54 59 187 253 103 213 196 3 64 200 211 17 73 87 209 181 41 78 207 39 60 110 173 158 135 65 153 229 202 66 99 76 83 136 141 105 149 62 228 5 189 69 217 10 167 143 151 101 242 28 93 157 90 161 160 36 98 264 238 21 46 235 48 256 121 43 68 72 132 147 11 2 170 108 75 9 118 186 130 126 184 33 220 123 250 232 82 119 185 230 155 226 81 148 35 12 14 8 50 137 190 254 188 145 84 138 183 42 26 206 133 15 243 45
20 2
9 3 48 1 73 30 36 106 15 0 153 192 31 13 161 8 144 43 142 105 187 152 99 95 57 186 128 159 91 146 5 12 110 39 112 82 6 237 158 33 260 235 166 17 77 123 182 61 2 222 180 183 230 221 215 104 120 24 162 59 233 47 87 244 89 76 232 70 207 213 67 151 248 4 190 79 65 44 194 75 198 81 35 116 249 97 208 62 88 64 121 28 138 135 101 23 252 85 174 22 139 94 115 163 55 19 7 118 263 175 32 195 34 130 126 102 83 117 107 226 56 90 238 45 229 188 114 131 26 256 113 127 156 176 169 93 247 255 92 100 234 173 18 241 16 242 29 261 160 216 209 71 21 10 177 201 132 157 38 27 148 14 58 103 179 236 42 172 245 134 251 203 167 141 98 109 133 154 178 164 50 191 46 51 206 265 25 20 125 264 74 181 11 227 78 111 219 211 80 224 262 155 218 171 220 257 184 68 86 150 243 197 253 69 239 54 149 246 202 196 204 53 49 223 199 231 119 193 254 124 52 225 66 60 140 41 165 37 122 214 240 143 145 210 63 168 217 136 72 84 250 170 96 212 228 137 129 205 259 258 40 147 200 108 189 185
58 52 134 82 264 74 59 110 263 235 192 96 107 199 156 88 63 41 28 177 198 126 153 237 145 258 265 242 18 40 227 89 50 115 187 243 173 118 113 213 29 17 76 218 252 97 238 197 162 90 32 157 1 71 257 147 116 230 0 6 165 250 78 16 214 161 95 194 143 229 182 53 111 154 5 99 42 92 62 155 261 216 3 83 240 248 176 234 15 31 49 183 77 203 94 66 11 45 144 75 254 123 132 127 251 106 105 12 125 112 7 72 109 38 117 33 56 114 37 119 174 217 245 101 186 108 21 103 225 193 249 260 102 148 2 210 207 178 209 223 222 141 149 68 98 24 184 55 133 142 200 219 152 22 73 79 14 51 224 164 202 65 48 181 159 60 259 167 246 208 196 179 190 36 120 221 86 19 137 171 241 163 70 91 146 204 124 34 255 247 172 231 10 129 67 195 170 47 20 13 150 262 160 93 185 232 220 136 169 138 135 228 239 39 64 253 81 121 43 151 206 175 140 139 158 128 226 30 211 69 57 191 205 236 87 9 233 23 46 212 84 180 27 35 244 122 168 189 85 130 61 104 44 215 100 188 256 54 25 166 131 80 201 8 4 26
21 2
241 65 153 22 77 192 235 226 161 180 152 58 198 94 104 145 74 146 21 57 255 246 160 69 10 12 23 27 158 217 108 54 234 225 237 131 92 175 116 214 218 186 87 184 177 125 60 15 230 109 169 20 133 42 66 76 249 162 240 28 247 231 227 139 229 203 31 48 216 26 16 159 50 32 70 167 148 164 113 182 221 195 124 9 155 163 36 53 129 68 90 0 86 98 212 140 199 166 257 126 112 242 102 97 107 168 173 14 264 127 56 245 156 254 39 138 134 64 224 151 147 41 174 81 201 130 220 49 149 132 45 244 88 228 38 122 181 101 196 207 178 136 5 143 188 47 223 222 55 154 106 165 24 176 128 213 100 40 59 209 3 202 19 232 4 119 103 191 194 72 252 61 205 150 135 261 2 256 95 34 83 141 265 260 263 259 121 251 206 111 29 75 142 215 105 123 115 248 25 204 118 82 8 1 96 236 144 63 193 71 6 197 13 84 114 208 89 190 157 62 99 243 120 17 200 253 258 219 52 117 67 171 85 233 73 210 172 179 185 187 11 91 137 80 35 189 18 46 211 110 170 239 250 33 78 51 44 93 7 238 262 37 183 43 30 79
59 192 231 22 163 173 68 31 71 92 121 164 214 262 11 225 203 29 230 146 52 171 200 48 16 101 2 156 83 252 90 254 77 34 259 241 0 64 185 56 40 74 62 141 30 117 88 251 144 258 207 94 260 93 89 28 75 178 194 36 227 67 96 221 139 186 210 220 78 246 5 217 80 107 84 39 196 215 6 109 229 204 124 55 41 234 76 46 87 265 44 180 244 123 151 223 42 233 60 176 100 167 222 218 208 4 65 168 264 113 198 175 82 79 242 158 179 245 160 228 120 142 237 53 112 261 69 66 147 195 63 115 257 212 253 15 119 236 91 37 170 255 10 118 23 116 209 154 35 102 152 51 213 18 128 1 201 97 131 140 143 250 161 105 14 183 103 25 73 125 159 206 211 70 38 243 188 177 190 145 138 13 235 263 133 174 106 122 99 50 57 172 155 58 193 219 86 110 197 132 3 27 95 24 247 12 21 189 232 19 127 191 184 150 205 32 49 8 166 129 61 130 149 202 224 135 182 98 136 72 153 26 104 157 240 226 249 187 47 134 85 148 248 111 9 45 126 81 114 137 162 238 17 239 7 43 108 199 216 33 20 169 181 165 256 54
22 2
9 3 48 1 73 30 36 106 15 0 153 192 31 13 161 8 144 43 142 105 187 152 99 95 57 186 128 159 91 146 5 12 110 39 112 82 6 237 158 33 260 235 166 17 77 123 182 61 2 222 180 183 230 221 215 104 120 24 162 59 233 47 87 244 89 76 232 70 207 213 67 151 248 4 190 79 65 44 194 75 198 81 35 116 249 97 208 62 88 64 121 28 138 135 101 23 252 85 174 22 139 94 115 163 55 19 7 118 263 175 32 195 34 130 126 102 83 117 107 226 56 90 238 45 229 188 114 131 26 256 113 127 156 176 169 93 247 255 92 100 234 173 18 241 16 242 29 261 160 216 209 71 21 10 177 201 132 157 38 27 148 14 58 103 179 236 42 172 245 134 251 203 167 141 98 109 133 154 178 164 50 191 46 51 206 265 25 20 125 264 74 181 11 227 78 111 219 211 80 224 262 155 218 171 220 257 184 68 86 150 243 197 253 69 239 54 149 246 202 196 204 53 49 223 199 231 119 193 254 124 52 225 66 60 140 41 165 37 122 214 240 143 145 210 63 168 217 136 72 84 250 170 96 212 228 137 129 205 259 258 40 147 200 108 189 185
243 141 229 99 108 239 35 242 161 9 230 12 11 105 37 177 171 17 205 57 157 172 220 75 67 58 167 27 127 204 77 185 92 103 237 6 234 14 245 50 51 93 125 144 145 87 52 256 152 59 39 40 46 130 238 140 222 19 25 49 228 70 170 119 153 181 259 24 208 191 61 196 214 86 231 23 95 30 211 265 91 155 163 180 195 124 73 45 132 193 233 80 32 41 194 76 190 253 121 3 260 226 143 33 261 13 150 175 4 158 120 116 183 248 169 209 111 176 128 63 110 98 122 213 85 42 160 28 118 129 53 210 88 247 189 174 203 258 159 165 55 1 187 102 43 44 223 249 178 200 106 207 48 64 224 81 262 20 109 138 126 8 162 82 264 139 225 26 212 114 62 16 21 173 135 107 117 15 148 179 83 65 182 112 206 31 257 142 263 134 96 69 251 89 94 84 71 254 240 217 149 232 202 136 29 18 184 151 68 115 131 78 168 123 72 216 215 199 255 252 22 241 56 146 154 166 101 250 60 2 10 74 201 90 36 244 246 34 54 5 198 221 7 0 235 38 236 133 113 147 227 192 219 97 197 218 47 186 137 66 100 104 156 188 164 79
24 2
261 221 250 223 138 99 231 126 147 53 59 142 28 114 29 207 232 184 246 256 48 233 75 19 92 178 198 44 236 218 172 194 181 64 151 215 22 193 224 84 158 187 206 191 230 129 148 162 167 171 62 18 228 112 15 251 42 71 34 216 183 219 113 46 68 174 150 80 33 255 107 197 240 13 74 36 211 254 5 227 190 6 196 146 125 110 248 153 253 11 120 91 200 16 242 49 164 169 217 78 52 79 136 7 88 165 45 176 238 82 249 133 9 50 73 72 90 199 60 111 116 237 244 166 69 39 103 144 245 106 247 117 160 119 30 0 189 25 156 252 96 155 89 262 202 1 222 182 63 128 154 58 105 192 66 180 4 121 234 123 195 77 203 43 140 152 159 20 35 258 239 95 134 32 260 175 70 21 137 76 141 173 8 118 185 17 2 225 204 102 67 163 87 208 241 132 109 57 235 131 24 94 127 47 259 143 56 54 37 209 122 179 3 170 139 168 10 257 14 229 220 145 83 212 264 41 86 101 100 61 27 81 93 177 40 26 12 157 265 213 115 31 201 55 210 149 51 263 226 85 186 243 214 104 161 124 23 98 97 188 65 135 205 130 38 108
0 21 13 154 130 69 241 105 9 8 153 156 78 2 20 16 15 19 22 17 14 1 18 175 132 127 114 133 208 170 34 55 207 41 30 158 162 198 103 109 145 33 152 45 58 43 70 63 118 116 131 61 173 151 205 31 215 57 44 265 62 51 60 47 187 179 107 125 68 5 46 71 81 236 184 176 182 100 12 237 135 72 82 161 84 245 113 202 155 138 122 209 139 146 201 195 255 262 142 186 77 144 248 38 191 7 231 66 166 39 210 211 119 86 26 163 49 167 48 112 200 192 90 178 193 67 221 25 160 243 4 50 24 27 174 80 218 216 89 92 250 240 98 222 101 40 93 172 223 214 246 53 42 10 3 88 11 238 35 227 128 83 36 115 235 233 108 117 177 181 29 249 147 52 134 23 75 168 123 65 194 169 76 213 74 256 99 64 197 199 190 104 121 124 180 95 261 188 37 189 120 94 87 219 204 54 224 32 28 91 110 111 229 183 149 56 137 247 136 203 242 126 143 148 206 225 239 159 232 212 260 106 228 165 264 164 73 79 157 226 141 6 220 129 252 85 150 217 102 171 140 253 244 251 258 96 185 263 254 259 230 196 97 257 234 59
30 2
95 74 102 224 226 161 31 38 199 250 71 48 158 138 55 123 245 63 93 216 3 188 236 109 178 263 220 171 194 241 82 196 49 264 213 81 115 202 7 41 1 43 58 46 117 181 76 151 248 231 184 140 6 19 91 86 34 195 201 57 5 69 21 258 235 212 229 87 28 145 107 170 27 105 185 156 114 35 0 175 29 209 40 167 64 130 230 186 228 128 121 172 60 124 101 84 192 225 190 261 139 249 254 238 100 72 211 68 166 90 191 65 9 153 39 96 15 204 197 134 246 183 12 223 165 103 262 144 222 47 173 146 73 253 77 70 59 203 256 265 219 232 18 160 147 61 131 67 25 154 233 240 142 106 14 2 16 98 125 162 37 182 62 99 52 152 163 200 198 79 180 132 133 80 32 120 237 54 217 242 257 259 187 260 174 30 127 92 193 110 17 88 118 159 135 26 251 36 104 155 24 51 210 243 94 143 234 244 189 119 205 22 13 20 89 4 148 83 116 42 136 218 126 221 56 129 112 10 208 33 149 50 66 176 75 78 113 179 122 207 97 85 150 137 239 206 247 169 45 44 215 164 252 177 8 108 111 227 157 11 23 255 214 53 141 168
163 173 175 220 21 55 265 131 67 83 93 177 243 206 242 123 13 264 244 259 46 112 231 210 139 211 129 138 44 82 79 159 22 145 41 122 240 23 252 115 120 20 234 192 135 19 224 36 263 172 253 191 188 236 49 182 59 97 189 213 205 33 52 190 262 16 61 155 99 66 166 227 88 110 247 65 197 119 89 40 87 77 85 215 261 1 233 241 171 95 143 181 154 170 128 222 225 26 229 194 6 28 144 35 24 212 32 101 0 179 72 105 193 184 34 43 15 214 47 81 74 150 209 223 207 203 117 130 249 136 147 7 111 11 103 204 151 12 132 217 245 69 10 183 8 141 146 80 48 237 260 57 239 25 5 186 140 63 134 251 187 160 4 84 100 257 68 104 167 2 165 208 50 185 54 254 109 248 9 121 71 133 230 37 106 29 102 202 31 51 157 219 76 250 255 3 198 39 164 169 226 156 60 238 107 161 256 152 73 158 90 53 27 195 94 200 153 168 116 228 56 218 64 221 114 118 178 180 58 17 92 113 98 149 201 108 216 14 137 18 96 127 86 125 124 42 199 30 91 126 162 62 38 174 246 70 75 142 232 148 176 235 78 45 258 196
30 2
61 158 85 5 106 3 260 240 100 113 98 195 89 13 77 111 70 28 209 238 80 55 149 65 247 97 264 190 17 48 231 228 224 33 71 181 179 63 185 90 40 220 142 84 137 234 139 132 29 140 245 101 229 145 168 21 254 198 243 73 236 0 192 37 94 23 91 110 78 244 16 34 174 59 196 250 251 14 68 83 20 223 176 79 43 2 188 182 157 12 39 66 235 265 64 170 248 25 10 197 8 51 204 167 226 134 4 255 115 118 67 15 146 9 256 108 178 131 109 237 183 154 162 211 201 217 171 127 187 129 163 117 47 155 105 225 189 44 200 46 49 199 42 208 218 53 112 212 148 22 194 186 213 205 121 133 172 88 1 180 253 227 122 130 164 241 206 103 54 259 95 126 156 202 72 193 82 177 116 36 159 35 87 120 207 38 151 128 86 136 27 230 62 175 150 11 74 99 57 141 138 124 173 203 102 153 166 184 143 18 258 123 147 152 257 219 222 125 144 215 41 232 216 81 32 135 104 161 31 52 191 30 221 246 45 92 60 119 19 252 7 165 249 58 69 50 233 24 96 242 75 76 239 160 56 107 114 214 210 169 6 261 263 262 26 93
58 52 134 82 264 74 59 110 263 235 192 96 107 199 156 88 63 41 28 177 198 126 153 237 145 258 265 242 18 40 227 89 50 115 187 243 173 118 113 213 29 17 76 218 252 97 238 197 162 90 32 157 1 71 257 147 116 230 0 6 165 250 78 16 214 161 95 194 143 229 182 53 111 154 5 99 42 92 62 155 261 216 3 83 240 248 176 234 15 31 49 183 77 203 94 66 11 45 144 75 254 123 132 127 251 106 105 12 125 112 7 72 109 38 117 33 56 114 37 119 174 217 245 101 186 108 21 103 225 193 249 260 102 148 2 210 207 178 209 223 222 141 149 68 98 24 184 55 133 142 200 219 152 22 73 79 14 51 224 164 202 65 48 181 159 60 259 167 246 208 196 179 190 36 120 221 86 19 137 171 241 163 70 91 146 204 124 34 255 247 172 231 10 129 67 195 170 47 20 13 150 262 160 93 185 232 220 136 169 138 135 228 239 39 64 253 81 121 43 151 206 175 140 139 158 128 226 30 211 69 57 191 205 236 87 9 233 23 46 212 84 180 27 35 244 122 168 189 85 130 61 104 44 215 100 188 256 54 25 166 131 80 201 8 4 26
30 2
154 227 209 217 148 143 52 214 22 65 89 219 254 69 195 162 210 109 93 231 78 21 8 182 66 91 146 187 159 113 249 205 32 104 208 163 147 95 229 245 40 175 198 108 236 56 51 119 235 157 184 46 6 153 142 170 45 82 191 128 155 86 197 63 223 9 24 76 260 13 160 200 185 199 243 117 67 77 20 252 174 239 57 140 111 188 61 151 94 10 137 25 186 18 88 37 110 258 192 234 120 180 263 125 33 241 244 132 43 17 96 84 190 29 116 150 114 75 173 47 100 265 156 230 178 103 181 203 59 164 130 213 107 207 204 250 238 90 167 202 83 264 54 5 226 248 26 36 4 183 115 87 158 53 0 60 122 49 152 28 70 225 15 35 129 222 169 138 257 166 55 171 194 118 80 41 240 224 124 242 101 126 23 149 50 72 92 27 85 212 112 58 98 211 172 14 220 62 42 73 71 237 139 127 134 31 206 133 34 2 16 193 189 131 7 215 233 3 261 11 196 221 165 64 177 161 144 1 251 38 123 19 259 216 99 48 44 201 136 81 176 105 179 74 106 39 262 253 145 30 135 228 79 247 12 256 255 168 97 232 68 218 246 102 141 121
58 126 88 106 56 182 148 169 162 235 209 12 3 199 63 177 153 41 156 52 28 134 198 180 101 175 37 196 187 147 136 17 221 73 96 89 85 119 259 115 171 157 224 218 229 230 252 249 152 36 137 120 232 124 253 16 117 143 238 60 1 127 2 258 80 165 222 227 74 53 97 0 59 86 155 172 122 70 4 51 128 216 144 154 248 25 105 62 110 150 103 265 22 43 193 201 151 130 91 98 46 132 104 102 184 263 15 225 64 7 35 146 183 250 133 94 111 19 10 191 79 49 223 194 125 202 174 139 18 242 167 217 190 264 138 188 26 203 77 13 47 140 34 66 65 95 71 31 255 24 208 39 82 61 114 108 181 99 112 256 21 149 219 197 131 168 135 14 161 234 33 215 38 245 243 113 173 213 241 186 257 185 48 9 178 189 244 75 262 67 5 84 109 118 78 160 44 142 129 90 237 116 210 170 206 246 195 145 176 247 50 87 93 92 29 32 228 233 72 179 231 40 158 260 254 226 23 261 11 159 236 20 27 42 205 107 6 30 141 8 163 55 81 76 251 54 121 240 83 207 192 164 100 211 239 220 123 57 204 45 212 68 214 69 200 166
38 2
227 113 249 128 184 6 5 84 223 123 89 228 246 32 52 187 182 217 205 159 104 214 154 197 265 126 110 100 42 29 218 213 13 134 116 247 219 243 259 171 90 258 28 163 157 45 148 122 211 186 50 208 14 83 152 87 231 170 119 62 241 75 59 229 221 109 150 191 142 198 235 146 207 262 226 61 88 212 192 203 139 244 124 53 7 141 129 55 76 10 40 98 195 180 215 161 158 256 91 101 27 99 224 108 20 263 127 260 103 65 26 261 201 1 206 199 34 130 222 58 143 216 47 9 82 245 25 106 3 86 117 204 196 164 33 251 240 176 257 80 162 85 68 120 248 237 71 160 46 200 66 193 54 236 22 254 156 44 96 19 147 95 140 43 133 194 264 220 183 189 57 39 230 210 238 175 137 233 250 179 93 234 16 168 4 185 49 15 242 169 252 67 78 151 165 92 132 23 69 115 149 112 202 79 131 18 114 72 51 209 173 48 77 31 21 94 121 17 30 36 167 64 118 8 102 239 74 0 11 63 172 56 255 177 181 70 153 145 174 225 136 60 188 37 81 125 12 35 144 2 178 135 190 253 155 232 97 138 41 38 107 111 73 105 166 24
126 136 106 86 235 152 137 97 265 170 133 182 183 196 169 147 58 17 148 180 73 187 221 259 35 79 130 27 49 164 131 80 167 96 34 24 69 43 85 188 195 127 120 37 56 249 253 185 60 28 144 256 178 123 191 264 44 232 16 257 48 74 189 201 173 181 177 251 89 36 224 117 184 20 61 87 247 95 248 25 31 243 111 219 91 38 3 75 168 68 104 84 218 98 129 77 33 7 93 222 240 225 237 228 90 211 2 206 199 158 160 82 112 176 263 115 250 71 156 252 42 186 135 53 162 155 0 41 202 94 26 30 150 10 134 122 1 6 153 151 172 216 204 179 50 157 174 15 18 171 132 139 5 138 260 125 118 145 109 159 110 200 124 165 29 163 217 32 88 14 9 149 140 64 146 233 113 66 52 143 19 65 11 12 72 47 121 21 39 62 239 54 236 203 209 40 13 229 231 108 161 63 128 193 142 242 107 227 215 194 230 105 254 255 261 208 141 166 92 83 234 22 99 223 70 101 244 207 103 197 210 198 57 175 220 4 192 102 241 190 100 238 205 81 226 245 258 76 78 45 116 67 119 46 212 213 51 59 246 23 154 214 262 114 55 8
42 2
227 113 249 128 184 6 5 84 223 123 89 228 246 32 52 187 182 217 205 159 104 214 154 197 265 126 110 100 42 29 218 213 13 134 116 247 219 243 259 171 90 258 28 163 157 45 148 122 211 186 50 208 14 83 152 87 231 170 119 62 241 75 59 229 221 109 150 191 142 198 235 146 207 262 226 61 88 212 192 203 139 244 124 53 7 141 129 55 76 10 40 98 195 180 215 161 158 256 91 101 27 99 224 108 20 263 127 260 103 65 26 261 201 1 206 199 34 130 222 58 143 216 47 9 82 245 25 106 3 86 117 204 196 164 33 251 240 176 257 80 162 85 68 120 248 237 71 160 46 200 66 193 54 236 22 254 156 44 96 19 147 95 140 43 133 194 264 220 183 189 57 39 230 210 238 175 137 233 250 179 93 234 16 168 4 185 49 15 242 169 252 67 78 151 165 92 132 23 69 115 149 112 202 79 131 18 114 72 51 209 173 48 77 31 21 94 121 17 30 36 167 64 118 8 102 239 74 0 11 63 172 56 255 177 181 70 153 145 174 225 136 60 188 37 81 125 12 35 144 2 178 135 190 253 155 232 97 138 41 38 107 111 73 105 166 24
91 203 176 160 164 142 210 258 202 83 24 240 25 212 107 47 70 223 246 162 51 18 3 26 152 198 69 27 59 190 264 66 73 253 179 244 86 261 134 114 157 121 53 263 256 130 247 145 67 127 72 255 228 87 31 148 110 19 11 158 46 171 219 207 117 1 54 230 89 23 74 209 169 234 16 191 55 4 254 265 243 123 201 180 213 232 92 42 132 216 90 241 36 257 13 178 204 103 93 220 156 137 102 166 14 194 150 104 30 49 249 189 100 78 214 196 38 229 200 165 222 186 135 195 82 45 99 109 154 88 125 35 129 52 116 174 141 242 115 63 95 181 192 143 206 15 17 120 76 128 173 119 10 2 149 84 112 218 28 71 22 8 57 85 77 151 97 75 105 50 250 231 236 106 122 37 153 44 140 237 9 136 79 262 43 238 41 239 144 245 217 167 5 208 168 81 138 211 12 96 224 124 161 65 199 172 188 139 215 159 235 248 94 155 39 193 68 29 40 227 126 80 147 146 118 33 7 62 133 64 48 61 163 233 32 6 205 34 259 251 58 0 101 221 131 111 21 60 197 56 252 187 170 225 113 20 177 98 226 185 183 175 260 184 108 182
55 2
54 129 135 57 51 214 249 7 185 132 223 167 118 137 123 65 142 20 159 201 120 233 70 212 218 27 101 198 238 19 242 168 240 147 31 104 50 191 93 6 265 151 40 25 53 85 1 202 226 28 163 23 173 209 17 261 127 259 138 210 252 232 128 73 141 109 164 258 260 152 81 246 106 161 183 38 172 150 219 26 156 189 82 84 111 94 177 2 16 22 263 149 91 208 108 48 199 41 196 13 45 231 102 195 83 66 241 235 100 197 131 35 87 72 46 145 234 186 90 68 0 207 176 158 211 112 153 216 228 155 143 88 136 187 250 125 58 126 9 76 140 47 110 221 162 248 24 36 64 171 130 8 194 99 251 114 133 92 60 243 193 11 49 33 52 75 217 63 78 10 175 157 98 105 225 119 18 69 230 227 116 245 146 213 184 97 56 222 15 89 236 229 124 29 86 180 139 188 200 95 43 160 148 257 67 32 206 37 165 30 262 190 254 107 115 247 117 181 264 34 256 77 80 61 12 154 96 220 71 121 204 237 169 42 103 74 192 79 144 113 215 239 44 122 166 244 62 205 5 55 3 253 14 174 4 179 255 59 178 134 170 39 203 224 182 21
117 202 151 258 87 214 180 130 26 203 24 233 119 264 2 48 32 110 198 189 80 71 218 41 148 9 86 149 176 137 53 93 200 83 167 140 84 109 225 103 168 139 45 59 239 174 13 179 73 156 147 172 129 241 162 55 262 126 240 54 236 134 63 100 105 235 227 164 23 98 114 95 44 191 265 197 101 145 246 90 16 52 249 36 111 96 12 194 25 57 51 247 216 161 15 121 251 166 14 66 107 217 30 234 35 160 102 208 75 219 238 33 175 72 146 7 261 138 196 8 132 165 205 244 4 79 204 43 188 169 77 136 187 92 220 224 49 10 122 245 50 81 91 143 27 115 201 104 29 58 5 69 190 256 128 193 186 243 263 88 3 253 127 163 223 21 192 74 108 141 60 120 125 259 183 231 222 158 1 22 116 254 67 229 184 211 131 210 11 99 76 94 135 61 260 6 170 40 133 38 20 230 153 159 232 0 206 31 62 113 171 237 252 228 221 257 18 152 250 213 155 248 215 255 97 65 34 19 37 42 70 123 89 154 82 199 118 212 157 209 144 106 242 17 112 68 85 56 150 39 47 78 185 207 177 182 178 28 64 46 124 195 142 181 173 226
56 2
23 104 45 227 103 182 152 204 110 52 177 72 214 115 135 244 190 1 165 149 92 125 168 151 197 181 218 47 236 201 90 241 169 206 63 254 113 64 207 159 176 248 3 242 111 117 191 178 237 175 185 94 196 99 10 69 129 251 118 228 22 119 54 8 238 44 222 257 91 155 14 65 202 142 21 39 260 76 120 123 229 31 170 193 256 25 215 184 57 150 186 205 225 109 48 154 19 102 263 40 15 132 210 2 148 50 217 200 189 0 32 258 250 106 141 26 188 108 219 36 6 107 144 162 145 7 28 199 235 49 259 262 220 212 35 100 67 83 78 226 124 38 89 194 59 51 249 223 253 233 68 116 18 213 17 29 252 232 33 187 27 82 243 224 5 138 163 234 12 171 56 34 70 211 255 161 179 121 203 112 183 13 147 60 86 240 79 58 93 4 87 9 246 122 55 160 133 71 16 167 62 143 239 216 43 73 84 264 97 42 81 88 46 265 180 198 195 221 85 75 130 61 146 80 105 11 173 126 137 164 157 158 192 153 174 37 209 140 156 20 166 208 74 30 172 231 98 127 114 136 53 139 128 95 261 247 245 66 24 131 134 77 101 230 41 96
138 73 238 48 157 183 195 126 187 9 154 61 158 99 69 95 16 151 200 250 133 153 173 203 213 236 125 135 112 62 30 191 263 229 64 199 208 75 232 261 137 58 233 144 209 264 221 150 3 231 130 181 202 242 68 116 131 146 41 149 240 11 29 174 34 145 168 182 54 14 121 204 72 1 94 37 156 207 143 198 132 225 180 227 259 96 90 243 224 93 86 244 210 89 74 15 85 196 260 13 109 211 106 234 160 161 102 188 134 100 117 228 28 239 169 258 55 110 127 119 172 70 124 123 122 26 7 118 248 147 50 56 80 20 108 27 185 40 0 170 265 167 152 78 43 65 57 129 155 59 47 17 142 21 10 148 76 4 12 192 104 105 162 223 251 253 245 141 66 114 139 254 120 22 63 222 237 216 201 197 82 51 67 5 184 136 215 8 107 219 190 31 159 218 205 6 97 179 79 35 18 178 52 23 71 194 249 77 36 44 92 101 217 24 220 186 177 212 193 189 214 46 175 163 88 81 256 83 111 33 235 49 38 42 103 230 25 176 2 113 60 241 53 87 91 166 255 252 128 206 19 164 247 165 171 246 226 262 115 84 98 39 257 32 45 140
57 2
207 242 90 52 139 18 161 169 104 227 87 5 89 159 167 260 176 45 11 178 166 21 261 141 142 36 210 253 143 81 163 31 129 93 175 68 237 2 259 115 226 133 23 249 4 204 252 171 187 120 13 192 132 69 245 41 184 9 137 66 15 76 234 63 206 256 91 148 165 145 231 174 102 264 88 168 218 119 65 219 213 223 162 151 62 38 14 183 195 194 37 59 75 153 248 58 180 189 236 113 254 47 126 191 243 154 40 230 240 94 110 140 179 149 130 185 158 238 152 135 197 112 212 198 71 103 72 164 257 144 173 43 3 55 202 77 188 95 134 44 221 42 217 216 32 53 82 107 228 99 128 157 205 33 241 108 54 83 215 50 26 182 146 247 244 35 265 86 92 220 0 101 64 114 124 208 200 98 196 121 250 97 6 10 224 39 201 214 199 181 27 125 233 79 12 74 19 49 232 136 16 229 138 203 17 118 172 170 34 246 160 22 225 235 48 116 28 24 61 193 7 111 1 29 56 122 106 57 67 186 147 255 123 51 84 80 177 25 263 100 155 105 222 8 127 156 262 30 109 131 96 46 251 190 239 70 78 150 73 85 60 211 209 117 258 20
123 101 163 66 231 16 228 181 244 255 246 46 209 248 128 211 95 68 54 32 223 15 263 143 264 224 26 225 85 8 88 139 50 257 94 43 203 20 259 122 249 166 121 218 193 217 191 239 111 63 19 175 129 44 222 89 235 72 212 7 22 195 98 112 162 144 138 108 265 9 31 140 227 12 90 30 226 47 208 79 184 133 238 237 167 197 13 164 75 168 127 233 76 158 96 5 34 109 150 39 252 200 4 254 24 174 81 187 245 192 147 154 49 118 221 242 51 206 188 161 42 120 99 170 71 152 145 74 196 220 105 45 250 106 236 190 103 182 3 70 124 38 247 186 215 219 82 173 135 137 62 36 156 91 48 27 125 80 178 132 172 176 261 204 258 10 262 189 55 256 0 185 260 110 130 116 119 78 93 201 134 59 149 61 157 199 23 241 113 84 148 11 97 53 142 183 14 28 83 171 1 216 33 151 2 6 210 25 177 73 117 21 251 213 214 65 179 131 35 126 52 230 18 37 207 155 92 57 205 229 114 102 56 153 169 232 180 198 146 77 115 107 240 40 29 67 165 194 86 243 159 58 253 100 136 69 234 202 87 141 160 64 41 60 104 17
114 2
227 113 249 128 184 6 5 84 223 123 89 228 246 32 52 187 182 217 205 159 104 214 154 197 265 126 110 100 42 29 218 213 13 134 116 247 219 243 259 171 90 258 28 163 157 45 148 122 211 186 50 208 14 83 152 87 231 170 119 62 241 75 59 229 221 109 150 191 142 198 235 146 207 262 226 61 88 212 192 203 139 244 124 53 7 141 129 55 76 10 40 98 195 180 215 161 158 256 91 101 27 99 224 108 20 263 127 260 103 65 26 261 201 1 206 199 34 130 222 58 143 216 47 9 82 245 25 106 3 86 117 204 196 164 33 251 240 176 257 80 162 85 68 120 248 237 71 160 46 200 66 193 54 236 22 254 156 44 96 19 147 95 140 43 133 194 264 220 183 189 57 39 230 210 238 175 137 233 250 179 93 234 16 168 4 185 49 15 242 169 252 67 78 151 165 92 132 23 69 115 149 112 202 79 131 18 114 72 51 209 173 48 77 31 21 94 121 17 30 36 167 64 118 8 102 239 74 0 11 63 172 56 255 177 181 70 153 145 174 225 136 60 188 37 81 125 12 35 144 2 178 135 190 253 155 232 97 138 41 38 107 111 73 105 166 24
170 222 37 132 44 11 182 220 243 57 183 18 194 50 86 60 200 204 5 196 265 21 211 42 217 237 160 190 216 223 247 31 144 153 208 165 25 90 85 185 106 55 141 131 139 17 251 101 214 197 159 233 3 145 156 133 224 227 95 91 260 218 84 63 172 78 59 228 35 53 255 124 126 258 195 92 61 135 256 193 235 29 146 157 234 259 167 10 74 12 2 66 168 33 109 137 250 181 177 149 239 171 72 125 8 241 226 147 155 248 110 221 121 99 173 39 215 263 205 77 49 179 225 232 174 191 102 244 150 32 114 249 52 41 138 119 199 58 202 4 111 23 24 28 129 69 162 230 67 113 257 83 118 93 105 240 245 151 116 13 210 6 82 30 127 68 20 14 75 7 207 47 206 130 71 34 16 236 19 112 96 189 161 87 56 115 229 48 136 97 253 103 51 219 89 88 178 120 123 188 176 186 134 203 45 152 64 0 175 262 26 261 122 80 187 158 143 142 76 79 169 140 242 81 184 212 40 9 148 201 107 70 198 192 62 213 98 36 117 254 108 154 1 104 164 54 209 163 94 43 180 252 46 27 100 231 65 128 264 38 15 22 246 238 73 166
