126000 126
75 112 225 336
2
0 1 3 5 7 9 11 13 15 16 18 20 22 24 26 28 30 31 33 35 37 39 41 38 44 46 43 49 51 53 32 34 50 57 58 60 62 54 65 66 63 4 68 70 12 71 73 75 77 47 2 80 81 83 85 52 25 87 88 55 90 92 93 95 89 97 10 98 84 100 45 69 8 102 103 78 91 105 29 107 82 108 110 27 40 76 112 21 99 48 113 6 116 117 114 74 119 23 94 115 14 120 79 42 19 61 86 121 101 123 72 96 109 125 36 124 64 67 104 106 122 56 59 111 17 118
1 2 4 6 8 10 12 14 0 17 19 21 23 25 27 29 15 32 34 36 38 40 42 43 45 47 48 50 52 54 55 51 56 18 59 61 63 64 24 39 67 16 69 3 68 72 74 76 78 79 80 58 82 84 41 85 86 33 89 57 91 93 94 5 96 35 70 99 62 75 101 95 20 102 97 92 104 105 106 37 7 109 111 60 108 107 9 110 65 100 114 115 22 88 118 53 49 120 46 11 31 117 77 87 13 119 121 122 71 124 90 116 123 66 103 125 28 113 44 73 98 26 30 81 112 83
53
2 1
46 107 12 11 116 5 32 20 112 64 18 3 2 38 39 81 24 114 10 90 7 111 65 89 16 63 68 51 33 35 30 104 6 28 113 29 100 105 13 14 94 76 121 96 77 119 0 55 91 88 92 27 52 103 54 47 102 69 62 79 75 97 58 25 9 22 80 72 26 57 78 122 67 108 74 60 41 44 70 59 66 15 95 124 120 85 123 106 49 23 19 48 50 101 40 82 43 61 118 115 36 93 56 53 31 37 87 1 73 110 109 21 8 34 17 99 4 125 98 45 84 42 71 86 83 117
3 1
10 20 51 4 68 119 86 99 77 47 98 25 92 23 87 29 49 65 44 64 81 108 94 79 91 39 106 66 82 34 21 2 95 123 15 7 102 40 56 11 114 97 55 48 103 124 8 110 122 71 104 31 111 112 41 90 117 24 17 36 33 85 93 26 70 58 120 6 3 96 19 16 28 52 45 32 61 46 109 13 12 1 72 5 50 76 67 116 69 125 42 57 80 105 101 75 88 54 0 35 89 22 59 18 84 62 63 113 30 121 9 73 118 115 37 107 14 38 53 83 27 78 43 60 74 100
4 2
53 29 84 106 25 74 28 34 10 121 8 87 120 36 68 115 43 93 112 109 113 21 105 56 96 4 39 50 6 1 52 66 33 32 7 107 13 65 100 26 62 41 64 16 98 45 103 70 88 91 27 92 30 0 85 78 23 122 94 117 67 97 40 116 42 37 31 60 14 71 47 69 75 108 5 72 76 118 55 125 104 99 123 124 2 54 95 11 48 102 110 49 51 17 58 86 24 61 44 81 38 114 89 46 80 22 3 35 73 19 90 111 18 20 101 15 63 59 77 119 12 9 57 82 83 79
46 107 12 11 116 5 32 20 112 64 18 3 2 38 39 81 24 114 10 90 7 111 65 89 16 63 68 51 33 35 30 104 6 28 113 29 100 105 13 14 94 76 121 96 77 119 0 55 91 88 92 27 52 103 54 47 102 69 62 79 75 97 58 25 9 22 80 72 26 57 78 122 67 108 74 60 41 44 70 59 66 15 95 124 120 85 123 106 49 23 19 48 50 101 40 82 43 61 118 115 36 93 56 53 31 37 87 1 73 110 109 21 8 34 17 99 4 125 98 45 84 42 71 86 83 117
4 1
64 91 59 86 74 22 121 57 63 7 41 16 8 52 73 68 14 17 111 80 102 49 48 99 32 13 122 53 98 76 75 37 56 83 28 119 104 18 90 34 45 120 50 55 9 116 71 113 84 110 78 82 105 47 109 20 95 44 100 54 10 61 12 62 108 35 112 40 89 124 15 51 36 11 19 117 38 23 87 65 4 33 46 103 5 72 118 42 30 70 29 58 3 101 21 24 106 114 39 123 1 97 43 81 85 25 69 66 115 2 94 31 125 27 93 0 67 88 92 79 60 6 26 77 96 107
5 1
78 81 40 119 30 44 54 50 52 64 112 106 91 10 35 55 24 14 105 69 97 8 48 34 36 42 92 94 82 61 1 98 75 31 32 51 9 56 62 72 84 95 93 47 43 121 5 46 33 20 45 110 60 37 70 68 29 89 86 67 104 53 2 125 16 109 63 107 27 124 114 18 85 90 122 99 115 79 73 76 58 118 19 7 38 3 103 0 80 120 87 66 57 74 15 65 111 96 22 23 100 77 41 88 21 108 13 113 116 102 17 49 11 123 117 101 71 6 4 39 26 83 25 59 28 12
5 1
28 57 16 124 31 84 4 115 67 2 36 51 102 40 73 25 113 54 7 96 15 44 10 9 11 125 48 104 78 21 99 92 85 45 76 88 52 75 93 60 61 27 3 63 79 53 94 70 69 90 105 71 87 50 30 114 116 64 98 82 121 35 106 83 86 97 55 59 119 62 118 72 24 111 20 32 42 49 5 107 41 66 109 46 0 95 117 22 13 18 58 80 123 108 43 37 14 39 77 103 81 101 120 17 91 33 26 29 56 8 89 19 47 23 100 110 38 1 122 12 68 65 112 6 34 74
5 1
66 125 40 9 6 34 39 45 20 90 13 57 120 8 70 123 60 24 2 85 41 52 62 91 67 74 23 111 78 71 44 5 28 15 104 56 37 49 63 87 14 10 19 64 122 42 107 47 21 95 94 119 101 16 98 11 17 0 81 4 83 58 3 75 110 12 55 35 69 43 18 124 31 80 114 118 116 121 79 117 115 96 106 103 93 7 105 59 46 1 22 76 38 73 27 99 102 100 33 36 65 113 61 53 72 29 25 112 88 50 68 109 108 48 82 84 26 32 92 89 97 30 77 54 86 51
5 1
101 15 88 6 35 55 71 52 25 57 31 38 94 49 34 99 112 72 102 23 11 7 119 97 121 26 122 113 60 114 89 107 123 19 74 1 124 16 87 75 110 51 125 93 85 27 33 13 2 17 108 86 105 8 43 18 92 69 59 68 64 67 40 63 118 24 70 9 73 61 41 50 47 77 39 14 20 58 115 56 65 32 42 82 83 45 66 76 22 117 100 81 90 0 106 28 21 46 5 4 79 54 98 80 12 96 116 78 3 37 36 91 120 44 30 10 104 29 95 48 109 103 53 111 62 84
6 1
114 34 108 28 35 92 2 80 24 54 32 106 88 83 73 125 20 85 37 30 122 65 118 7 10 103 17 97 9 74 39 94 33 96 72 115 79 15 98 123 21 116 69 59 31 113 43 11 52 75 105 91 70 47 13 67 124 104 110 49 119 66 6 23 58 44 48 18 64 25 71 61 1 89 62 81 121 16 93 86 82 46 112 3 12 99 36 51 22 107 50 78 109 120 40 102 8 101 26 38 56 60 77 76 68 100 41 0 29 4 57 84 63 19 14 5 53 27 111 117 87 42 95 45 90 55
6 2
103 35 120 87 63 74 33 113 18 42 112 106 84 100 26 99 96 101 8 110 34 111 37 102 43 116 14 92 32 107 52 80 28 6 20 1 38 22 36 68 58 76 9 24 118 119 53 78 49 48 51 50 30 46 85 70 89 71 40 125 72 61 94 4 121 105 104 75 39 122 55 57 60 73 5 67 41 98 47 117 31 115 86 83 12 54 82 3 91 56 109 88 27 114 62 123 16 97 77 15 13 17 23 0 66 65 11 29 108 90 19 21 10 7 93 81 25 79 44 45 2 64 69 95 124 59
94 75 122 97 78 74 125 4 17 45 124 64 1 117 90 38 51 24 43 93 82 16 48 86 8 81 27 109 60 115 77 61 40 70 23 84 99 104 53 68 72 76 88 101 121 91 36 63 66 37 96 21 65 15 19 6 69 13 28 33 58 80 103 113 118 98 22 35 83 120 59 79 32 5 73 12 108 105 7 100 31 107 102 39 67 114 34 3 119 2 92 9 14 54 123 62 111 87 52 46 71 18 20 95 49 30 44 25 41 26 85 50 10 47 110 116 29 57 11 42 56 106 89 0 112 55
7 1
55 71 38 75 119 62 47 43 14 15 97 48 98 21 30 87 3 105 73 84 125 57 69 1 123 102 24 10 103 61 28 58 79 74 86 83 12 118 9 99 124 92 66 109 78 26 96 81 51 42 90 60 94 19 64 115 67 0 56 76 77 54 27 114 52 113 44 93 59 5 107 80 23 116 121 36 89 117 25 40 39 95 18 8 45 32 46 70 111 110 20 101 63 37 108 88 4 22 106 72 34 85 49 35 41 68 16 2 29 50 17 120 13 104 65 112 33 122 31 100 6 82 11 53 91 7
8 2
87 101 42 94 65 62 109 28 100 63 123 124 73 43 38 82 99 33 68 60 90 3 71 24 107 44 51 96 26 18 52 122 59 67 17 81 27 111 15 117 48 4 58 110 25 45 41 91 53 54 125 7 119 66 105 74 13 5 76 86 39 30 77 104 21 46 40 34 89 80 22 121 102 69 0 112 2 57 118 23 12 20 14 88 106 9 92 55 78 29 35 116 32 95 64 6 113 97 103 50 72 10 8 37 85 120 84 79 47 93 56 98 115 36 75 114 108 19 83 61 49 70 11 1 31 16
118 99 85 77 7 3 111 46 107 42 125 89 43 80 121 22 123 92 11 119 66 57 14 8 102 44 4 114 65 124 19 18 33 86 32 48 75 95 71 30 90 28 104 69 25 97 26 49 20 116 101 41 117 81 91 88 12 94 63 17 52 60 21 2 5 51 35 59 122 56 38 82 23 13 83 96 9 64 74 100 110 40 70 87 84 58 34 78 0 31 53 120 67 103 62 98 115 45 109 10 24 16 79 6 76 47 106 72 54 37 73 93 27 112 113 36 105 61 55 39 108 15 29 50 68 1
8 1
37 56 49 4 40 84 103 59 118 23 66 33 101 50 92 16 65 2 30 114 108 12 55 53 0 85 51 34 42 72 125 82 43 107 99 18 1 54 100 79 111 70 7 45 44 75 106 25 10 124 89 115 119 98 35 48 113 62 26 122 116 90 96 15 38 29 46 91 21 68 102 88 123 27 109 17 9 39 120 28 63 67 71 58 20 74 117 81 5 6 8 87 104 60 13 112 83 61 41 3 97 93 76 95 11 47 110 52 31 86 22 73 94 78 36 57 69 105 64 14 19 121 77 80 32 24
8 2
102 1 25 103 75 85 122 9 8 7 45 53 63 109 113 50 27 61 119 88 64 29 104 106 51 2 121 16 98 21 74 65 71 118 39 111 48 79 110 34 41 40 68 115 57 10 56 73 36 90 15 24 54 11 52 108 46 44 58 105 116 17 62 12 20 31 125 120 42 77 78 32 84 47 30 4 94 69 70 37 117 92 95 86 72 5 83 89 19 87 49 100 81 101 76 82 99 114 28 96 91 93 0 3 22 59 23 107 55 13 38 35 112 14 97 43 60 80 33 18 67 26 6 124 123 66
64 91 59 86 74 22 121 57 63 7 41 16 8 52 73 68 14 17 111 80 102 49 48 99 32 13 122 53 98 76 75 37 56 83 28 119 104 18 90 34 45 120 50 55 9 116 71 113 84 110 78 82 105 47 109 20 95 44 100 54 10 61 12 62 108 35 112 40 89 124 15 51 36 11 19 117 38 23 87 65 4 33 46 103 5 72 118 42 30 70 29 58 3 101 21 24 106 114 39 123 1 97 43 81 85 25 69 66 115 2 94 31 125 27 93 0 67 88 92 79 60 6 26 77 96 107
9 2
79 117 114 11 61 14 10 85 65 120 35 106 59 107 40 43 104 33 27 52 66 87 29 90 54 47 24 95 0 88 72 19 112 48 56 6 123 41 69 98 5 125 53 70 73 103 12 75 17 82 76 42 31 51 26 74 108 64 113 46 7 96 116 20 101 122 63 118 23 105 15 45 99 78 80 25 93 97 44 28 55 102 119 81 13 60 1 111 22 16 68 2 36 50 67 18 4 109 115 30 9 57 83 71 89 38 3 84 34 77 58 21 121 110 91 39 124 86 94 49 100 32 8 92 62 37
111 73 3 65 14 22 107 80 91 25 84 122 38 101 29 97 17 95 104 86 24 92 96 32 103 30 45 89 87 4 9 117 34 18 23 13 28 49 118 76 88 82 37 109 19 63 105 72 27 42 62 125 1 41 71 58 90 6 85 69 74 40 115 26 10 2 54 46 121 94 77 66 120 52 113 99 116 81 31 21 110 70 53 43 64 55 44 36 61 48 112 106 79 124 59 16 5 102 93 100 75 35 15 20 33 67 8 57 68 83 7 123 56 60 11 50 39 78 12 51 47 108 114 0 98 119
10 2
102 1 25 103 75 85 122 9 8 7 45 53 63 109 113 50 27 61 119 88 64 29 104 106 51 2 121 16 98 21 74 65 71 118 39 111 48 79 110 34 41 40 68 115 57 10 56 73 36 90 15 24 54 11 52 108 46 44 58 105 116 17 62 12 20 31 125 120 42 77 78 32 84 47 30 4 94 69 70 37 117 92 95 86 72 5 83 89 19 87 49 100 81 101 76 82 99 114 28 96 91 93 0 3 22 59 23 107 55 13 38 35 112 14 97 43 60 80 33 18 67 26 6 124 123 66
107 1 100 51 35 73 36 95 97 68 88 26 82 29 61 63 91 45 104 87 55 22 21 58 30 70 11 37 28 13 24 96 47 69 116 4 6 27 62 77 84 74 50 118 111 17 102 32 54 109 42 3 92 71 48 20 56 86 23 94 115 14 38 15 101 112 83 122 9 33 25 53 103 5 41 125 108 39 79 78 114 120 12 66 40 121 57 19 10 113 119 16 52 105 59 7 31 8 110 99 2 64 46 72 18 93 124 0 76 49 98 44 65 89 80 60 34 117 43 90 81 85 67 123 106 75
10 2
102 1 25 103 75 85 122 9 8 7 45 53 63 109 113 50 27 61 119 88 64 29 104 106 51 2 121 16 98 21 74 65 71 118 39 111 48 79 110 34 41 40 68 115 57 10 56 73 36 90 15 24 54 11 52 108 46 44 58 105 116 17 62 12 20 31 125 120 42 77 78 32 84 47 30 4 94 69 70 37 117 92 95 86 72 5 83 89 19 87 49 100 81 101 76 82 99 114 28 96 91 93 0 3 22 59 23 107 55 13 38 35 112 14 97 43 60 80 33 18 67 26 6 124 123 66
73 1 74 54 5 4 29 112 32 83 96 116 118 28 107 67 95 38 125 123 102 31 84 82 33 121 99 60 13 6 45 21 8 24 34 92 36 55 17 113 44 47 103 75 40 30 49 41 71 46 56 93 61 106 3 37 50 64 104 81 27 52 108 80 57 94 70 15 110 76 66 48 72 0 2 43 69 122 87 79 63 59 23 9 22 98 86 78 111 114 100 120 35 51 65 16 10 119 85 26 90 117 20 42 58 124 53 14 62 115 68 88 7 39 89 109 11 101 12 97 91 25 77 19 105 18
10 2
107 1 100 51 35 73 36 95 97 68 88 26 82 29 61 63 91 45 104 87 55 22 21 58 30 70 11 37 28 13 24 96 47 69 116 4 6 27 62 77 84 74 50 118 111 17 102 32 54 109 42 3 92 71 48 20 56 86 23 94 115 14 38 15 101 112 83 122 9 33 25 53 103 5 41 125 108 39 79 78 114 120 12 66 40 121 57 19 10 113 119 16 52 105 59 7 31 8 110 99 2 64 46 72 18 93 124 0 76 49 98 44 65 89 80 60 34 117 43 90 81 85 67 123 106 75
93 11 110 7 10 94 104 3 70 56 4 1 101 118 84 44 61 40 57 97 82 54 59 23 53 90 116 46 49 64 112 113 32 107 34 38 37 36 35 45 17 103 87 55 15 39 27 68 67 28 119 62 114 24 21 43 9 18 109 22 117 16 51 76 29 80 79 48 47 96 8 92 121 122 78 75 63 91 74 66 65 106 20 85 14 83 102 42 95 105 25 77 71 0 5 88 69 19 123 99 100 12 86 41 6 89 81 33 120 58 2 124 30 31 52 125 26 60 13 50 108 72 73 98 111 115
10 1
27 50 122 58 68 85 54 104 87 81 110 56 62 76 96 107 47 0 105 16 57 18 21 86 40 6 42 30 24 93 23 43 79 88 1 5 26 99 4 12 73 80 89 11 14 118 45 67 61 33 91 55 8 44 125 116 59 124 71 31 38 41 37 66 51 25 123 52 15 9 78 35 13 109 113 34 70 46 39 19 121 84 64 65 10 94 101 114 74 119 29 49 92 60 98 2 83 95 7 72 36 108 117 63 3 97 22 111 102 48 77 90 82 75 32 106 103 17 69 120 20 28 115 112 100 53
12 2
90 36 8 40 17 52 29 102 9 84 121 94 112 28 105 117 11 88 42 104 56 76 69 95 3 93 65 77 1 13 54 53 35 107 89 38 6 122 33 37 96 45 12 87 47 111 19 92 4 63 118 44 85 110 5 50 86 39 16 75 81 124 24 101 120 57 0 99 22 14 51 68 115 61 30 15 119 55 27 60 46 125 7 73 10 74 113 58 25 82 31 116 98 48 43 20 106 83 70 79 32 91 123 109 103 71 62 100 97 80 66 41 64 23 49 59 114 72 78 21 18 2 26 34 108 67
19 100 112 94 114 52 35 56 64 120 42 40 8 33 37 125 3 49 121 31 102 41 57 82 11 101 22 44 107 38 54 103 29 1 23 13 32 71 28 105 43 119 2 106 55 21 90 50 116 25 98 77 85 109 5 92 123 14 24 60 15 83 16 93 84 69 46 115 65 39 27 26 99 97 30 81 45 47 51 75 0 117 20 108 18 74 34 62 63 95 104 4 118 91 96 7 87 124 78 59 6 48 86 110 53 122 58 36 61 66 80 76 9 89 88 79 17 67 70 111 10 12 68 113 73 72
12 2
64 89 118 101 37 111 7 117 70 27 55 114 77 123 40 100 4 71 78 2 59 97 24 72 25 22 94 103 113 56 41 18 34 20 79 23 95 16 82 62 48 83 51 63 90 108 42 104 14 39 0 46 76 121 119 80 60 87 91 33 29 5 49 105 50 96 8 107 58 11 66 106 35 54 21 1 124 110 31 32 10 38 81 30 44 45 15 93 26 75 84 68 53 57 88 99 116 74 109 36 86 122 67 9 112 43 17 102 85 120 12 61 47 125 69 13 65 6 19 73 98 92 3 115 52 28
9 23 98 93 105 21 20 125 78 51 47 17 44 86 94 36 116 122 70 12 79 61 16 67 63 65 40 53 34 102 76 10 113 7 59 89 82 24 95 58 91 124 27 25 19 73 121 31 39 14 46 0 41 42 45 66 75 106 48 28 35 5 88 37 92 43 112 1 62 3 80 87 29 54 111 107 83 109 104 6 18 13 15 30 77 119 81 101 68 60 120 26 103 69 49 115 4 74 110 100 123 71 72 64 8 96 114 56 85 84 2 97 55 117 57 38 22 32 90 108 118 50 11 99 52 33
12 2
8 113 92 25 14 119 95 81 118 70 44 4 51 56 11 1 91 37 98 42 99 73 58 125 49 26 3 31 123 7 21 84 86 82 115 34 89 62 23 87 101 61 78 88 46 83 10 90 57 69 80 66 111 18 41 110 59 96 93 13 32 54 17 39 47 94 12 28 106 24 109 43 6 30 45 33 97 103 19 36 120 29 75 74 27 76 60 63 71 79 64 122 104 22 114 72 48 85 53 107 102 105 117 112 2 40 116 20 52 9 121 108 77 15 65 35 68 100 0 124 50 55 16 67 5 38
44 99 66 14 106 124 60 107 103 90 53 26 104 125 63 7 69 94 46 47 29 52 114 36 122 87 116 12 75 115 73 92 72 67 1 81 117 101 59 4 65 85 110 57 112 5 118 121 16 43 2 84 108 77 61 64 100 49 37 89 82 76 22 3 109 93 50 95 25 48 42 91 123 111 83 86 54 10 9 56 51 113 6 119 80 97 28 68 24 38 78 96 120 40 105 33 71 41 8 34 79 58 13 98 27 17 39 15 21 55 70 30 0 35 62 20 11 23 18 74 31 19 88 32 45 102
12 2
78 117 103 65 94 108 115 13 90 80 19 105 0 75 17 23 26 24 110 27 100 54 48 33 14 40 93 10 99 125 61 77 81 15 38 59 60 88 67 101 71 5 104 68 121 30 47 120 106 3 18 112 97 70 124 2 28 4 69 86 113 45 122 58 31 49 44 34 114 63 84 25 20 76 73 7 74 64 12 82 118 102 107 111 53 83 35 37 87 6 92 11 8 16 57 29 39 119 42 56 72 96 32 55 98 91 22 79 41 51 50 85 109 36 43 89 62 123 9 52 46 66 116 1 21 95
55 59 46 37 58 73 15 36 110 104 109 22 53 72 93 56 39 96 90 50 38 85 88 32 68 62 17 8 81 79 97 118 99 115 100 117 67 48 60 114 69 74 80 14 9 52 70 12 3 106 112 18 61 47 83 84 6 25 71 95 20 45 57 94 66 91 98 7 101 116 2 4 113 76 108 34 5 42 120 123 77 89 35 111 0 124 107 65 11 28 51 87 10 43 122 1 26 119 64 23 75 24 33 78 44 49 105 125 41 92 27 54 19 13 16 102 40 82 121 30 103 31 63 29 21 86
12 2
43 117 3 41 23 64 37 85 47 7 102 38 44 12 34 59 48 106 84 115 5 26 11 50 91 110 62 52 1 82 16 109 89 70 93 58 27 92 22 108 57 2 35 83 13 124 119 113 30 72 4 74 36 63 24 73 123 104 42 71 81 116 21 94 20 77 107 45 95 25 98 15 96 101 100 114 65 76 125 75 78 87 111 0 86 9 18 60 46 97 10 54 6 14 53 121 49 32 33 56 51 55 90 31 40 61 122 118 112 103 69 29 39 8 79 120 105 28 66 88 19 68 17 99 67 80
10 28 7 9 31 36 5 100 70 51 107 114 104 40 19 54 59 112 12 61 27 78 79 103 53 8 80 55 1 84 71 35 69 32 120 96 73 20 75 67 29 85 49 90 57 65 83 33 15 50 109 68 101 30 63 37 99 111 72 91 93 87 125 48 52 17 46 77 3 47 97 24 23 6 121 62 106 122 22 21 11 34 18 102 13 74 44 14 0 110 118 94 64 115 16 2 4 25 89 56 95 92 66 58 82 60 108 88 124 42 113 86 45 98 26 105 81 117 119 43 116 41 39 123 76 38
12 2
107 1 100 51 35 73 36 95 97 68 88 26 82 29 61 63 91 45 104 87 55 22 21 58 30 70 11 37 28 13 24 96 47 69 116 4 6 27 62 77 84 74 50 118 111 17 102 32 54 109 42 3 92 71 48 20 56 86 23 94 115 14 38 15 101 112 83 122 9 33 25 53 103 5 41 125 108 39 79 78 114 120 12 66 40 121 57 19 10 113 119 16 52 105 59 7 31 8 110 99 2 64 46 72 18 93 124 0 76 49 98 44 65 89 80 60 34 117 43 90 81 85 67 123 106 75
46 107 12 11 116 5 32 20 112 64 18 3 2 38 39 81 24 114 10 90 7 111 65 89 16 63 68 51 33 35 30 104 6 28 113 29 100 105 13 14 94 76 121 96 77 119 0 55 91 88 92 27 52 103 54 47 102 69 62 79 75 97 58 25 9 22 80 72 26 57 78 122 67 108 74 60 41 44 70 59 66 15 95 124 120 85 123 106 49 23 19 48 50 101 40 82 43 61 118 115 36 93 56 53 31 37 87 1 73 110 109 21 8 34 17 99 4 125 98 45 84 42 71 86 83 117
16 2
103 35 120 87 63 74 33 113 18 42 112 106 84 100 26 99 96 101 8 110 34 111 37 102 43 116 14 92 32 107 52 80 28 6 20 1 38 22 36 68 58 76 9 24 118 119 53 78 49 48 51 50 30 46 85 70 89 71 40 125 72 61 94 4 121 105 104 75 39 122 55 57 60 73 5 67 41 98 47 117 31 115 86 83 12 54 82 3 91 56 109 88 27 114 62 123 16 97 77 15 13 17 23 0 66 65 11 29 108 90 19 21 10 7 93 81 25 79 44 45 2 64 69 95 124 59
70 44 80 74 102 104 6 41 76 58 46 111 29 35 93 45 20 50 31 115 86 82 72 1 54 30 52 19 73 78 77 7 99 33 117 51 10 88 3 66 42 75 9 107 17 83 87 109 38 5 63 89 110 48 12 0 23 96 40 103 22 55 113 100 79 122 53 62 49 85 108 11 124 119 112 123 2 27 65 71 67 116 57 32 105 47 64 68 97 118 24 37 26 25 18 8 121 60 81 28 56 13 101 125 36 43 34 69 59 84 114 16 39 95 98 14 92 21 4 15 94 106 90 120 91 61
20 2
106 36 14 56 2 74 43 124 35 40 104 31 121 37 119 16 89 49 39 4 3 38 81 108 85 57 73 23 55 75 48 17 92 98 86 67 34 93 46 99 68 6 52 45 110 71 120 29 41 91 10 33 60 18 50 51 96 7 102 63 82 27 103 65 112 70 84 95 87 115 22 47 1 53 107 30 109 69 88 79 94 80 62 44 59 28 72 111 9 8 101 116 15 24 66 114 58 19 13 0 117 122 54 61 20 118 125 97 42 100 78 83 105 26 32 90 21 77 25 123 11 64 76 5 12 113
64 36 110 30 78 87 96 99 81 119 6 122 18 61 44 66 94 90 118 88 48 117 92 24 82 106 7 85 52 10 54 101 59 23 72 22 1 103 100 105 14 58 37 56 107 3 109 104 102 115 43 108 13 25 45 42 75 0 47 8 98 28 51 89 73 16 67 70 2 120 15 20 34 57 68 50 91 11 5 79 114 32 33 97 35 60 86 4 123 80 38 69 84 62 95 65 29 9 27 112 17 21 71 55 41 113 121 40 93 49 74 19 26 124 63 46 77 31 125 83 76 53 116 111 39 12
20 2
46 107 12 11 116 5 32 20 112 64 18 3 2 38 39 81 24 114 10 90 7 111 65 89 16 63 68 51 33 35 30 104 6 28 113 29 100 105 13 14 94 76 121 96 77 119 0 55 91 88 92 27 52 103 54 47 102 69 62 79 75 97 58 25 9 22 80 72 26 57 78 122 67 108 74 60 41 44 70 59 66 15 95 124 120 85 123 106 49 23 19 48 50 101 40 82 43 61 118 115 36 93 56 53 31 37 87 1 73 110 109 21 8 34 17 99 4 125 98 45 84 42 71 86 83 117
53 73 112 56 9 0 110 49 118 106 15 82 78 16 43 48 54 62 96 116 13 3 113 51 38 33 72 6 21 17 12 124 76 114 55 63 26 10 52 122 31 89 1 69 57 90 46 60 37 7 40 80 88 103 20 79 28 105 102 100 115 25 111 11 119 59 107 34 47 81 85 18 84 86 74 65 66 39 98 67 123 14 35 4 36 8 42 94 24 109 87 77 19 92 45 58 125 95 30 120 75 104 97 5 64 117 83 32 27 121 108 29 2 99 61 68 93 44 70 101 22 41 91 23 50 71
20 2
103 35 120 87 63 74 33 113 18 42 112 106 84 100 26 99 96 101 8 110 34 111 37 102 43 116 14 92 32 107 52 80 28 6 20 1 38 22 36 68 58 76 9 24 118 119 53 78 49 48 51 50 30 46 85 70 89 71 40 125 72 61 94 4 121 105 104 75 39 122 55 57 60 73 5 67 41 98 47 117 31 115 86 83 12 54 82 3 91 56 109 88 27 114 62 123 16 97 77 15 13 17 23 0 66 65 11 29 108 90 19 21 10 7 93 81 25 79 44 45 2 64 69 95 124 59
64 91 59 86 74 22 121 57 63 7 41 16 8 52 73 68 14 17 111 80 102 49 48 99 32 13 122 53 98 76 75 37 56 83 28 119 104 18 90 34 45 120 50 55 9 116 71 113 84 110 78 82 105 47 109 20 95 44 100 54 10 61 12 62 108 35 112 40 89 124 15 51 36 11 19 117 38 23 87 65 4 33 46 103 5 72 118 42 30 70 29 58 3 101 21 24 106 114 39 123 1 97 43 81 85 25 69 66 115 2 94 31 125 27 93 0 67 88 92 79 60 6 26 77 96 107
20 2
87 101 42 94 65 62 109 28 100 63 123 124 73 43 38 82 99 33 68 60 90 3 71 24 107 44 51 96 26 18 52 122 59 67 17 81 27 111 15 117 48 4 58 110 25 45 41 91 53 54 125 7 119 66 105 74 13 5 76 86 39 30 77 104 21 46 40 34 89 80 22 121 102 69 0 112 2 57 118 23 12 20 14 88 106 9 92 55 78 29 35 116 32 95 64 6 113 97 103 50 72 10 8 37 85 120 84 79 47 93 56 98 115 36 75 114 108 19 83 61 49 70 11 1 31 16
103 35 120 87 63 74 33 113 18 42 112 106 84 100 26 99 96 101 8 110 34 111 37 102 43 116 14 92 32 107 52 80 28 6 20 1 38 22 36 68 58 76 9 24 118 119 53 78 49 48 51 50 30 46 85 70 89 71 40 125 72 61 94 4 121 105 104 75 39 122 55 57 60 73 5 67 41 98 47 117 31 115 86 83 12 54 82 3 91 56 109 88 27 114 62 123 16 97 77 15 13 17 23 0 66 65 11 29 108 90 19 21 10 7 93 81 25 79 44 45 2 64 69 95 124 59
21 2
109 96 89 28 83 114 19 49 3 107 85 69 103 108 111 25 63 94 30 51 13 43 16 34 72 125 88 77 8 54 86 101 100 119 75 74 27 46 78 1 5 31 2 64 90 11 91 35 80 70 9 6 17 121 55 29 33 112 79 61 53 76 104 22 21 81 0 65 38 45 7 84 117 26 47 23 59 36 68 93 106 67 118 98 124 123 18 110 73 42 115 37 14 58 52 122 39 62 4 32 99 41 57 113 97 87 48 50 20 66 105 92 102 12 40 44 95 24 120 56 82 60 116 10 71 15
13 86 90 114 99 26 18 87 106 25 117 33 10 49 75 2 51 68 31 82 112 29 27 122 111 59 48 41 46 125 120 6 53 88 72 104 1 56 110 16 37 22 107 42 55 91 73 84 5 0 44 39 57 97 89 50 40 109 85 9 47 64 65 30 115 124 38 74 70 3 17 4 79 28 100 103 54 19 20 34 45 83 77 121 60 92 36 102 11 76 15 80 58 113 105 93 101 32 35 71 67 118 7 14 98 108 119 43 94 52 66 116 78 95 69 61 24 12 96 8 63 81 123 23 62 21
24 2
78 72 20 5 11 116 85 13 45 23 42 54 16 41 66 60 38 118 59 25 22 19 2 92 65 21 62 46 47 98 44 123 30 94 86 83 1 64 12 96 8 7 113 101 32 40 67 112 89 15 91 107 56 109 4 57 120 119 125 104 49 50 88 106 97 76 93 27 75 33 51 114 36 87 102 117 24 6 100 34 53 58 35 82 74 77 79 90 26 105 73 61 9 14 69 17 103 37 122 108 0 110 84 39 18 48 115 70 111 80 43 99 28 10 124 63 3 68 95 55 52 31 29 121 71 81
47 79 0 105 62 108 81 100 109 31 110 65 103 67 101 102 14 43 19 92 13 85 49 6 26 58 114 112 15 59 61 98 115 99 36 125 72 91 75 17 57 74 66 39 64 52 78 2 11 87 8 10 97 55 124 120 32 63 122 82 7 119 69 40 80 48 118 20 93 4 12 116 34 41 73 113 5 121 84 86 44 23 29 21 46 83 1 22 3 33 27 106 18 96 71 107 68 45 9 89 60 16 28 70 77 88 37 117 76 50 51 54 90 38 24 56 94 95 42 30 53 104 25 35 111 123
24 2
10 20 51 4 68 119 86 99 77 47 98 25 92 23 87 29 49 65 44 64 81 108 94 79 91 39 106 66 82 34 21 2 95 123 15 7 102 40 56 11 114 97 55 48 103 124 8 110 122 71 104 31 111 112 41 90 117 24 17 36 33 85 93 26 70 58 120 6 3 96 19 16 28 52 45 32 61 46 109 13 12 1 72 5 50 76 67 116 69 125 42 57 80 105 101 75 88 54 0 35 89 22 59 18 84 62 63 113 30 121 9 73 118 115 37 107 14 38 53 83 27 78 43 60 74 100
105 86 88 41 9 83 102 106 94 5 45 109 99 23 78 59 84 122 57 40 6 69 16 28 103 113 12 55 82 20 10 76 65 42 36 80 34 27 77 25 123 54 24 58 19 96 117 3 50 101 71 52 93 7 47 60 48 125 75 67 37 51 98 35 18 8 114 81 119 31 89 56 72 124 111 104 21 17 107 79 92 15 13 4 95 62 1 14 74 66 120 90 63 61 32 22 30 68 108 118 91 46 29 33 43 73 112 87 85 116 97 2 53 121 70 11 115 49 26 110 100 39 38 44 0 64
24 2
83 36 50 14 38 17 37 51 41 103 27 96 32 75 81 108 91 64 94 112 63 74 97 95 84 49 52 116 43 55 87 2 47 22 1 68 34 124 57 20 15 118 0 69 67 78 89 12 92 114 31 123 104 101 107 105 21 4 99 54 11 58 44 39 5 90 98 62 71 28 85 35 86 9 56 76 13 30 122 72 113 3 16 42 119 109 79 77 106 121 125 82 110 19 100 120 60 33 115 61 18 111 80 73 26 29 117 59 40 70 48 53 93 102 25 66 10 88 8 24 23 46 45 7 6 65
89 34 35 3 9 102 77 96 83 113 10 67 11 21 81 120 24 72 58 97 28 71 92 40 111 114 48 116 23 54 124 68 62 93 84 56 91 26 117 8 20 63 118 39 12 121 122 51 90 59 13 7 6 119 25 49 75 94 17 66 123 106 60 108 61 112 55 44 31 0 52 50 18 86 76 2 74 70 41 103 64 27 1 43 82 87 5 19 4 95 37 53 104 125 79 69 47 85 107 100 38 16 73 57 109 115 80 105 78 22 33 101 30 88 29 98 14 99 45 36 46 42 15 32 65 110
24 2
53 29 84 106 25 74 28 34 10 121 8 87 120 36 68 115 43 93 112 109 113 21 105 56 96 4 39 50 6 1 52 66 33 32 7 107 13 65 100 26 62 41 64 16 98 45 103 70 88 91 27 92 30 0 85 78 23 122 94 117 67 97 40 116 42 37 31 60 14 71 47 69 75 108 5 72 76 118 55 125 104 99 123 124 2 54 95 11 48 102 110 49 51 17 58 86 24 61 44 81 38 114 89 46 80 22 3 35 73 19 90 111 18 20 101 15 63 59 77 119 12 9 57 82 83 79
25 37 70 17 40 114 64 86 56 14 72 5 30 49 89 60 1 95 87 6 9 63 96 88 7 0 80 91 11 118 21 24 38 33 105 35 104 73 107 36 69 39 101 42 68 124 97 71 10 76 13 15 83 2 94 119 102 45 61 75 106 111 53 12 108 18 93 99 59 84 62 47 125 16 112 44 50 43 46 117 27 115 3 122 4 78 31 109 90 20 113 26 123 67 55 82 81 85 8 66 32 77 98 58 41 92 51 100 19 65 79 103 29 23 28 22 52 121 74 54 57 110 116 34 120 48
24 2
93 11 110 7 10 94 104 3 70 56 4 1 101 118 84 44 61 40 57 97 82 54 59 23 53 90 116 46 49 64 112 113 32 107 34 38 37 36 35 45 17 103 87 55 15 39 27 68 67 28 119 62 114 24 21 43 9 18 109 22 117 16 51 76 29 80 79 48 47 96 8 92 121 122 78 75 63 91 74 66 65 106 20 85 14 83 102 42 95 105 25 77 71 0 5 88 69 19 123 99 100 12 86 41 6 89 81 33 120 58 2 124 30 31 52 125 26 60 13 50 108 72 73 98 111 115
43 92 7 49 74 66 29 123 45 25 8 32 55 96 116 57 35 124 18 6 105 122 54 11 71 17 65 90 40 87 75 121 51 99 30 3 0 12 56 78 38 98 52 94 50 112 110 97 76 16 44 23 104 106 68 83 28 15 77 64 113 2 81 79 47 31 93 101 95 58 34 53 117 20 39 70 115 107 4 86 84 1 42 37 72 67 108 19 89 21 103 13 62 120 36 22 118 59 46 109 33 125 48 111 82 114 24 69 63 100 41 27 10 14 73 102 60 80 91 119 5 26 88 61 9 85
25 2
105 1 71 95 34 110 43 111 26 96 84 23 114 69 115 107 77 6 117 125 4 81 124 85 55 3 16 15 32 65 79 20 67 42 45 113 5 91 63 33 121 66 38 22 76 31 82 56 92 37 52 60 40 118 88 98 104 24 13 106 47 28 101 39 0 49 109 70 30 54 61 80 90 103 87 11 99 93 35 59 94 86 78 75 74 83 12 97 58 100 102 29 64 8 116 123 73 10 119 14 36 41 53 120 51 48 68 19 25 62 89 122 50 46 21 44 2 7 72 57 9 112 18 108 17 27
65 1 24 60 81 59 78 32 62 71 63 64 5 19 7 121 41 82 61 50 21 89 113 0 43 51 101 40 123 87 118 114 108 75 86 120 79 84 23 83 77 69 11 35 122 12 96 76 37 10 26 115 16 20 27 22 99 6 107 90 44 95 58 85 29 97 54 25 53 125 3 55 34 94 33 92 18 66 103 72 98 100 73 48 39 105 36 42 15 68 45 74 91 109 119 47 80 38 124 117 30 13 31 116 14 49 102 112 104 88 106 67 8 9 110 111 57 28 4 17 2 93 70 56 46 52
25 2
121 65 47 8 50 81 62 97 29 90 42 112 105 14 23 86 114 75 22 40 20 52 60 117 64 102 63 96 24 4 10 98 1 11 28 34 91 16 116 71 125 73 48 122 57 53 31 66 49 30 3 100 77 101 92 67 119 21 124 115 25 80 2 94 35 113 6 109 83 19 13 37 118 76 69 123 59 44 33 36 89 12 55 17 58 45 104 54 78 72 46 111 27 85 120 79 87 84 9 56 99 93 18 5 38 103 82 26 0 106 32 95 88 110 39 41 15 70 61 51 107 43 108 68 7 74
69 72 16 88 11 108 71 96 78 94 124 81 121 24 64 109 46 110 23 50 20 101 117 35 104 13 59 100 86 33 58 26 89 5 15 116 48 90 55 98 3 6 7 40 45 68 107 114 97 84 112 111 93 83 119 102 36 53 92 47 70 57 37 115 38 118 39 18 65 4 28 9 77 62 29 32 2 85 103 42 21 0 25 113 54 123 106 56 105 52 120 49 51 75 41 10 99 87 63 79 95 17 14 122 82 43 60 76 74 22 80 30 12 61 31 66 67 34 44 91 73 19 125 1 27 8
25 2
19 44 66 114 46 23 76 57 121 58 1 118 21 30 18 112 103 71 85 16 25 45 95 27 88 22 62 13 9 49 5 102 15 109 94 105 80 96 12 6 63 29 48 32 34 120 99 75 65 122 89 108 83 97 115 11 111 40 67 73 7 20 91 60 86 53 52 90 106 24 101 72 54 124 31 55 110 35 69 51 59 43 64 92 125 70 107 82 123 84 28 8 2 33 10 61 93 42 41 68 100 14 56 113 50 3 4 87 119 37 116 74 81 0 77 17 39 79 47 117 38 26 98 78 36 104
78 81 40 119 30 44 54 50 52 64 112 106 91 10 35 55 24 14 105 69 97 8 48 34 36 42 92 94 82 61 1 98 75 31 32 51 9 56 62 72 84 95 93 47 43 121 5 46 33 20 45 110 60 37 70 68 29 89 86 67 104 53 2 125 16 109 63 107 27 124 114 18 85 90 122 99 115 79 73 76 58 118 19 7 38 3 103 0 80 120 87 66 57 74 15 65 111 96 22 23 100 77 41 88 21 108 13 113 116 102 17 49 11 123 117 101 71 6 4 39 26 83 25 59 28 12
40 2
37 0 44 116 56 124 12 23 98 111 90 118 51 70 1 63 13 47 36 10 79 39 59 22 72 16 104 60 94 83 19 7 97 54 92 95 30 9 15 105 57 91 43 58 101 4 21 55 62 73 121 61 82 125 69 114 122 74 109 68 32 77 50 78 66 103 46 81 53 40 67 3 108 25 28 115 96 75 88 117 14 49 35 52 119 100 86 107 24 26 85 42 41 6 33 5 113 99 102 2 18 27 84 20 65 87 80 64 38 34 76 106 120 48 17 93 8 89 45 71 11 110 112 123 29 31
30 79 113 57 27 60 66 69 77 91 9 81 23 32 109 10 5 47 14 89 24 51 21 71 18 50 15 25 8 70 108 93 122 125 72 73 34 38 41 116 12 19 63 106 118 62 40 123 49 44 95 3 2 98 64 17 16 22 100 61 121 74 101 111 84 43 7 96 28 119 112 46 1 45 39 53 97 105 65 36 88 52 48 120 31 78 86 94 58 37 42 26 0 54 75 4 83 29 87 67 103 35 33 80 90 68 85 115 117 20 13 104 76 11 55 102 59 92 82 6 99 56 124 114 110 107
48 2
20 99 38 90 92 110 121 37 24 50 104 51 109 97 0 79 31 9 21 53 14 88 10 95 29 101 3 23 123 8 13 111 103 83 69 52 85 58 84 125 100 57 45 25 91 68 41 72 47 89 17 119 122 112 32 61 1 46 7 115 114 107 40 78 118 87 34 4 42 66 64 65 48 98 86 120 63 75 76 108 59 39 49 116 2 124 102 71 18 82 26 96 67 73 60 27 44 30 93 56 62 43 74 54 22 5 6 55 15 113 105 16 19 12 94 80 33 28 70 11 77 106 35 117 36 81
53 29 84 106 25 74 28 34 10 121 8 87 120 36 68 115 43 93 112 109 113 21 105 56 96 4 39 50 6 1 52 66 33 32 7 107 13 65 100 26 62 41 64 16 98 45 103 70 88 91 27 92 30 0 85 78 23 122 94 117 67 97 40 116 42 37 31 60 14 71 47 69 75 108 5 72 76 118 55 125 104 99 123 124 2 54 95 11 48 102 110 49 51 17 58 86 24 61 44 81 38 114 89 46 80 22 3 35 73 19 90 111 18 20 101 15 63 59 77 119 12 9 57 82 83 79
60 2
46 107 12 11 116 5 32 20 112 64 18 3 2 38 39 81 24 114 10 90 7 111 65 89 16 63 68 51 33 35 30 104 6 28 113 29 100 105 13 14 94 76 121 96 77 119 0 55 91 88 92 27 52 103 54 47 102 69 62 79 75 97 58 25 9 22 80 72 26 57 78 122 67 108 74 60 41 44 70 59 66 15 95 124 120 85 123 106 49 23 19 48 50 101 40 82 43 61 118 115 36 93 56 53 31 37 87 1 73 110 109 21 8 34 17 99 4 125 98 45 84 42 71 86 83 117
72 21 40 50 20 91 43 42 4 111 55 22 46 113 39 125 67 48 95 0 8 100 45 99 115 78 14 69 23 3 68 90 117 12 123 37 25 70 27 26 54 10 57 74 75 11 33 92 59 58 29 83 30 60 2 41 44 7 109 17 81 122 66 124 51 63 96 94 52 38 35 76 19 34 6 56 106 110 36 31 15 53 97 64 77 101 121 86 93 104 79 98 108 103 16 105 62 107 5 28 1 102 85 88 118 18 71 82 47 49 84 112 9 119 24 114 61 120 89 13 32 87 116 73 65 80
60 2
37 103 49 86 118 8 94 28 96 102 18 53 119 63 10 7 112 51 83 39 47 73 35 0 93 31 54 85 78 122 106 20 75 117 69 125 120 70 99 16 9 92 72 21 100 48 52 104 38 84 50 101 66 3 76 97 1 45 61 89 58 44 11 91 71 15 32 113 109 64 88 105 56 90 14 46 24 81 65 95 79 123 2 74 98 5 62 67 23 13 110 59 68 26 77 29 27 22 82 57 60 124 4 42 25 34 33 115 17 111 43 41 114 36 19 12 30 116 40 121 87 107 80 6 108 55
55 59 46 37 58 73 15 36 110 104 109 22 53 72 93 56 39 96 90 50 38 85 88 32 68 62 17 8 81 79 97 118 99 115 100 117 67 48 60 114 69 74 80 14 9 52 70 12 3 106 112 18 61 47 83 84 6 25 71 95 20 45 57 94 66 91 98 7 101 116 2 4 113 76 108 34 5 42 120 123 77 89 35 111 0 124 107 65 11 28 51 87 10 43 122 1 26 119 64 23 75 24 33 78 44 49 105 125 41 92 27 54 19 13 16 102 40 82 121 30 103 31 63 29 21 86
60 2
53 29 84 106 25 74 28 34 10 121 8 87 120 36 68 115 43 93 112 109 113 21 105 56 96 4 39 50 6 1 52 66 33 32 7 107 13 65 100 26 62 41 64 16 98 45 103 70 88 91 27 92 30 0 85 78 23 122 94 117 67 97 40 116 42 37 31 60 14 71 47 69 75 108 5 72 76 118 55 125 104 99 123 124 2 54 95 11 48 102 110 49 51 17 58 86 24 61 44 81 38 114 89 46 80 22 3 35 73 19 90 111 18 20 101 15 63 59 77 119 12 9 57 82 83 79
10 79 85 38 28 22 107 69 50 121 52 68 65 40 117 23 125 81 115 87 12 64 57 54 55 11 110 89 86 44 37 29 90 106 97 13 14 114 58 16 35 26 9 33 31 59 48 100 67 108 83 17 0 7 15 118 34 5 3 80 120 101 104 82 111 20 32 46 25 53 116 112 74 84 99 113 77 95 19 123 45 51 94 8 92 103 4 78 61 105 66 18 73 60 63 76 6 56 47 72 98 88 71 2 109 27 43 96 122 62 41 21 102 124 30 91 119 36 24 70 93 42 49 1 75 39
120 2
8 28 27 79 108 84 87 70 115 29 118 83 49 107 72 31 90 111 100 60 39 93 55 105 3 102 50 99 73 4 113 112 88 64 38 30 101 109 77 80 1 7 11 78 98 52 10 19 92 104 48 13 116 9 117 122 21 33 42 114 24 82 54 36 89 86 123 20 57 96 51 63 59 5 121 32 124 56 106 47 17 26 58 61 40 65 85 76 95 97 14 62 94 34 81 69 75 68 103 44 66 74 6 2 45 91 43 41 125 119 18 67 0 46 16 15 12 23 35 22 110 71 37 120 25 53
30 79 113 57 27 60 66 69 77 91 9 81 23 32 109 10 5 47 14 89 24 51 21 71 18 50 15 25 8 70 108 93 122 125 72 73 34 38 41 116 12 19 63 106 118 62 40 123 49 44 95 3 2 98 64 17 16 22 100 61 121 74 101 111 84 43 7 96 28 119 112 46 1 45 39 53 97 105 65 36 88 52 48 120 31 78 86 94 58 37 42 26 0 54 75 4 83 29 87 67 103 35 33 80 90 68 85 115 117 20 13 104 76 11 55 102 59 92 82 6 99 56 124 114 110 107
120 2
108 98 120 14 107 96 78 119 75 24 3 38 80 8 27 26 100 29 73 83 43 52 28 6 64 101 69 81 90 103 15 65 115 118 60 109 9 35 12 85 13 22 74 0 55 124 77 5 104 61 42 114 31 102 17 51 97 84 53 1 111 105 94 2 16 56 117 34 40 33 125 37 11 106 63 89 93 41 19 99 123 116 57 92 58 45 49 70 62 68 46 25 23 71 47 110 88 21 91 113 36 59 82 66 112 4 18 86 122 76 39 7 87 79 32 44 10 54 30 67 50 20 121 72 95 48
53 29 84 106 25 74 28 34 10 121 8 87 120 36 68 115 43 93 112 109 113 21 105 56 96 4 39 50 6 1 52 66 33 32 7 107 13 65 100 26 62 41 64 16 98 45 103 70 88 91 27 92 30 0 85 78 23 122 94 117 67 97 40 116 42 37 31 60 14 71 47 69 75 108 5 72 76 118 55 125 104 99 123 124 2 54 95 11 48 102 110 49 51 17 58 86 24 61 44 81 38 114 89 46 80 22 3 35 73 19 90 111 18 20 101 15 63 59 77 119 12 9 57 82 83 79
120 2
53 29 84 106 25 74 28 34 10 121 8 87 120 36 68 115 43 93 112 109 113 21 105 56 96 4 39 50 6 1 52 66 33 32 7 107 13 65 100 26 62 41 64 16 98 45 103 70 88 91 27 92 30 0 85 78 23 122 94 117 67 97 40 116 42 37 31 60 14 71 47 69 75 108 5 72 76 118 55 125 104 99 123 124 2 54 95 11 48 102 110 49 51 17 58 86 24 61 44 81 38 114 89 46 80 22 3 35 73 19 90 111 18 20 101 15 63 59 77 119 12 9 57 82 83 79
84 99 52 35 13 68 33 22 55 10 5 71 26 3 15 113 81 60 72 43 42 112 65 30 77 16 53 34 56 51 39 6 0 96 108 29 69 116 87 58 32 122 8 38 90 115 93 107 125 124 97 4 66 82 75 50 123 54 24 109 64 63 19 89 45 95 100 80 88 31 91 12 85 9 67 86 27 23 46 102 41 70 11 2 47 104 48 118 73 14 110 120 83 79 49 21 36 20 44 117 92 17 105 121 103 78 94 40 37 106 111 119 7 61 74 101 76 1 62 98 25 18 114 28 59 57
120 3
93 11 110 7 10 94 104 3 70 56 4 1 101 118 84 44 61 40 57 97 82 54 59 23 53 90 116 46 49 64 112 113 32 107 34 38 37 36 35 45 17 103 87 55 15 39 27 68 67 28 119 62 114 24 21 43 9 18 109 22 117 16 51 76 29 80 79 48 47 96 8 92 121 122 78 75 63 91 74 66 65 106 20 85 14 83 102 42 95 105 25 77 71 0 5 88 69 19 123 99 100 12 86 41 6 89 81 33 120 58 2 124 30 31 52 125 26 60 13 50 108 72 73 98 111 115
46 107 12 11 116 5 32 20 112 64 18 3 2 38 39 81 24 114 10 90 7 111 65 89 16 63 68 51 33 35 30 104 6 28 113 29 100 105 13 14 94 76 121 96 77 119 0 55 91 88 92 27 52 103 54 47 102 69 62 79 75 97 58 25 9 22 80 72 26 57 78 122 67 108 74 60 41 44 70 59 66 15 95 124 120 85 123 106 49 23 19 48 50 101 40 82 43 61 118 115 36 93 56 53 31 37 87 1 73 110 109 21 8 34 17 99 4 125 98 45 84 42 71 86 83 117
109 96 89 28 83 114 19 49 3 107 85 69 103 108 111 25 63 94 30 51 13 43 16 34 72 125 88 77 8 54 86 101 100 119 75 74 27 46 78 1 5 31 2 64 90 11 91 35 80 70 9 6 17 121 55 29 33 112 79 61 53 76 104 22 21 81 0 65 38 45 7 84 117 26 47 23 59 36 68 93 106 67 118 98 124 123 18 110 73 42 115 37 14 58 52 122 39 62 4 32 99 41 57 113 97 87 48 50 20 66 105 92 102 12 40 44 95 24 120 56 82 60 116 10 71 15
125 2
72 74 113 30 75 15 55 116 120 28 119 49 47 67 59 31 12 16 115 43 108 17 60 64 87 99 95 100 4 112 1 53 61 63 69 27 106 26 82 11 122 8 46 62 5 124 65 21 18 84 23 105 88 44 93 48 123 83 29 66 52 37 45 35 2 96 25 94 22 20 85 107 51 38 121 101 40 42 81 58 73 92 103 41 104 109 34 7 68 90 56 71 36 76 98 32 77 89 114 14 33 9 24 80 39 125 78 110 86 10 118 111 117 50 13 6 102 79 91 70 57 3 54 97 19 0
103 32 83 7 121 99 113 19 84 115 27 78 34 110 87 98 42 33 80 86 5 49 74 85 41 118 122 79 105 125 64 48 47 60 101 106 0 70 76 53 89 97 36 56 1 100 117 123 107 58 124 2 114 72 35 37 88 46 6 23 14 45 11 31 54 9 95 73 51 68 108 40 116 10 91 59 20 15 25 67 43 94 8 69 4 90 112 17 18 29 75 119 55 65 24 57 22 81 50 38 28 13 93 16 52 61 30 120 92 39 12 111 3 21 26 102 109 66 62 96 63 82 104 44 77 71
168 2
47 18 62 9 0 44 101 68 67 31 107 104 57 109 81 39 92 72 23 14 29 40 42 1 59 63 20 34 27 26 45 3 123 113 28 7 43 118 95 90 103 22 41 102 77 119 116 4 80 37 24 33 97 94 84 46 96 58 12 50 125 52 69 85 11 76 91 114 35 2 122 78 112 66 106 99 121 5 124 16 108 19 13 70 120 25 6 74 98 10 15 73 79 32 111 110 100 61 105 117 56 86 36 21 64 88 87 89 48 82 38 53 17 51 8 60 55 75 49 30 54 65 83 93 71 115
82 100 10 27 70 8 14 37 9 89 25 2 21 48 53 63 85 111 45 33 109 102 92 28 112 115 98 5 67 84 6 86 56 30 99 106 34 116 124 18 44 3 62 11 15 104 73 7 108 122 31 101 72 65 46 26 113 17 16 52 94 121 64 42 40 19 47 76 95 119 68 120 75 20 4 1 50 43 35 32 87 114 49 105 71 93 23 38 66 41 60 118 81 12 97 83 90 69 0 123 117 22 58 51 61 74 80 24 29 91 88 79 36 57 103 77 110 59 54 96 13 125 55 107 78 39
168 2
63 61 57 125 110 48 46 124 84 31 26 123 70 33 83 72 2 103 74 101 81 106 27 120 55 111 14 95 7 41 75 53 73 42 28 104 109 99 119 65 18 4 78 49 82 71 118 86 12 121 64 24 45 93 47 58 36 89 51 66 25 59 15 122 8 77 1 38 0 98 5 90 92 115 79 23 39 76 13 40 54 20 114 10 50 6 80 35 94 16 52 60 62 9 11 116 67 87 19 21 44 69 56 107 97 17 37 105 108 102 29 91 112 32 100 113 22 43 85 96 30 117 68 88 34 3
30 111 14 93 63 114 15 51 96 87 80 88 59 58 115 41 94 33 27 28 122 120 71 72 98 73 5 38 68 106 90 23 1 46 36 125 75 43 18 54 24 6 101 55 47 3 17 123 12 110 22 102 99 85 91 37 78 60 97 48 83 65 20 116 53 66 61 118 19 105 10 50 31 108 35 34 11 113 92 52 70 42 77 57 109 64 112 117 76 16 0 39 56 45 89 69 124 13 40 79 86 81 7 29 67 95 103 49 25 119 107 32 100 82 26 2 4 9 104 84 121 21 62 44 8 74
168 2
61 48 118 29 50 33 104 73 3 81 26 103 98 7 41 47 42 97 90 27 4 35 18 52 49 5 51 122 63 8 28 88 24 25 57 82 101 1 66 84 43 77 119 86 115 31 102 125 37 32 20 10 106 112 87 64 58 94 114 100 9 62 0 30 110 71 116 113 65 72 17 68 96 13 2 117 124 14 46 105 108 60 21 39 83 12 40 89 45 54 22 36 80 79 34 11 69 70 85 76 107 91 78 95 121 93 23 59 92 75 55 53 111 123 56 120 38 109 74 16 44 6 19 67 99 15
13 86 90 114 99 26 18 87 106 25 117 33 10 49 75 2 51 68 31 82 112 29 27 122 111 59 48 41 46 125 120 6 53 88 72 104 1 56 110 16 37 22 107 42 55 91 73 84 5 0 44 39 57 97 89 50 40 109 85 9 47 64 65 30 115 124 38 74 70 3 17 4 79 28 100 103 54 19 20 34 45 83 77 121 60 92 36 102 11 76 15 80 58 113 105 93 101 32 35 71 67 118 7 14 98 108 119 43 94 52 66 116 78 95 69 61 24 12 96 8 63 81 123 23 62 21
240 2
53 29 84 106 25 74 28 34 10 121 8 87 120 36 68 115 43 93 112 109 113 21 105 56 96 4 39 50 6 1 52 66 33 32 7 107 13 65 100 26 62 41 64 16 98 45 103 70 88 91 27 92 30 0 85 78 23 122 94 117 67 97 40 116 42 37 31 60 14 71 47 69 75 108 5 72 76 118 55 125 104 99 123 124 2 54 95 11 48 102 110 49 51 17 58 86 24 61 44 81 38 114 89 46 80 22 3 35 73 19 90 111 18 20 101 15 63 59 77 119 12 9 57 82 83 79
103 28 116 97 119 104 111 19 45 98 50 49 65 92 82 0 101 43 106 40 30 27 37 75 7 77 109 63 117 52 95 66 100 121 23 90 44 15 25 13 55 59 14 53 93 118 76 2 102 60 61 8 38 3 46 24 123 81 125 36 9 12 70 107 114 10 122 86 110 85 39 51 21 18 94 32 33 29 5 73 4 31 112 67 20 48 120 84 42 78 91 64 62 41 6 87 83 17 11 99 34 80 108 22 124 74 113 72 69 115 26 105 88 79 35 68 58 56 71 16 96 54 57 1 89 47
