285852 84
123 164 166 246 249 287 332 492 498
2
0 1 82 83 2 3 4 5 6 7 8 9 10 11 12 13 14 15 16 17 18 19 20 21 22 23 24 25 26 27 28 29 30 31 32 33 34 35 36 37 38 39 40 41 42 43 44 45 46 47 48 49 50 51 52 53 54 55 56 57 58 59 60 61 62 63 64 65 66 67 68 69 70 71 72 73 74 75 76 77 78 79 80 81
1 43 42 53 16 63 69 29 21 64 40 26 31 6 25 9 68 80 70 39 5 59 77 81 28 49 51 65 36 52 19 45 3 83 57 60 24 61 10 30 38 55 44 0 2 12 76 67 46 14 58 11 7 32 33 74 47 79 62 8 75 72 50 20 15 78 23 56 4 13 82 22 37 17 41 35 48 71 27 34 73 66 18 54
20
2 1
51 32 74 78 50 80 25 28 11 81 15 8 49 67 52 10 70 60 20 39 18 35 56 66 40 6 41 61 7 53 54 69 1 79 71 21 83 38 37 19 24 26 57 59 64 46 45 82 62 12 4 0 14 29 30 76 22 42 77 43 17 27 48 65 44 63 23 13 73 31 16 34 75 68 2 72 55 58 3 33 5 9 47 36
3 1
37 13 74 43 38 39 1 16 60 14 27 77 48 6 67 42 33 81 66 51 17 8 65 44 2 55 23 36 72 34 0 11 12 7 58 22 10 30 71 54 56 19 53 69 26 57 49 46 32 47 52 41 62 15 5 59 82 64 29 25 21 68 50 73 45 35 70 9 80 3 18 4 83 75 24 63 79 31 76 78 61 20 40 28
4 2
2 79 0 67 33 62 57 11 60 63 43 7 49 22 78 54 26 39 72 76 46 73 13 81 75 80 16 66 51 44 53 45 69 4 41 61 50 52 71 17 47 34 64 10 29 31 20 40 77 12 36 28 37 30 15 65 83 6 82 68 8 35 5 9 42 55 27 3 59 32 74 38 18 21 70 24 19 48 14 1 25 23 58 56
69 39 32 18 11 47 49 33 23 29 37 4 57 54 51 22 71 79 3 75 59 61 15 8 76 53 38 48 78 9 80 42 2 7 50 73 41 10 26 1 62 36 31 52 63 64 68 5 27 6 34 14 43 25 13 83 65 12 74 20 81 21 40 44 45 56 77 72 46 0 82 16 67 35 58 19 24 66 28 17 30 60 70 55
6 1
43 52 27 68 28 55 19 1 82 73 50 32 3 18 2 34 35 70 39 75 83 78 46 48 72 62 24 69 54 15 64 44 37 66 4 21 81 53 65 59 57 79 6 5 8 7 16 38 36 30 42 14 74 9 29 58 51 31 80 41 26 71 33 23 47 49 17 12 20 56 25 60 61 11 77 10 63 45 22 13 0 76 40 67
6 2
60 59 29 50 72 37 44 79 35 65 46 36 21 52 20 66 25 23 71 48 14 12 53 17 67 16 83 73 54 2 40 75 82 47 69 8 11 5 41 55 30 38 57 45 6 43 10 33 19 61 3 56 13 22 28 39 51 42 70 1 0 49 77 68 80 9 15 24 63 34 58 18 4 27 76 31 74 62 81 7 64 78 32 26
40 26 50 8 78 52 9 38 3 6 49 15 65 75 61 11 64 56 25 79 46 44 45 39 36 18 1 43 59 35 42 37 72 74 76 29 24 31 7 23 0 48 30 27 21 22 20 69 41 10 2 55 5 73 83 51 17 60 63 28 57 14 70 58 16 12 67 66 77 47 62 80 32 53 33 13 34 68 4 19 71 82 81 54
6 2
26 28 53 34 0 68 1 20 83 80 57 40 25 59 49 54 70 42 33 43 39 41 10 3 58 75 4 36 6 9 67 24 37 65 23 32 46 35 64 7 73 74 60 55 16 52 27 2 38 81 76 62 63 47 72 19 8 22 31 71 17 30 69 45 48 18 50 61 78 51 44 13 15 11 21 12 66 82 5 77 29 14 79 56
29 79 19 63 9 25 77 24 41 4 60 49 68 54 40 59 48 22 67 2 31 83 17 45 7 5 80 35 82 0 33 20 46 30 52 27 37 36 44 58 14 8 57 47 38 23 32 43 16 11 69 66 34 55 13 53 74 42 39 15 10 65 76 3 70 61 51 18 12 50 64 72 71 81 56 78 62 6 75 1 26 73 28 21
7 1
28 21 59 13 22 69 35 8 73 42 9 43 44 46 83 4 67 71 29 79 49 61 56 76 66 23 37 1 80 19 57 74 30 51 0 12 26 65 55 75 70 82 52 20 60 64 45 48 3 5 6 40 7 58 41 14 62 27 36 72 68 32 16 24 47 78 38 15 50 77 39 31 18 10 54 81 34 11 53 2 25 33 17 63
12 2
16 79 3 2 66 71 73 22 24 29 11 10 47 27 59 51 0 61 76 77 41 69 7 42 8 64 74 13 30 9 28 70 60 38 78 63 81 40 33 49 37 20 23 50 80 52 56 12 83 39 43 15 45 72 75 58 46 62 55 14 32 17 57 35 25 67 4 65 82 21 31 5 53 6 26 54 18 19 34 1 44 36 68 48
9 21 17 33 62 68 23 24 46 0 20 32 40 28 43 56 69 2 72 80 10 1 66 6 7 44 50 79 13 30 29 67 11 3 60 37 41 35 65 48 12 36 54 14 25 81 8 74 39 53 26 57 78 49 42 61 15 51 70 63 34 55 4 59 73 38 22 31 5 16 58 76 18 64 47 77 71 75 52 27 19 45 83 82
12 2
41 27 19 1 44 60 36 43 38 73 75 77 30 25 32 8 24 0 49 31 28 22 23 21 70 42 11 3 56 6 74 2 52 18 61 64 29 58 15 71 59 17 13 68 67 78 48 63 81 33 54 34 14 35 69 5 20 72 83 82 55 51 9 79 53 10 39 4 7 50 16 66 76 62 12 65 57 26 80 47 45 46 40 37
37 80 34 16 24 48 18 79 73 56 74 31 71 57 77 64 3 29 6 32 53 40 60 46 4 43 61 44 38 17 69 11 19 83 2 62 58 0 28 50 21 49 63 25 27 70 23 72 5 41 39 52 51 20 75 82 9 13 36 81 22 26 35 42 15 66 65 78 76 30 45 12 47 8 10 54 68 14 67 7 1 59 55 33
14 1
11 65 8 14 42 81 31 80 3 70 9 29 10 71 26 12 21 40 35 57 33 44 69 79 7 32 43 19 41 36 55 64 50 5 66 47 67 6 73 78 45 77 34 62 68 13 61 58 16 46 1 49 51 59 37 24 28 2 53 4 82 83 56 54 38 22 20 75 76 72 23 74 48 52 39 17 25 27 0 30 60 18 15 63
14 2
37 11 57 15 27 58 32 69 80 47 35 1 79 38 22 3 42 78 63 49 55 44 14 71 65 59 34 4 75 81 67 52 6 45 26 10 51 0 13 83 50 61 16 72 21 33 73 9 53 19 40 36 31 48 70 20 74 2 5 25 76 41 66 18 68 24 62 30 64 7 54 23 43 46 56 28 60 82 17 12 8 29 77 39
30 4 40 28 1 72 31 15 78 35 71 56 42 48 37 7 64 58 52 27 79 68 74 60 45 81 38 19 3 44 0 6 76 43 54 9 65 14 26 66 2 46 12 33 29 24 41 63 13 67 77 80 18 69 34 59 11 61 17 55 23 57 82 47 16 36 39 49 21 53 75 10 5 83 22 70 32 50 8 20 51 25 62 73
14 2
61 15 19 26 16 27 40 59 28 53 46 20 25 31 80 1 4 69 39 2 11 54 55 67 77 12 3 5 8 44 66 13 47 34 33 75 70 58 79 18 6 83 43 42 29 63 10 32 68 71 73 64 81 9 21 22 65 74 37 7 72 0 78 45 51 56 30 23 48 17 36 49 60 50 57 35 82 24 62 38 14 52 76 41
34 44 16 33 79 53 72 43 13 11 19 9 77 8 37 47 2 27 29 10 57 58 30 52 46 73 55 17 40 18 22 63 54 3 0 71 78 14 50 80 28 64 82 7 1 75 24 15 56 60 38 61 23 5 32 26 48 20 21 68 49 51 76 31 41 70 83 69 59 67 65 35 6 25 81 45 62 12 36 4 39 74 42 66
21 1
72 65 17 37 32 44 14 64 22 26 7 10 47 49 50 2 51 20 3 58 24 71 80 34 30 76 60 68 9 40 82 59 12 39 83 75 62 54 16 43 78 55 15 46 69 77 61 25 21 57 66 31 79 52 35 4 53 5 6 8 45 48 29 33 73 41 11 23 18 38 28 67 81 1 42 63 19 36 74 13 0 56 70 27
28 2
75 43 8 22 60 54 21 11 2 69 78 7 62 57 33 30 80 19 59 17 38 6 3 61 56 29 40 49 34 25 15 64 58 14 28 36 35 45 20 42 26 52 39 1 72 37 74 67 65 27 55 71 41 70 5 50 24 13 32 18 4 23 12 68 31 48 77 47 63 9 53 51 44 81 46 0 79 66 10 76 16 73 83 82
30 4 40 28 1 72 31 15 78 35 71 56 42 48 37 7 64 58 52 27 79 68 74 60 45 81 38 19 3 44 0 6 76 43 54 9 65 14 26 66 2 46 12 33 29 24 41 63 13 67 77 80 18 69 34 59 11 61 17 55 23 57 82 47 16 36 39 49 21 53 75 10 5 83 22 70 32 50 8 20 51 25 62 73
41 1
29 47 79 19 56 60 2 14 71 82 78 1 13 55 68 58 24 7 75 49 40 37 51 72 41 3 33 28 81 9 70 11 50 23 66 44 59 15 34 54 31 12 46 38 30 64 45 22 42 61 17 32 10 53 26 65 6 67 77 48 43 73 35 4 25 39 36 27 83 69 52 18 8 21 63 0 80 76 5 62 74 16 20 57
42 1
46 79 15 50 42 26 40 6 31 59 0 55 60 67 39 34 25 57 20 47 24 53 76 45 48 10 36 7 33 77 80 49 72 19 78 23 68 18 9 4 58 65 70 1 66 12 37 3 17 83 75 28 43 63 27 74 61 21 81 29 30 38 35 2 73 69 54 11 32 71 56 52 41 8 5 13 14 44 22 64 51 16 62 82
42 2
37 11 57 15 27 58 32 69 80 47 35 1 79 38 22 3 42 78 63 49 55 44 14 71 65 59 34 4 75 81 67 52 6 45 26 10 51 0 13 83 50 61 16 72 21 33 73 9 53 19 40 36 31 48 70 20 74 2 5 25 76 41 66 18 68 24 62 30 64 7 54 23 43 46 56 28 60 82 17 12 8 29 77 39
4 14 24 55 0 41 48 66 20 50 80 34 52 59 1 45 76 67 26 30 8 31 75 57 2 78 18 72 73 38 19 21 46 83 11 40 53 39 29 37 35 5 58 77 51 15 32 64 6 56 9 44 12 36 68 3 49 23 42 13 65 63 71 61 47 60 7 17 54 79 81 62 27 28 82 22 16 43 25 69 10 70 74 33
42 2
27 30 9 83 37 19 68 24 81 2 82 67 17 31 66 39 63 12 42 5 53 34 62 36 7 75 44 0 59 80 1 13 64 50 21 77 23 4 52 15 45 76 18 73 26 40 72 57 55 58 33 71 38 20 56 48 54 47 49 28 61 60 22 16 32 69 14 11 6 65 74 51 46 43 70 25 41 35 79 78 29 8 10 3
83 25 22 60 24 11 43 72 32 53 78 5 39 54 69 21 30 55 76 36 65 15 2 48 4 1 27 26 31 62 16 28 8 49 66 64 19 67 51 12 63 71 74 6 73 68 79 58 23 33 61 38 56 9 13 17 52 70 47 75 3 50 29 40 35 20 34 37 45 14 57 41 7 44 42 59 18 80 10 46 77 82 81 0
82 2
27 30 9 83 37 19 68 24 81 2 82 67 17 31 66 39 63 12 42 5 53 34 62 36 7 75 44 0 59 80 1 13 64 50 21 77 23 4 52 15 45 76 18 73 26 40 72 57 55 58 33 71 38 20 56 48 54 47 49 28 61 60 22 16 32 69 14 11 6 65 74 51 46 43 70 25 41 35 79 78 29 8 10 3
5 55 56 11 58 0 9 78 22 6 28 3 13 12 20 34 72 66 33 23 14 81 8 19 74 69 45 42 10 31 71 29 50 18 15 73 68 41 52 61 46 37 27 76 70 26 40 48 47 57 32 54 38 64 51 1 2 49 4 79 77 39 67 83 53 82 17 62 36 25 44 30 16 35 24 80 43 60 7 59 75 21 65 63
83 1
41 12 24 76 52 61 55 72 77 20 42 60 47 9 62 27 18 21 17 54 66 22 82 70 56 1 19 68 16 15 5 3 13 78 4 8 28 71 30 51 2 23 64 25 45 49 57 40 50 48 38 37 67 34 0 79 65 53 31 69 81 36 32 35 26 73 44 6 75 11 33 58 63 80 74 83 59 29 43 7 39 14 46 10
