352440 90
33 36 40 55 66 72 99 110 120 132 165 198 220 264 267 330 396 440 445 495 534
2
0 1 88 89 2 3 4 5 6 7 8 9 10 11 12 13 14 15 16 17 18 19 20 21 22 23 24 25 26 27 28 29 30 31 32 33 34 35 36 37 38 39 40 41 42 43 44 45 46 47 48 49 50 51 52 53 54 55 56 57 58 59 60 61 62 63 64 65 66 67 68 69 70 71 72 73 74 75 76 77 78 79 80 81 82 83 84 85 86 87
1 46 30 14 48 21 9 33 28 79 41 63 17 83 77 78 52 65 45 53 11 68 19 36 71 37 16 75 58 81 62 18 25 54 64 23 35 32 59 73 76 43 4 10 88 31 0 74 42 51 44 82 26 22 7 67 69 56 8 85 55 47 2 20 84 12 40 60 5 57 39 87 29 70 61 80 66 3 89 6 27 72 49 86 34 38 13 24 50 15
33
2 1
37 1 63 18 85 80 82 57 71 52 61 20 78 30 48 84 51 31 3 75 11 81 38 46 76 87 47 60 58 86 13 17 73 35 42 33 65 0 22 79 89 83 34 67 64 50 23 26 14 55 45 16 9 53 72 49 66 7 28 62 27 10 59 2 44 36 56 43 69 68 74 8 54 32 70 19 24 88 12 39 5 21 6 41 15 4 29 25 77 40
3 1
63 84 44 0 54 51 77 47 16 4 81 37 87 42 17 60 22 66 55 43 12 70 8 5 1 15 11 72 39 31 40 35 69 83 18 29 82 26 13 86 80 10 38 85 68 74 6 57 59 45 76 23 56 32 9 34 58 7 52 89 25 50 27 3 36 71 14 88 2 53 73 79 62 21 49 67 61 46 33 65 30 41 64 78 24 19 28 20 75 48
4 1
48 26 18 83 36 33 84 45 31 1 77 88 50 40 25 62 22 44 13 21 81 53 61 30 52 12 49 34 24 74 85 0 43 29 78 41 38 79 56 55 2 6 76 7 39 32 75 82 8 9 14 16 71 89 69 17 4 46 63 59 27 51 54 10 37 64 20 23 47 15 11 28 70 57 5 73 3 58 60 65 66 80 87 42 35 67 86 68 72 19
4 2
83 30 7 72 86 31 67 2 44 48 61 45 80 33 68 52 65 69 23 46 82 27 41 18 34 53 29 21 36 26 1 5 74 13 24 49 28 58 38 81 63 22 43 42 8 11 19 51 9 35 73 47 15 25 56 76 54 59 37 57 88 10 66 40 78 16 62 6 14 17 71 70 3 50 32 75 55 85 64 89 12 39 20 0 87 77 4 84 60 79
69 51 73 43 84 40 35 50 19 64 22 20 21 24 66 37 60 83 54 8 11 12 10 56 13 70 85 80 36 77 47 63 55 34 33 6 28 15 75 39 5 61 72 3 46 82 44 30 78 67 7 1 58 71 18 32 23 89 52 79 16 41 68 31 9 88 14 49 62 0 25 53 42 2 76 38 74 29 48 59 27 81 45 17 4 26 87 86 65 57
4 2
1 0 4 3 2 89 88 87 86 85 84 83 82 81 80 79 78 77 76 75 74 73 72 71 70 69 68 67 66 65 64 63 62 61 60 59 58 57 56 55 54 53 52 51 50 49 48 47 46 45 44 43 42 41 40 39 38 37 36 35 34 33 32 31 30 29 28 27 26 25 24 23 22 21 20 19 18 17 16 15 14 13 12 11 10 9 8 7 6 5
46 48 28 47 66 55 9 60 67 6 61 32 24 68 20 43 23 35 41 36 14 63 56 16 12 49 81 86 2 54 52 73 11 84 87 17 19 57 72 89 65 18 64 15 44 69 0 3 1 25 50 79 30 76 29 5 22 37 75 77 7 10 83 21 42 40 4 8 13 45 82 78 38 31 80 58 53 59 71 51 74 26 70 62 33 88 27 34 85 39
5 1
70 29 11 30 71 4 18 72 22 13 74 61 60 82 75 33 23 35 5 79 47 0 53 56 50 59 63 34 42 3 68 19 44 62 9 89 87 41 85 48 84 16 78 54 67 32 45 21 83 15 51 14 58 12 10 2 37 55 80 31 8 57 65 36 40 49 43 46 1 52 20 6 64 76 66 24 17 39 38 25 86 77 27 81 7 28 69 88 26 73
6 2
20 36 77 34 21 64 9 25 55 6 60 88 76 73 41 42 24 59 66 74 0 4 53 33 16 7 27 26 72 30 29 49 40 23 3 52 1 70 78 85 32 14 15 71 68 56 84 50 89 31 47 80 35 22 67 8 45 62 65 17 10 61 57 69 5 58 18 54 44 63 37 43 28 13 19 81 12 2 38 86 51 75 87 83 46 39 79 82 11 48
56 46 28 53 60 27 89 45 54 32 21 67 2 22 38 1 4 63 68 78 7 24 34 39 10 0 64 80 12 35 81 70 48 57 13 75 42 49 74 62 6 19 84 69 66 20 15 50 9 58 61 26 30 73 88 11 25 85 37 43 16 47 23 71 51 31 79 55 86 59 65 17 77 3 14 29 72 76 41 44 5 52 87 82 36 33 18 83 8 40
8 2
30 12 22 33 52 7 43 5 79 39 28 56 1 19 32 67 81 72 50 13 40 65 2 29 80 58 49 63 10 23 0 74 14 3 51 37 87 35 78 9 20 76 42 6 66 53 75 48 47 26 18 34 4 45 89 84 11 68 25 71 69 70 73 27 86 21 44 15 57 60 61 59 17 62 31 46 41 85 38 8 24 16 83 82 55 77 64 36 88 54
16 20 75 81 22 25 30 86 15 70 61 31 53 45 32 8 0 84 62 40 1 28 4 79 71 5 63 54 21 38 6 11 14 43 49 73 58 60 29 65 19 47 44 33 42 13 57 41 48 34 69 89 68 12 27 74 72 46 36 85 37 10 18 26 87 39 88 78 52 50 9 24 56 35 55 2 76 83 67 23 82 3 80 77 17 59 7 64 66 51
9 1
3 17 14 49 19 52 8 62 47 79 16 9 86 20 27 58 85 18 70 60 33 13 5 53 77 73 51 34 43 30 0 37 83 45 26 67 72 54 36 41 82 63 25 71 1 78 65 74 57 35 31 55 15 7 75 48 38 2 23 50 81 88 22 11 4 29 61 46 12 56 89 59 6 40 69 28 64 32 87 66 84 10 24 42 21 76 44 80 39 68
10 2
3 47 54 50 29 4 14 32 79 68 71 69 67 70 59 18 36 46 21 88 84 72 30 39 87 37 60 5 42 56 61 9 31 1 75 53 17 12 86 49 16 81 43 83 74 28 40 44 65 2 80 62 15 26 23 25 27 24 35 76 58 48 73 6 10 22 64 55 7 57 34 89 52 38 33 85 63 0 19 41 77 82 8 45 78 13 51 11 20 66
26 47 51 53 16 36 42 25 72 12 30 24 9 84 28 81 4 27 41 75 70 79 71 38 11 7 0 17 14 40 10 67 55 44 88 50 5 68 23 73 29 18 6 63 33 59 56 1 66 62 35 2 82 3 86 32 46 69 80 45 77 64 49 43 61 89 48 31 37 57 20 22 8 39 74 19 83 60 85 21 58 15 52 76 13 78 54 87 34 65
11 1
10 78 7 23 64 58 13 15 5 16 61 84 1 79 6 20 8 14 77 22 47 34 44 54 41 66 11 74 80 68 82 9 0 4 27 72 83 73 75 30 24 65 81 43 85 69 18 53 31 12 40 52 17 26 33 32 87 63 59 39 42 37 28 2 38 21 88 67 50 86 60 51 46 49 29 25 89 56 55 62 71 36 48 76 57 35 70 19 3 45
12 2
88 64 62 32 2 44 49 33 29 56 7 28 14 59 38 0 51 77 45 47 66 24 83 70 37 18 48 23 63 85 73 53 60 10 61 74 22 21 12 6 30 65 55 84 81 25 72 76 80 39 71 68 9 87 34 58 52 43 42 78 3 54 4 11 79 67 89 41 16 46 27 82 69 40 86 17 19 75 13 1 26 5 50 36 57 8 35 31 15 20
20 17 57 73 25 59 19 36 49 69 67 61 33 86 83 60 78 1 31 6 0 47 65 42 39 4 64 58 56 76 89 18 66 12 52 68 7 85 41 24 88 38 23 45 74 43 54 21 75 8 77 81 34 62 46 55 28 2 27 5 15 11 53 72 26 22 32 10 35 9 70 79 63 3 44 48 29 50 16 71 82 51 80 14 87 37 13 84 40 30
12 2
53 3 58 1 55 62 64 9 24 7 83 44 45 31 68 23 85 77 19 18 66 84 69 15 8 43 87 63 72 81 57 13 48 41 75 60 78 38 37 67 59 33 76 25 11 12 61 49 32 47 80 82 89 0 86 4 79 30 2 40 35 46 5 27 6 88 20 39 14 22 74 71 28 73 70 34 42 17 36 56 50 29 51 10 21 16 54 26 65 52
10 68 86 31 23 11 56 65 73 28 52 66 42 69 37 74 33 88 81 53 57 27 1 59 71 70 35 54 61 82 44 38 15 87 30 64 75 39 3 14 48 79 63 40 34 84 17 24 43 8 7 19 0 51 21 25 85 78 45 4 41 9 36 12 26 50 5 13 22 67 55 47 80 49 32 62 2 72 20 60 77 83 89 18 58 6 76 16 46 29
15 1
71 42 10 29 16 33 21 32 63 1 13 53 2 66 67 52 3 72 79 48 44 27 19 5 20 6 86 69 65 34 41 22 61 46 47 23 60 12 0 50 81 4 80 9 84 15 51 75 73 85 26 77 82 59 30 14 17 45 49 74 56 58 18 24 76 35 25 70 43 88 78 37 89 7 55 57 39 64 68 8 11 83 54 31 36 87 28 40 38 62
18 2
1 0 20 19 18 17 16 15 14 13 12 11 10 9 8 7 6 5 4 3 2 89 88 87 86 85 84 83 82 81 80 79 78 77 76 75 74 73 72 71 70 69 68 67 66 65 64 63 62 61 60 59 58 57 56 55 54 53 52 51 50 49 48 47 46 45 44 43 42 41 40 39 38 37 36 35 34 33 32 31 30 29 28 27 26 25 24 23 22 21
21 86 29 62 53 38 9 44 71 6 13 36 63 10 69 54 45 78 56 26 24 0 33 41 20 60 19 32 42 2 64 61 27 22 34 55 11 50 5 58 48 23 28 77 7 16 76 82 40 68 37 89 72 4 15 35 18 70 39 67 25 31 3 12 30 79 84 59 49 14 57 8 52 73 85 80 46 43 17 65 75 88 47 87 66 74 1 83 81 51
22 1
43 71 25 2 36 53 76 10 66 39 11 65 35 80 40 44 6 5 73 47 59 84 87 69 57 45 27 30 55 67 41 21 20 70 74 34 79 49 15 75 48 16 38 61 78 24 89 81 42 31 86 3 19 37 0 4 14 54 8 29 26 56 62 63 82 46 17 50 13 64 9 68 32 51 52 58 88 85 18 60 12 22 1 77 7 23 28 83 72 33
22 2
69 26 67 83 12 28 9 68 38 6 44 74 4 61 56 30 63 43 53 75 76 84 46 66 41 25 1 88 5 72 15 60 79 45 82 64 40 47 8 81 36 24 77 17 10 33 22 37 58 73 62 85 78 18 71 59 14 87 48 55 31 13 50 16 35 80 23 2 7 0 70 54 29 49 11 19 20 42 52 32 65 39 34 3 21 51 89 57 27 86
46 48 28 47 66 55 9 60 67 6 61 32 24 68 20 43 23 35 41 36 14 63 56 16 12 49 81 86 2 54 52 73 11 84 87 17 19 57 72 89 65 18 64 15 44 69 0 3 1 25 50 79 30 76 29 5 22 37 75 77 7 10 83 21 42 40 4 8 13 45 82 78 38 31 80 58 53 59 71 51 74 26 70 62 33 88 27 34 85 39
22 2
14 1 27 88 3 79 32 22 81 74 30 49 26 43 72 5 39 4 75 36 67 21 13 33 20 46 45 51 73 31 9 47 84 89 65 77 16 70 86 71 18 80 69 6 2 54 17 40 83 62 57 59 34 48 29 38 85 55 7 25 61 28 8 68 52 76 58 15 23 53 64 24 37 35 63 78 82 50 12 19 10 42 0 87 56 66 60 11 44 41
16 21 59 17 4 70 38 28 26 30 74 29 81 60 36 64 0 3 53 72 34 1 61 89 65 44 8 51 7 11 9 87 55 33 20 66 14 79 6 82 48 68 78 86 25 62 88 83 40 54 56 27 67 18 49 32 50 84 73 2 13 22 45 80 15 24 35 52 41 75 5 76 19 58 10 69 71 85 42 37 63 12 39 47 57 77 43 31 46 23
24 2
25 13 14 8 45 61 69 29 89 72 5 80 64 53 66 19 60 73 62 46 33 54 37 9 57 65 81 30 24 35 40 47 59 74 16 7 85 84 48 87 27 56 26 49 18 58 15 83 51 71 21 38 36 1 50 6 82 28 4 63 34 10 44 32 76 0 2 88 17 55 75 43 23 68 20 77 12 70 11 39 78 42 41 31 22 52 67 79 86 3
38 4 29 0 6 85 57 14 48 17 2 49 56 43 46 52 68 50 18 66 33 47 41 27 69 20 71 79 26 76 21 54 16 51 59 22 61 15 89 83 9 64 24 80 62 78 84 87 74 81 40 25 82 28 73 45 36 1 13 39 31 12 75 23 35 8 5 42 72 67 44 53 32 60 65 70 10 77 86 63 58 88 37 34 7 19 55 30 11 3
24 2
33 78 60 45 88 76 41 69 62 85 74 89 22 37 26 49 42 70 35 23 66 51 12 19 83 65 14 68 87 44 75 54 59 0 34 18 81 13 63 71 72 6 16 84 29 3 86 55 73 15 53 21 79 50 31 47 64 80 61 32 2 58 8 38 56 25 20 82 27 7 17 39 40 48 10 30 5 77 1 52 57 36 67 24 43 9 46 28 4 11
28 43 42 57 38 23 85 81 79 88 63 46 49 87 73 86 72 22 25 8 71 80 78 74 48 33 14 29 51 35 39 84 13 18 47 27 9 3 52 54 55 10 56 66 45 82 70 60 83 50 12 0 4 31 30 64 2 37 6 65 34 69 7 41 40 67 1 59 21 76 11 89 77 26 5 15 61 16 17 19 68 62 44 24 53 58 75 32 36 20
30 2
19 71 44 30 0 59 79 84 14 41 47 78 48 36 4 18 70 35 10 39 32 28 50 88 34 53 24 63 65 17 89 73 25 27 66 37 56 2 40 62 58 51 80 55 20 72 86 54 42 12 43 49 76 6 11 31 1 60 46 15 16 67 9 26 21 57 13 83 82 22 87 61 85 38 45 52 5 29 3 68 8 7 77 33 69 64 81 23 74 75
19 38 78 37 39 68 15 24 9 8 25 44 12 46 62 6 65 89 53 0 54 87 27 64 7 10 84 22 70 75 35 61 47 50 81 30 58 3 1 4 56 80 51 83 11 45 13 32 49 48 33 42 77 18 20 67 40 60 36 79 57 31 14 69 23 16 86 55 5 63 28 73 74 71 72 29 82 52 2 59 41 34 76 43 26 88 66 21 85 17
44 1
82 54 56 68 80 10 7 70 58 84 16 17 55 51 3 46 76 22 50 77 21 87 64 47 13 36 44 83 6 39 34 18 88 1 33 23 71 29 8 11 69 63 62 43 79 20 75 24 61 28 57 5 74 73 67 37 40 19 65 25 15 0 48 30 14 9 42 53 4 12 35 89 72 49 27 59 86 26 60 2 45 85 81 31 32 52 78 66 41 38
44 2
69 26 67 83 12 28 9 68 38 6 44 74 4 61 56 30 63 43 53 75 76 84 46 66 41 25 1 88 5 72 15 60 79 45 82 64 40 47 8 81 36 24 77 17 10 33 22 37 58 73 62 85 78 18 71 59 14 87 48 55 31 13 50 16 35 80 23 2 7 0 70 54 29 49 11 19 20 42 52 32 65 39 34 3 21 51 89 57 27 86
55 61 53 44 56 6 5 47 13 62 78 57 37 8 58 20 79 59 38 54 15 69 23 22 60 72 63 89 31 83 51 28 32 87 45 66 68 12 18 52 42 70 40 67 3 34 75 7 80 73 81 30 39 2 19 0 4 11 14 17 24 1 9 26 77 86 35 43 36 21 41 82 25 49 76 46 74 64 10 16 48 50 71 29 84 88 65 33 85 27
44 2
27 12 45 87 77 10 61 73 83 60 5 43 1 51 24 25 79 53 18 49 78 21 74 48 14 15 76 0 84 34 67 44 54 66 29 50 40 82 39 38 36 75 81 11 31 2 85 68 23 19 35 13 86 17 32 58 62 64 55 80 9 6 56 70 57 71 33 30 47 72 63 65 69 7 22 41 26 4 20 16 59 42 37 8 28 46 52 3 89 88
69 26 67 83 12 28 9 68 38 6 44 74 4 61 56 30 63 43 53 75 76 84 46 66 41 25 1 88 5 72 15 60 79 45 82 64 40 47 8 81 36 24 77 17 10 33 22 37 58 73 62 85 78 18 71 59 14 87 48 55 31 13 50 16 35 80 23 2 7 0 70 54 29 49 11 19 20 42 52 32 65 39 34 3 21 51 89 57 27 86
45 1
44 50 22 74 16 42 33 45 83 82 36 2 51 67 46 26 85 47 9 68 48 27 43 4 58 12 11 49 61 52 78 20 72 40 17 21 76 34 55 57 89 7 41 31 59 29 56 80 23 64 84 69 62 70 19 28 79 8 0 81 88 3 6 13 1 86 15 66 75 24 32 25 10 30 71 14 38 65 35 63 53 87 5 37 39 60 18 73 77 54
60 2
28 43 42 57 38 23 85 81 79 88 63 46 49 87 73 86 72 22 25 8 71 80 78 74 48 33 14 29 51 35 39 84 13 18 47 27 9 3 52 54 55 10 56 66 45 82 70 60 83 50 12 0 4 31 30 64 2 37 6 65 34 69 7 41 40 67 1 59 21 76 11 89 77 26 5 15 61 16 17 19 68 62 44 24 53 58 75 32 36 20
55 61 53 44 56 6 5 47 13 62 78 57 37 8 58 20 79 59 38 54 15 69 23 22 60 72 63 89 31 83 51 28 32 87 45 66 68 12 18 52 42 70 40 67 3 34 75 7 80 73 81 30 39 2 19 0 4 11 14 17 24 1 9 26 77 86 35 43 36 21 41 82 25 49 76 46 74 64 10 16 48 50 71 29 84 88 65 33 85 27
60 2
59 39 27 60 35 41 29 43 58 0 53 76 33 44 34 36 79 73 26 42 4 46 30 67 14 80 61 89 13 66 75 82 81 48 24 20 88 3 86 77 51 87 70 49 28 11 47 21 12 7 10 78 74 50 17 16 23 32 85 9 37 18 84 31 68 52 6 56 72 25 19 62 64 54 65 22 45 1 40 55 69 57 63 38 71 8 83 5 15 2
61 12 57 46 44 28 30 84 80 51 10 15 1 39 82 11 71 48 88 38 26 42 64 72 83 56 20 70 5 69 6 52 37 85 60 54 41 32 19 13 76 36 21 67 4 68 3 53 17 78 89 9 31 47 35 73 25 2 62 79 34 0 58 63 22 81 77 43 45 29 27 16 23 55 86 87 40 66 49 59 8 65 14 24 7 33 74 75 18 50
88 2
56 75 55 57 16 77 9 73 28 6 68 51 18 60 53 35 4 42 12 65 22 23 20 21 66 31 89 39 8 78 71 25 80 63 37 15 58 34 54 27 74 76 17 52 61 46 45 62 81 49 83 11 43 14 38 2 0 3 36 64 13 44 47 33 59 19 24 72 10 84 87 30 67 7 40 1 41 5 29 88 32 48 82 50 69 86 85 70 79 26
7 14 81 83 77 70 74 0 12 13 61 48 8 9 1 35 39 32 26 28 73 47 54 37 53 42 18 57 19 60 69 33 17 31 44 15 89 23 66 16 79 59 25 71 34 45 51 21 11 80 68 46 82 24 22 87 85 27 63 41 29 10 88 58 64 75 38 84 50 30 5 43 86 20 6 65 78 4 76 40 49 2 52 3 67 56 72 55 62 36
89 1
26 84 3 55 19 30 64 7 79 56 50 12 33 40 59 24 23 35 0 67 37 41 13 6 61 20 57 25 52 28 42 66 21 29 38 83 71 63 8 65 48 78 18 88 36 76 5 11 17 34 74 22 4 32 62 45 14 47 39 27 72 81 89 44 68 82 58 85 53 2 49 16 9 69 73 43 1 75 87 86 51 70 77 10 60 54 31 15 46 80
178 2
36 24 2 9 14 25 19 56 72 80 40 12 83 16 3 75 64 77 30 71 84 73 57 44 65 48 20 68 76 4 41 35 46 51 58 70 85 27 18 8 7 59 10 38 67 37 60 29 69 26 6 62 82 32 49 47 1 61 17 5 39 15 74 45 21 55 43 87 0 13 11 28 66 86 54 34 79 31 88 23 81 22 50 89 53 52 42 33 63 78
73 78 2 77 35 71 48 63 51 17 37 47 55 82 31 57 52 9 23 25 84 36 75 18 89 19 53 42 59 70 79 14 49 72 81 4 21 10 44 62 45 76 27 67 38 40 54 11 6 32 69 8 16 26 46 12 88 15 80 28 74 61 39 7 85 83 87 43 86 50 29 5 33 0 60 22 41 3 1 30 58 34 13 65 20 64 68 66 56 24
356 2
44 52 28 63 13 21 26 32 9 76 38 56 42 46 37 82 10 71 24 23 74 11 65 7 34 6 69 12 88 29 3 49 19 15 41 80 39 17 51 0 53 18 60 4 36 78 43 1 45 79 57 16 55 81 77 47 5 67 8 84 27 2 62 89 31 85 22 73 72 25 86 14 59 50 54 40 58 20 87 64 70 75 83 33 68 66 35 48 61 30
33 39 38 50 41 67 9 61 29 6 10 65 23 44 46 78 84 30 20 48 18 45 69 12 53 73 58 51 59 8 17 68 85 0 70 77 80 83 2 1 75 4 55 64 13 21 14 87 19 60 3 27 54 24 52 42 76 82 26 28 49 7 62 66 43 11 63 5 31 22 34 72 71 25 79 40 56 35 15 74 36 86 57 37 16 32 81 47 89 88
979 2
62 84 49 80 58 10 61 76 86 36 25 1 67 81 32 69 72 31 54 55 20 16 34 15 71 78 35 28 14 13 8 6 39 21 41 5 18 64 47 51 83 59 56 12 73 46 2 87 63 7 11 82 40 53 17 37 19 52 50 45 44 30 23 68 75 43 24 42 38 3 4 27 74 77 26 65 79 0 33 22 60 70 85 48 88 66 9 89 29 57
86 74 26 39 80 33 46 35 19 6 27 10 70 30 38 54 3 85 8 13 20 32 47 77 68 58 57 21 60 88 29 87 22 79 31 76 56 24 44 82 11 9 1 23 67 55 89 65 36 7 71 17 5 49 0 63 61 78 28 48 16 84 41 81 50 73 43 72 12 51 15 14 4 83 25 40 52 59 64 75 69 18 34 42 2 62 45 66 53 37
1958 2
8 73 41 32 65 43 13 11 0 20 28 7 47 6 19 29 77 51 48 14 9 21 42 86 37 80 45 35 10 15 64 82 3 63 69 27 55 24 76 59 79 2 22 5 57 26 54 12 18 78 87 17 66 71 46 36 89 44 83 39 60 72 67 33 30 4 52 62 75 34 74 53 61 1 70 68 38 16 49 40 25 84 31 58 81 88 23 50 85 56
81 35 80 84 76 6 43 49 14 67 73 22 40 32 36 31 50 59 83 72 74 21 69 60 70 10 54 77 30 5 52 0 88 68 53 51 38 20 82 25 19 27 13 79 55 45 29 26 75 12 11 4 58 24 17 16 41 2 87 71 61 37 15 89 9 3 34 8 78 65 63 48 28 1 64 23 86 39 62 18 46 56 47 7 42 44 33 57 66 85
