20160 21
35 70 140
2
0 1 3 4 2 5 8 6 7 13 16 14 15 17 20 18 19 9 12 10 11
1 5 9 13 17 6 10 14 18 0 2 4 3 7 15 19 11 8 20 12 16
73
2 1
0 20 17 19 18 5 6 7 8 15 13 14 16 10 11 9 12 2 4 3 1
3 1
7 17 4 10 16 5 0 6 8 1 19 15 11 13 18 12 2 9 20 3 14
4 2
0 17 18 19 20 9 11 12 10 5 8 6 7 13 14 15 16 1 2 3 4
0 5 7 8 6 1 4 2 3 17 19 20 18 13 14 15 16 9 12 10 11
4 2
8 9 15 18 4 5 7 6 0 1 20 16 12 17 14 2 11 13 3 19 10
8 1 20 16 12 5 7 6 0 9 15 18 4 13 19 10 3 17 11 14 2
4 2
4 3 2 1 0 20 6 13 11 9 15 8 18 7 17 10 16 14 12 19 5
13 12 2 18 7 11 6 4 20 9 17 5 1 0 15 14 16 10 3 19 8
4 2
0 20 17 19 18 5 6 7 8 15 13 14 16 10 11 9 12 2 4 3 1
0 19 18 20 17 5 6 7 8 14 16 15 13 12 9 11 10 4 2 1 3
4 2
4 3 2 1 0 10 16 7 17 19 5 14 12 13 11 20 6 8 18 9 15
5 15 2 20 10 0 8 7 6 14 4 19 12 13 9 1 17 16 18 11 3
4 2
0 20 17 19 18 5 6 7 8 15 13 14 16 10 11 9 12 2 4 3 1
6 12 17 3 15 7 0 5 8 18 10 14 1 13 11 4 20 2 9 19 16
4 2
14 1 18 10 6 5 4 12 19 9 3 20 7 13 0 16 15 17 2 8 11
14 5 12 19 4 1 6 18 10 17 8 11 2 13 0 16 15 9 7 3
4 1
6 19 9 16 2 7 0 5 8 11 20 4 13 1 18 14 10 15 17 12 3
4 1
0 17 20 18 19 6 5 8 7 15 13 14 16 12 9 11 10 3 1 2 4
4 1
9 15 18 4 8 0 10 12 11 14 20 3 7 13 5 17 1 16 2 6 19
5 1
6 11 20 4 13 0 7 8 5 9 19 2 16 12 15 17 3 10 1 14 18
6 2
7 10 16 17 4 8 6 0 5 19 1 11 15 13 18 12 2 3 14 9
7 17 4 10 16 5 0 6 8 1 19 15 11 13 18 12 2 9 20 3 14
7 1
18 2 12 13 7 9 4 8 15 19 0 17 20 16 3 11 5 6 1 14 10
8 2
17 20 18 19 0 1 5 9 13 16 10 7 4 8 2 14 11 12 15 3 6
11 18 5 3 16 2 14 17 8 12 10 0 9 13 6 20 4 7 1 19 15
8 2
0 20 17 19 18 5 6 7 8 15 13 14 16 10 11 9 12 2 4 3 1
6 19 9 16 2 7 0 5 8 11 20 4 13 1 18 14 10 15 17 12 3
8 3
0 14 16 15 13 5 6 7 8 19 18 20 17 4 1 3 2 12 10 9 11
7 10 16 17 4 8 6 0 5 19 1 11 15 13 18 12 2 3 14 9
5 1 9 17 13 0 6 8 7 2 10 20 15 4 14 12 19 3 18 16 11
8 2
2 7 12 13 18 9 16 6 19 20 10 5 15 3 4 0 1 14 17 8 11
11 18 5 3 16 2 14 17 8 12 10 0 9 13 6 20 4 7 1 19 15
8 3
0 14 16 15 13 5 6 7 8 19 18 20 17 4 1 3 2 12 10 9 11
0 19 18 20 17 5 6 7 8 14 16 15 13 12 9 11 10 4 2 1 3
0 20 17 19 18 5 6 7 8 15 13 14 16 10 11 9 12 2 4 3 1
8 2
14 1 18 10 6 5 4 12 19 9 3 20 7 13 0 16 15 17 2 8 11
5 15 2 20 10 0 8 7 6 14 4 19 12 13 9 1 17 16 18 11 3
8 2
0 19 18 20 17 5 6 7 8 14 16 15 13 12 9 11 10 4 2 1 3
6 12 17 3 15 7 0 5 8 18 10 14 1 13 11 4 20 2 9 19 16
8 2
7 10 16 17 4 8 6 0 5 19 1 11 15 13 18 12 2 3 14 9
0 20 17 19 18 5 6 7 8 15 13 14 16 10 11 9 12 2 4 3 1
8 2
11 2 8 14 17 15 19 1 7 10 9 0 12 20 6 4 13 5 16 3 18
9 14 3 7 20 16 2 6 19 0 11 10 12 15 8 18 4 13 17 1 5
9 2
9 19 16 6 2 13 17 1 5 10 0 11 12 8 18 15 4 3 20 7 14
7 17 4 10 16 5 0 6 8 1 19 15 11 13 18 12 2 9 20 3 14
10 2
7 10 16 17 4 8 6 0 5 19 1 11 15 13 18 12 2 3 14 9
8 9 15 18 4 5 7 6 0 1 20 16 12 17 14 2 11 13 3 19 10
12 2
12 16 20 1 8 2 7 13 18 9 10 0 11 6 17 15 3 19 4 14 5
0 7 8 5 6 3 4 1 2 9 10 11 12 20 17 19 18 14 16 15 13
12 2
9 20 7 3 14 5 1 17 13 15 8 18 4 10 12 0 11 2 16 19 6
8 1 20 16 12 5 7 6 0 9 15 18 4 13 19 10 3 17 11 14 2
12 2
7 17 4 10 16 5 0 6 8 1 19 15 11 13 18 12 2 9 20 3 14
0 19 18 20 17 5 6 7 8 14 16 15 13 12 9 11 10 4 2 1 3
12 2
18 3 16 5 11 1 6 10 14 2 12 13 7 4 15 8 9 0 17
0 14 16 15 13 5 6 7 8 19 18 20 17 4 1 3 2 12 10 9 11
12 2
5 14 19 12 4 13 1 17 9 15 10 2 20 0 6 8 7 16 18 11 3
11 14 2 8 17 5 18 16 3 12 10 0 9 19 1 15 7 4 6 13
12 2
0 10 12 11 9 8 5 7 6 19 20 17 18 13 15 16 14 3 2 4 1
0 20 17 19 18 5 6 7 8 15 13 14 16 10 11 9 12 2 4 3 1
12 2
7 17 4 10 16 5 0 6 8 1 19 15 11 13 18 12 2 9 20 3 14
0 20 17 19 18 5 6 7 8 15 13 14 16 10 11 9 12 2 4 3 1
16 4
0 14 16 15 13 5 6 7 8 19 18 20 17 4 1 3 2 12 10 9 11
0 19 18 20 17 5 6 7 8 14 16 15 13 12 9 11 10 4 2 1 3
0 20 17 19 18 5 6 7 8 15 13 14 16 10 11 9 12 2 4 3 1
0 16 14 13 15 5 6 7 8 18 19 17 20 3 2 4 1 11 9 10 12
16 4
0 14 16 15 13 5 6 7 8 19 18 20 17 4 1 3 2 12 10 9 11
7 1 19 15 11 8 6 0 5 16 10 4 17 20 14 3 9 12 18 2 13
5 1 9 17 13 0 6 8 7 2 10 20 15 4 14 12 19 3 18 16 11
7 10 16 17 4 8 6 0 5 19 1 11 15 13 18 12 2 3 14 9
16 2
9 19 2 16 6 13 1 5 17 3 7 14 20 10 11 12 0 8 15 4 18
10 15 2 5 20 1 18 6 14 7 4 17 16 19 8 3 13 11 9 12 0
16 2
16 7 4 10 17 1 20 12 8 11 3 18 5 19 9 2 6 15 14 13 0
15 11 1 19 7 9 4 18 8 0 13 16 14 10 20 5 2 12 6 3 17
16 3
6 11 20 4 13 7 0 5 8 19 9 16 2 15 12 3 17 1 10 18 14
5 15 10 2 20 0 7 6 8 16 11 3 18 14 19 12 4 13 1 17 9
0 20 17 19 18 5 6 7 8 15 13 14 16 10 11 9 12 2 4 3 1
16 2
10 18 14 6 1 15 20 2 5 9 0 12 11 8 19 13 3 4 17 7 16
0 7 8 5 6 3 4 1 2 9 10 11 12 20 17 19 18 14 16 15 13
16 2
18 20 17 0 19 5 16 11 3 10 1 6 14 2 12 13 7 15 8 4 9
8 1 20 16 12 5 7 6 0 9 15 18 4 13 19 10 3 17 11 14 2
16 3
4 13 11 20 6 5 14 19 12 17 16 10 7 1 0 3 2 9 15 8 18
8 9 15 18 4 5 7 6 0 1 20 16 12 17 14 2 11 13 3 19 10
8 1 20 16 12 5 7 6 0 9 15 18 4 13 19 10 3 17 11 14 2
16 2
4 3 2 1 0 10 16 7 17 19 5 14 12 13 11 20 6 8 18 9 15
9 15 18 4 8 0 10 12 11 14 20 3 7 13 5 17 1 16 2 6 19
16 3
8 1 20 16 12 5 7 6 0 9 15 18 4 13 19 10 3 17 11 14 2
14 5 12 19 4 1 6 18 10 17 8 11 2 13 0 16 15 9 7 3
14 1 18 10 6 5 4 12 19 9 3 20 7 13 0 16 15 17 2 8 11
16 3
2 8 17 11 14 12 18 13 7 20 15 10 5 1 4 3 0 16 9 19 6
8 9 15 18 4 5 7 6 0 1 20 16 12 17 14 2 11 13 3 19 10
20 11 6 13 4 5 2 15 10 16 8 1 12 3 14 7 9 18 17 19 0
16 3
4 3 2 1 0 10 16 7 17 19 5 14 12 13 11 20 6 8 18 9 15
0 19 18 20 17 5 6 7 8 14 16 15 13 12 9 11 10 4 2 1 3
5 15 2 20 10 0 8 7 6 14 4 19 12 13 9 1 17 16 18 11 3
16 3
17 20 18 19 0 1 5 9 13 16 10 7 4 8 2 14 11 12 15 3 6
14 11 17 8 2 7 9 20 3 1 10 6 18 19 12 4 5 15 0 13 16
11 18 5 3 16 2 14 17 8 12 10 0 9 13 6 20 4 7 1 19 15
16 3
8 9 15 18 4 5 7 6 0 1 20 16 12 17 14 2 11 13 3 19 10
20 11 6 13 4 5 2 15 10 16 8 1 12 3 14 7 9 18 17 19 0
8 1 20 16 12 5 7 6 0 9 15 18 4 13 19 10 3 17 11 14 2
16 2
18 19 20 0 17 5 11 3 16 4 15 8 9 14 1 10 6 12 7 13 2
8 9 15 18 4 5 7 6 0 1 20 16 12 17 14 2 11 13 3 19 10
18 3
7 10 16 17 4 8 6 0 5 19 1 11 15 13 18 12 2 3 14 9
19 9 2 6 16 13 3 10 8 1 7 11 15 5 14 12 4 17 20 0 18
7 17 4 10 16 5 0 6 8 1 19 15 11 13 18 12 2 9 20 3 14
24 2
16 7 4 10 17 1 20 12 8 11 3 18 5 19 9 2 6 15 14 13 0
0 19 18 20 17 5 6 7 8 14 16 15 13 12 9 11 10 4 2 1 3
24 2
18 19 20 0 17 5 11 3 16 4 15 8 9 14 1 10 6 12 7 13 2
0 19 18 20 17 5 6 7 8 14 16 15 13 12 9 11 10 4 2 1 3
24 3
12 1 8 16 20 18 13 7 2 10 9 11 0 6 17 15 3 14 5 19 4
12 16 20 1 8 2 7 13 18 9 10 0 11 6 17 15 3 19 4 14 5
0 7 8 5 6 3 4 1 2 9 10 11 12 20 17 19 18 14 16 15 13
24 2
16 15 13 0 14 20 8 12 1 10 4 17 7 2 9 6 19 5 18 3 11
14 1 18 10 6 5 4 12 19 9 3 20 7 13 0 16 15 17 2 8 11
24 3
7 10 16 17 4 8 6 0 5 19 1 11 15 13 18 12 2 3 14 9
0 19 18 20 17 5 6 7 8 14 16 15 13 12 9 11 10 4 2 1 3
7 17 4 10 16 5 0 6 8 1 19 15 11 13 18 12 2 9 20 3 14
24 3
4 3 2 1 0 10 16 7 17 19 5 14 12 13 11 20 6 8 18 9 15
0 19 18 20 17 5 6 7 8 14 16 15 13 12 9 11 10 4 2 1 3
0 20 17 19 18 5 6 7 8 15 13 14 16 10 11 9 12 2 4 3 1
32 3
8 4 9 18 15 16 1 20 12 17 2 11 14 7 0 6 5 10 3 13 19
13 8 19 3 10 5 9 17 1 6 4 11 20 0 15 14 16 7 18 2 12
0 7 8 5 6 3 4 1 2 9 10 11 12 20 17 19 18 14 16 15 13
32 3
13 7 2 12 18 5 17 1 9 8 10 19 3 0 16 15 14 6 4 11
8 9 15 18 4 5 7 6 0 1 20 16 12 17 14 2 11 13 3 19 10
11 14 2 8 17 5 18 16 3 12 10 0 9 19 1 15 7 4 6 13
32 3
18 20 17 0 19 5 16 11 3 10 1 6 14 2 12 13 7 15 8 4 9
20 11 6 13 4 5 2 15 10 16 8 1 12 3 14 7 9 18 17 19 0
8 1 20 16 12 5 7 6 0 9 15 18 4 13 19 10 3 17 11 14 2
32 3
14 1 18 10 6 5 4 12 19 9 3 20 7 13 0 16 15 17 2 8 11
5 15 2 20 10 0 8 7 6 14 4 19 12 13 9 1 17 16 18 11 3
14 5 12 19 4 1 6 18 10 17 8 11 2 13 0 16 15 9 7 3
32 3
18 19 20 0 17 5 11 3 16 4 15 8 9 14 1 10 6 12 7 13 2
8 9 15 18 4 5 7 6 0 1 20 16 12 17 14 2 11 13 3 19 10
13 7 2 12 18 5 17 1 9 8 10 19 3 0 16 15 14 6 4 11
36 2
16 14 0 13 15 7 17 4 10 20 8 12 1 3 11 5 18 9 2 19 6
0 1 2 3 4 19 20 17 18 15 16 13 14 11 12 9 10 7 8 5 6
36 2
3 10 13 8 19 17 6 15 12 4 1 2 0 16 18 5 11 7 14 20 9
3 2 1 0 4 15 17 6 12 5 11 16 18 10 8 19 13 20 14 9 7
36 2
18 19 20 0 17 5 11 3 16 4 15 8 9 14 1 10 6 12 7 13 2
17 1 13 5 9 3 6 12 15 4 10 16 7 2 14 8 11 0 18 20 19
48 3
7 17 4 10 16 5 0 6 8 1 19 15 11 13 18 12 2 9 20 3 14
0 19 18 20 17 5 6 7 8 14 16 15 13 12 9 11 10 4 2 1 3
0 20 17 19 18 5 6 7 8 15 13 14 16 10 11 9 12 2 4 3 1
48 3
7 17 4 10 16 5 0 6 8 1 19 15 11 13 18 12 2 9 20 3 14
8 1 20 16 12 5 7 6 0 9 15 18 4 13 19 10 3 17 11 14 2
8 9 15 18 4 5 7 6 0 1 20 16 12 17 14 2 11 13 3 19 10
48 2
9 20 7 3 14 5 1 17 13 15 8 18 4 10 12 0 11 2 16 19 6
16 14 0 13 15 7 17 4 10 20 8 12 1 3 11 5 18 9 2 19 6
48 2
7 17 4 10 16 5 0 6 8 1 19 15 11 13 18 12 2 9 20 3 14
6 19 9 16 2 7 0 5 8 11 20 4 13 1 18 14 10 15 17 12 3
48 2
11 7 1 19 15 12 0 9 10 2 8 14 17 13 6 20 4 18 5 3 16
7 17 4 10 16 5 0 6 8 1 19 15 11 13 18 12 2 9 20 3 14
64 4
4 3 2 1 0 10 16 7 17 19 5 14 12 13 11 20 6 8 18 9 15
9 15 18 4 8 0 10 12 11 14 20 3 7 13 5 17 1 16 2 6 19
5 15 2 20 10 0 8 7 6 14 4 19 12 13 9 1 17 16 18 11 3
14 5 12 19 4 1 6 18 10 17 8 11 2 13 0 16 15 9 7 3
72 2
13 7 18 2 12 17 9 1 5 4 20 11 6 10 3 19 8 16 14 15 0
0 16 14 13 15 6 5 8 7 19 18 20 17 2 3 1 4 9 11 12 10
96 4
7 10 16 17 4 8 6 0 5 19 1 11 15 13 18 12 2 3 14 9
0 19 18 20 17 5 6 7 8 14 16 15 13 12 9 11 10 4 2 1 3
0 20 17 19 18 5 6 7 8 15 13 14 16 10 11 9 12 2 4 3 1
7 17 4 10 16 5 0 6 8 1 19 15 11 13 18 12 2 9 20 3 14
96 3
13 7 2 12 18 5 17 1 9 8 10 19 3 0 16 15 14 6 4 11
8 1 20 16 12 5 7 6 0 9 15 18 4 13 19 10 3 17 11 14 2
13 8 19 3 10 5 9 17 1 6 4 11 20 0 15 14 16 7 18 2 12
192 3
7 17 4 10 16 5 0 6 8 1 19 15 11 13 18 12 2 9 20 3 14
6 19 9 16 2 7 0 5 8 11 20 4 13 1 18 14 10 15 17 12 3
6 12 17 3 15 7 0 5 8 18 10 14 1 13 11 4 20 2 9 19 16
