178920 72
21 28 40 42 45 56 63 84 90 105 120 126 140 142 168 180 210 213 252 280 284 315 420
2
0 1 70 71 2 3 4 5 6 7 8 9 10 11 12 13 14 15 16 17 18 19 20 21 22 23 24 25 26 27 28 29 30 31 32 33 34 35 36 37 38 39 40 41 42 43 44 45 46 47 48 49 50 51 52 53 54 55 56 57 58 59 60 61 62 63 64 65 66 67 68 69
1 37 31 19 45 41 34 56 11 53 24 57 16 7 9 39 48 63 67 54 55 65 15 28 42 23 58 4 25 70 5 43 50 69 36 59 6 0 40 22 68 30 10 2 33 27 51 29 12 46 64 49 35 14 3 71 13 8 62 52 21 18 26 66 32 60 17 61 38 44 47 20
33
2 1
63 50 49 58 44 70 48 67 25 47 62 13 19 11 22 71 52 23 35 12 26 29 14 17 31 8 20 61 42 21 32 24 30 51 66 18 46 65 43 69 55 64 28 38 4 54 36 9 6 2 1 33 16 56 45 40 53 60 3 68 57 27 10 0 41 37 34 7 59 39 5 15
3 1
48 35 70 34 43 29 55 33 52 10 32 47 68 4 66 7 56 37 8 20 67 11 14 69 2 16 63 5 46 27 6 17 9 15 36 51 3 31 50 28 54 40 49 13 23 59 39 21 64 61 57 1 18 71 41 30 25 38 45 58 53 42 12 65 0 26 22 19 62 44 24 60
4 1
51 11 58 70 43 21 44 52 24 68 37 39 34 30 61 2 29 53 0 40 50 55 54 5 6 35 69 14 47 26 3 20 65 31 67 42 59 36 15 48 63 27 56 57 8 7 12 22 1 9 33 60 71 32 28 23 25 64 38 10 18 41 19 62 4 17 49 46 66 16 13 45
4 2
50 5 21 37 17 1 31 15 67 62 56 41 16 25 44 7 12 4 52 60 26 2 55 28 49 13 20 32 23 35 42 6 27 70 53 29 65 3 51 43 48 11 30 39 14 69 63 58 40 24 0 38 18 34 57 22 10 54 47 61 19 59 9 46 66 36 64 8 71 45 33 68
16 38 46 49 42 51 71 29 52 32 28 64 50 58 20 35 0 30 67 39 14 63 45 56 37 47 44 62 10 7 17 68 9 61 40 15 57 24 1 19 34 66 4 60 26 22 2 25 53 3 12 5 8 48 65 69 23 36 13 70 43 33 27 21 11 54 41 18 31 55 59 6
4 2
71 44 24 49 51 36 10 69 57 40 6 28 15 56 52 12 26 34 60 29 50 43 67 48 2 65 16 55 11 19 33 63 59 30 17 39 5 58 46 35 9 64 66 21 1 61 38 53 23 3 20 4 14 47 70 27 13 8 37 32 18 45 68 31 41 25 42 22 62 7 54 0
23 9 52 29 26 64 28 15 18 1 11 10 69 53 24 7 51 25 8 49 33 22 21 0 14 17 4 38 6 3 50 54 39 20 65 59 41 68 27 32 44 36 45 67 40 42 55 56 71 19 30 16 2 13 31 46 47 60 62 35 57 66 58 70 5 34 61 43 37 12 63 48
5 1
34 26 50 48 41 45 1 61 47 8 65 52 13 69 0 15 19 12 10 42 49 24 39 4 54 25 64 28 23 40 22 3 31 7 44 71 17 9 70 5 2 27 67 68 46 30 14 62 63 33 58 55 60 51 43 59 16 53 29 57 38 20 37 32 66 35 6 56 21 36 11 18
6 1
68 57 59 32 20 35 23 66 65 34 0 51 15 6 52 53 56 19 71 30 24 17 12 33 10 26 39 70 41 9 27 5 62 58 44 64 8 48 13 18 37 42 7 47 61 11 67 63 50 28 46 14 55 16 29 45 22 43 38 31 25 54 36 69 2 3 49 40 4 1 21 60
6 2
14 9 27 24 33 35 43 25 46 1 38 23 70 55 0 47 68 50 58 60 69 66 42 11 3 7 52 2 45 36 31 30 59 4 61 5 29 40 10 44 37 67 22 6 39 28 8 15 65 54 17 71 26 56 49 13 53 64 18 32 19 34 63 62 57 48 21 41 16 20 12 51
36 5 58 61 40 1 21 64 60 69 52 19 49 57 63 24 56 26 65 11 35 6 30 46 15 55 17 48 54 62 22 59 42 51 47 20 0 71 50 53 4 66 32 67 68 70 23 34 27 12 38 33 10 39 28 25 16 13 2 31 8 3 29 14 7 18 41 43 44 9 45 37
6 2
59 51 53 48 65 47 28 56 32 69 26 42 34 25 30 27 52 22 23 71 55 39 17 18 58 13 10 15 6 68 14 41 8 54 12 63 45 62 57 21 60 31 11 46 61 36 43 5 3 66 70 1 16 2 33 20 7 38 24 0 40 44 37 35 67 4 49 64 29 9 50 19
61 25 28 32 41 11 63 55 43 31 23 5 45 54 58 39 26 21 52 42 62 17 27 10 66 1 16 22 2 36 49 9 3 51 68 53 29 56 40 15 38 4 19 8 67 12 48 71 46 30 57 33 18 35 13 7 37 50 14 64 70 0 20 6 59 69 24 44 34 65 60 47
7 1
37 25 26 45 44 14 2 16 53 63 8 28 49 11 35 70 59 40 57 15 24 6 50 23 29 31 33 39 12 56 38 47 5 22 3 62 27 51 13 34 54 69 9 46 60 48 18 17 36 30 21 4 64 61 1 43 7 52 65 20 66 42 67 10 55 19 0 71 68 58 41 32
8 2
58 15 22 27 41 14 61 28 18 34 17 37 67 52 5 1 35 10 8 23 49 60 2 19 53 31 44 3 7 47 33 25 69 30 9 16 62 11 57 64 43 4 48 40 26 66 70 29 42 20 54 71 13 24 50 65 63 38 0 68 21 6 36 56 39 55 45 12 59 32 46 51
3 65 38 0 54 58 51 49 11 18 63 8 43 23 64 33 67 62 9 61 42 70 46 13 40 56 48 39 44 41 66 36 37 15 69 53 31 32 2 27 24 29 20 12 28 55 22 68 26 7 59 6 71 35 4 45 25 60 5 50 57 19 17 10 14 1 30 16 47 34 21 52
9 1
19 47 45 39 41 59 69 57 64 51 36 20 60 53 43 8 33 58 23 13 6 46 30 15 2 9 67 7 25 27 21 71 52 5 49 50 42 0 63 12 29 70 48 10 32 11 31 22 4 28 26 68 40 38 62 44 35 55 34 56 18 66 37 54 3 1 24 16 17 61 14 65
10 2
3 60 20 0 51 47 44 17 69 49 15 25 59 68 54 10 58 7 35 57 2 23 29 21 32 11 62 33 45 22 36 39 24 27 41 18 30 71 52 31 42 34 40 61 6 28 56 5 53 9 65 4 38 48 14 64 46 19 16 12 1 43 26 66 55 50 63 70 13 8 67 37
3 65 38 0 54 58 51 49 11 18 63 8 43 23 64 33 67 62 9 61 42 70 46 13 40 56 48 39 44 41 66 36 37 15 69 53 31 32 2 27 24 29 20 12 28 55 22 68 26 7 59 6 71 35 4 45 25 60 5 50 57 19 17 10 14 1 30 16 47 34 21 52
12 1
59 25 64 10 35 12 46 31 42 53 38 2 49 4 20 63 17 32 15 37 43 13 70 36 56 50 1 30 44 61 51 26 6 16 55 60 3 22 18 9 39 57 65 7 19 27 45 5 66 62 11 24 29 68 8 58 33 23 40 54 0 34 28 48 14 71 41 47 69 52 67 21
12 2
61 31 32 24 71 23 50 38 25 63 66 46 26 29 67 54 42 69 21 68 60 18 44 5 3 8 12 51 40 13 59 1 2 62 57 58 37 36 7 43 28 65 16 39 22 47 11 45 70 53 6 27 64 49 15 56 55 34 35 30 20 0 33 9 52 41 10 14 19 17 48 4
69 50 0 12 10 66 59 42 26 17 45 41 62 71 58 70 52 65 33 34 6 22 24 56 21 18 44 19 30 5 31 28 63 25 27 43 15 16 54 67 49 61 48 57 8 4 32 23 7 60 53 39 37 1 64 13 47 35 68 20 40 11 3 46 38 9 29 51 14 2 36 55
12 2
67 55 0 31 28 18 71 62 56 5 4 44 32 46 13 23 38 58 9 41 65 30 19 70 17 45 54 36 10 53 59 61 63 69 42 16 68 7 35 52 33 22 57 11 43 64 14 29 39 6 20 8 48 47 66 60 51 34 24 21 1 3 37 12 25 50 26 2 27 40 15 49
63 6 58 69 29 46 1 15 19 22 49 67 17 51 41 7 68 12 56 8 59 31 9 64 43 37 45 34 55 4 33 21 44 30 27 42 39 25 48 36 65 14 35 24 32 26 5 60 38 10 61 13 57 71 62 28 18 52 2 20 47 50 54 0 23 40 70 11 16 3 66 53
12 2
69 4 13 28 1 36 15 33 25 23 14 17 41 2 10 6 31 11 38 47 52 53 24 9 22 8 54 43 3 39 46 16 61 7 44 55 5 68 18 29 66 12 57 27 34 70 30 19 65 51 64 49 20 21 26 35 62 42 67 63 71 32 56 59 50 48 40 58 37 0 45 60
57 61 14 29 70 13 39 55 50 42 69 71 25 5 2 33 52 56 67 45 21 20 54 36 59 12 64 28 27 3 51 62 66 15 46 43 23 47 49 6 68 63 9 35 48 19 34 37 44 38 8 30 16 60 22 7 17 0 65 24 53 1 31 41 26 58 32 18 40 10 4 11
12 2
53 3 10 1 25 33 26 61 19 67 2 36 39 35 29 71 56 44 69 8 45 43 24 51 22 4 6 42 63 14 50 52 34 5 32 13 11 48 57 12 70 55 27 21 17 20 54 59 37 65 30 23 31 0 46 41 16 38 68 47 64 7 66 28 60 49 62 9 58 18 40 15
48 60 32 22 7 57 36 4 50 15 26 45 28 70 61 9 35 62 56 54 52 46 3 29 47 38 10 63 12 23 58 34 2 51 31 16 6 39 25 37 67 68 49 55 64 11 21 24 0 42 8 33 20 65 19 43 18 5 30 66 1 14 17 27 44 53 59 40 41 71 13 69
14 2
3 60 20 0 51 47 44 17 69 49 15 25 59 68 54 10 58 7 35 57 2 23 29 21 32 11 62 33 45 22 36 39 24 27 41 18 30 71 52 31 42 34 40 61 6 28 56 5 53 9 65 4 38 48 14 64 46 19 16 12 1 43 26 66 55 50 63 70 13 8 67 37
38 60 34 27 30 70 17 21 45 58 35 22 65 55 49 43 33 6 63 40 53 7 11 28 68 71 64 3 23 51 4 54 50 16 2 10 42 57 0 52 19 61 36 15 67 8 59 69 66 14 32 29 39 20 31 13 62 37 9 46 1 41 56 18 26 12 48 44 24 47 5 25
18 1
54 66 3 4 55 61 70 17 27 30 0 48 14 39 26 71 25 49 24 11 36 2 1 20 23 33 50 59 65 46 47 7 19 5 38 28 13 63 42 10 56 21 32 51 34 6 67 15 41 68 62 60 58 52 9 35 53 44 16 69 18 29 64 40 8 57 37 22 12 45 31 43
18 2
36 5 58 61 40 1 21 64 60 69 52 19 49 57 63 24 56 26 65 11 35 6 30 46 15 55 17 48 54 62 22 59 42 51 47 20 0 71 50 53 4 66 32 67 68 70 23 34 27 12 38 33 10 39 28 25 16 13 2 31 8 3 29 14 7 18 41 43 44 9 45 37
23 15 21 55 24 65 45 10 25 70 7 39 37 30 34 1 50 36 67 54 41 2 58 0 4 8 71 69 31 38 13 28 63 43 14 53 17 12 29 11 62 20 66 33 60 6 68 59 64 61 16 56 57 35 19 3 51 52 22 47 44 49 40 32 48 5 42 18 46 27 9 26
18 2
3 60 20 0 51 47 44 17 69 49 15 25 59 68 54 10 58 7 35 57 2 23 29 21 32 11 62 33 45 22 36 39 24 27 41 18 30 71 52 31 42 34 40 61 6 28 56 5 53 9 65 4 38 48 14 64 46 19 16 12 1 43 26 66 55 50 63 70 13 8 67 37
41 5 7 60 46 1 66 2 52 16 29 59 53 31 48 33 9 36 20 65 18 54 69 58 47 62 28 51 26 10 37 13 68 15 63 57 17 30 64 44 50 0 70 56 39 49 4 24 14 45 40 27 8 12 21 61 43 35 23 11 3 55 25 34 38 19 6 71 32 22 42 67
24 2
28 58 12 46 61 24 3 50 67 42 8 44 19 36 13 62 25 40 4 33 34 55 54 59 69 1 56 10 37 48 9 5 70 2 41 15 57 65 18 66 39 51 64 26 23 43 63 60 22 35 47 20 68 21 29 71 45 14 16 11 7 38 49 6 30 0 17 27 32 31 52 53
18 5 34 31 27 1 58 41 11 70 65 8 15 28 23 12 52 35 0 66 62 59 32 14 64 30 40 4 13 69 25 3 22 50 2 17 38 44 36 47 26 7 48 60 37 51 54 39 42 56 33 45 16 67 46 57 49 55 6 21 43 71 20 68 24 10 19 53 63 29 9 61
24 2
53 45 26 63 20 36 28 19 24 21 46 16 17 65 49 33 11 12 52 7 4 9 70 62 8 35 2 48 6 57 39 56 51 15 54 25 5 40 55 30 37 69 67 60 64 1 10 66 27 14 71 32 18 0 34 38 31 29 61 68 43 58 23 3 44 13 47 42 59 41 22 50
40 15 17 39 47 42 9 60 51 6 21 27 32 50 66 1 52 2 56 33 68 10 36 43 29 71 31 11 44 24 54 26 12 19 45 57 22 69 53 3 0 59 5 23 28 34 49 4 65 46 13 8 16 38 30 64 18 35 62 41 7 70 58 67 55 48 14 63 20 37 61 25
24 2
57 36 52 5 68 3 63 33 45 64 70 38 55 23 29 48 60 30 20 25 18 41 39 13 58 19 66 67 47 14 17 43 53 7 56 69 1 59 11 22 61 21 49 31 51 8 65 28 15 42 62 44 2 32 71 12 34 0 24 37 16 40 50 6 9 46 26 27 4 35 10 54
52 12 22 45 53 25 69 38 40 35 31 62 3 30 54 0 41 51 56 55 6 7 36 70 15 48 27 4 21 66 32 68 43 60 37 16 49 64 28 57 58 9 8 13 23 1 10 34 61 2 33 29 24 26 65 39 11 19 42 20 63 5 18 50 47 67 17 14 46 59 71 44
35 1
25 24 14 4 11 10 43 59 8 3 49 19 56 17 5 57 71 7 1 0 42 48 62 44 32 63 30 70 46 41 60 6 39 38 45 35 26 12 29 40 34 55 27 16 54 58 66 67 50 47 18 21 51 13 36 68 28 31 2 69 52 53 61 65 33 22 64 15 9 20 37 23
36 1
55 50 1 9 64 41 26 0 18 39 21 29 31 40 37 13 52 44 48 23 43 16 7 2 71 30 45 32 46 70 11 51 15 8 38 63 47 10 69 49 56 36 25 58 42 67 27 20 54 24 35 59 3 60 5 34 33 28 19 62 12 57 61 53 22 68 65 4 6 14 66 17
36 2
63 27 62 49 30 34 43 13 65 57 45 33 25 7 47 56 60 41 28 23 54 44 64 19 29 12 68 1 18 24 4 38 51 11 5 53 70 55 31 58 42 17 40 6 21 10 69 14 50 3 48 32 59 35 20 37 15 9 39 52 16 66 2 0 22 8 61 71 26 46 36 67
65 60 47 23 62 54 58 33 53 26 17 12 11 40 55 42 56 10 21 61 25 18 48 3 57 20 9 59 66 46 35 68 52 7 37 30 64 34 45 69 13 70 15 44 43 38 29 2 22 67 71 63 32 8 5 14 16 24 6 27 1 19 4 51 36 0 28 49 31 39 41 50
36 2
53 69 14 47 51 49 57 60 44 36 19 13 22 11 2 29 43 18 17 10 52 58 12 37 54 56 61 66 68 15 40 64 70 42 35 34 9 23 50 41 30 39 33 16 8 62 65 3 71 5 38 4 20 0 24 63 25 6 21 67 7 26 45 55 31 46 27 59 28 1 32 48
58 15 22 27 41 14 61 28 18 34 17 37 67 52 5 1 35 10 8 23 49 60 2 19 53 31 44 3 7 47 33 25 69 30 9 16 62 11 57 64 43 4 48 40 26 66 70 29 42 20 54 71 13 24 50 65 63 38 0 68 21 6 36 56 39 55 45 12 59 32 46 51
60 2
22 48 55 24 17 69 34 51 47 65 35 5 23 19 36 71 53 46 15 52 27 59 32 42 29 8 50 64 61 3 54 30 0 2 63 37 39 10 57 14 21 44 12 45 66 70 4 25 58 26 49 56 13 60 31 33 7 68 1 40 16 67 9 6 20 62 41 28 38 11 43 18
63 50 49 58 44 70 48 67 25 47 62 13 19 11 22 71 52 23 35 12 26 29 14 17 31 8 20 61 42 21 32 24 30 51 66 18 46 65 43 69 55 64 28 38 4 54 36 9 6 2 1 33 16 56 45 40 53 60 3 68 57 27 10 0 41 37 34 7 59 39 5 15
60 2
49 56 39 10 54 21 26 6 4 37 44 27 58 40 59 46 65 47 8 61 68 31 29 9 14 51 25 66 24 34 42 32 36 35 12 60 5 16 41 33 57 13 67 18 20 62 0 53 28 55 50 7 52 1 43 15 17 38 22 48 2 64 19 30 45 23 70 69 3 63 71 11
63 50 49 58 44 70 48 67 25 47 62 13 19 11 22 71 52 23 35 12 26 29 14 17 31 8 20 61 42 21 32 24 30 51 66 18 46 65 43 69 55 64 28 38 4 54 36 9 6 2 1 33 16 56 45 40 53 60 3 68 57 27 10 0 41 37 34 7 59 39 5 15
70 2
69 4 13 28 1 36 15 33 25 23 14 17 41 2 10 6 31 11 38 47 52 53 24 9 22 8 54 43 3 39 46 16 61 7 44 55 5 68 18 29 66 12 57 27 34 70 30 19 65 51 64 49 20 21 26 35 62 42 67 63 71 32 56 59 50 48 40 58 37 0 45 60
40 15 17 39 47 42 9 60 51 6 21 27 32 50 66 1 52 2 56 33 68 10 36 43 29 71 31 11 44 24 54 26 12 19 45 57 22 69 53 3 0 59 5 23 28 34 49 4 65 46 13 8 16 38 30 64 18 35 62 41 7 70 58 67 55 48 14 63 20 37 61 25
71 1
65 57 61 45 23 24 64 19 16 21 12 4 20 47 14 60 18 69 51 68 63 27 66 37 17 52 67 42 49 11 9 2 6 1 22 8 39 26 13 44 30 0 46 50 43 41 3 10 55 70 35 15 56 25 59 54 71 53 34 62 38 5 32 48 40 31 36 33 58 28 29 7
