976500 126
28 35 36 45 70 75 84 90 93 100 105 140 150 175 180 186 210 217 225 279 300 315 350 372 375 420 434 450 465 500 525 558 620 651 700 750 868 875 900 930
2
0 1 124 34 64 94 125 2 6 7 8 9 10 11 12 13 14 15 16 17 18 19 20 21 22 23 24 25 26 27 28 29 30 31 32 33 35 3 36 37 38 39 40 41 42 43 44 45 46 47 48 49 50 51 52 53 54 55 56 57 58 59 60 61 62 63 65 4 66 67 68 69 70 71 72 73 74 75 76 77 78 79 80 81 82 83 84 85 86 87 88 89 90 91 92 93 95 5 96 97 98 99 100 101 102 103 104 105 106 107 108 109 110 111 112 113 114 115 116 117 118 119 120 121 122 123
1 4 3 5 0 2 93 117 56 102 81 51 7 90 124 82 67 99 96 33 17 42 18 84 61 9 44 62 55 122 23 63 114 85 13 113 40 6 125 15 60 118 73 31 66 10 98 108 27 116 121 74 24 16 28 54 72 80 89 75 36 52 48 43 115 87 26 53 100 104 107 91 8 21 11 123 103 76 64 70 120 45 39 69 30 19 50 105 68 110 34 95 49 37 38 71 22 41 112 20 88 47 25 77 83 65 29 79 101 35 58 32 46 109 111 78 92 12 97 14 57 86 106 59 119 94
25
2 1
15 43 61 125 66 110 122 109 56 86 10 78 94 63 90 0 65 81 84 30 77 103 105 54 76 58 120 124 106 39 19 72 55 59 121 102 73 75 101 29 95 97 114 1 89 116 85 100 48 93 123 69 57 118 23 32 8 52 25 33 62 2 60 13 104 16 4 107 83 51 92 111 31 36 115 37 24 20 11 98 99 17 88 68 18 46 9 108 82 44 14 96 70 49 12 40 91 41 79 80 47 38 35 21 64 22 28 67 87 7 5 71 113 112 42 74 45 119 53 117 26 34 6 50 27 3
3 1
27 32 26 50 11 76 2 113 16 68 101 18 90 89 40 77 110 42 4 53 33 48 124 38 61 87 6 70 19 60 24 34 75 123 93 45 84 62 43 122 65 78 73 23 54 116 109 98 58 83 102 12 66 28 81 22 7 67 21 64 85 30 88 104 79 14 120 106 71 82 0 9 41 17 49 1 96 107 72 59 47 44 99 74 91 29 94 115 37 111 51 36 97 31 112 46 5 121 80 69 63 125 3 105 100 114 57 15 117 95 8 13 86 56 103 25 35 119 39 108 52 92 118 20 55 10
4 2
92 4 50 72 1 44 61 116 35 40 67 79 87 55 43 18 56 118 15 22 39 101 19 114 102 70 78 90 117 123 41 96 107 73 49 8 106 110 68 20 9 30 60 14 5 88 104 120 57 34 2 121 86 111 93 13 16 48 91 75 42 6 113 63 77 103 99 10 38 112 25 105 3 33 81 59 83 64 26 11 94 74 98 76 125 122 52 12 45 119 27 58 0 54 80 95 31 115 82 66 109 21 24 65 46 71 36 32 124 100 37 53 69 62 23 97 7 28 17 89 47 51 85 29 108 84
87 64 30 61 77 34 72 110 62 114 91 32 92 28 105 75 45 123 59 119 60 36 89 40 78 121 102 97 13 118 2 81 11 122 5 113 21 116 103 42 23 50 39 71 49 16 46 112 125 44 41 70 98 124 76 117 88 84 67 18 20 3 8 95 1 68 94 58 65 120 51 43 6 85 96 15 54 4 24 107 99 31 86 93 57 73 82 0 56 22 115 10 12 83 66 63 74 27 52 80 109 106 26 38 104 14 101 79 111 100 7 108 47 35 9 90 37 55 29 19 69 25 33 17 53 48
5 1
91 49 19 122 27 77 69 97 93 61 4 74 79 47 42 70 121 86 35 114 71 81 80 17 118 36 38 76 20 9 99 107 0 94 67 92 110 31 66 112 89 39 55 111 56 34 63 3 90 25 43 5 102 98 15 78 32 16 8 83 2 53 75 95 58 24 119 12 13 117 88 52 23 6 7 21 113 116 82 45 65 87 14 57 11 124 108 62 125 41 37 44 96 115 50 104 106 84 29 85 100 51 28 73 109 30 18 48 72 46 1 33 40 10 120 64 101 103 22 123 60 59 68 26 105 54
6 2
80 29 107 63 78 66 44 71 9 8 12 14 10 42 11 91 119 60 94 50 104 33 70 48 79 62 36 41 32 1 85 43 28 21 74 75 26 101 87 55 117 27 13 31 6 52 73 84 23 92 19 121 45 120 69 39 109 64 108 90 17 86 25 3 57 102 5 82 112 54 22 7 83 46 34 35 88 81 4 24 0 77 67 72 47 30 61 38 76 125 59 15 49 110 18 97 98 95 96 100 99 37 65 122 20 105 114 2 58 56 93 116 68 118 106 123 111 40 113 16 53 51 103 115 124 89
52 66 2 69 50 30 48 16 88 95 25 115 60 121 32 65 7 62 81 55 47 42 120 89 109 10 72 82 123 85 5 110 14 51 90 80 92 100 84 78 79 61 21 73 125 75 93 20 6 83 4 33 0 68 103 19 117 101 77 106 12 41 17 122 99 15 1 86 53 3 112 98 26 43 114 45 97 58 39 40 35 18 27 49 38 29 67 104 8 23 34 116 36 46 108 9 119 76 71 64 37 57 111 54 87 118 59 124 94 24 31 102 70 113 74 11 91 56 105 96 22 13 63 28 107 44
7 1
108 74 40 14 42 106 21 99 27 91 64 63 20 78 46 8 82 84 81 33 102 50 1 13 35 87 4 7 110 70 68 123 69 44 29 77 53 17 62 121 45 9 48 105 34 18 113 60 114 112 72 55 117 5 28 49 0 12 80 30 101 98 100 54 16 104 120 119 92 3 83 41 22 11 6 79 67 94 36 2 109 75 88 19 116 90 97 15 65 59 125 38 39 32 52 61 86 111 37 25 71 96 76 122 10 31 23 24 58 124 118 47 85 93 66 43 95 107 73 57 26 89 115 103 56 51
9 1
82 110 100 19 72 43 73 117 94 102 7 68 56 123 33 77 25 40 9 36 0 11 28 31 96 24 50 52 121 23 125 66 70 53 106 86 122 2 67 49 71 20 22 48 5 41 44 61 1 3 63 32 47 115 39 69 16 124 65 90 98 75 119 92 99 8 6 80 51 83 13 12 54 30 118 38 58 97 103 62 104 91 87 78 45 46 84 35 15 85 113 76 55 29 111 81 17 116 79 107 57 37 108 26 27 114 105 101 88 10 89 95 14 34 74 42 18 60 59 109 21 112 4 120 64 93
10 2
34 51 40 103 93 110 13 48 27 108 115 37 56 6 28 16 15 53 87 112 82 92 38 98 119 116 80 8 14 72 33 84 67 30 0 81 77 11 22 114 2 120 102 85 79 91 63 73 7 101 124 1 55 17 121 52 12 70 76 125 89 86 106 46 113 123 118 32 69 68 57 78 29 47 90 96 58 36 71 44 26 35 20 88 31 43 61 18 83 60 74 45 21 4 105 109 75 107 23 111 100 49 42 3 104 94 62 97 9 95 5 99 19 64 39 10 25 122 66 24 41 54 117 65 50 59
45 101 112 117 8 36 68 107 4 86 93 90 44 73 102 57 54 61 81 39 78 35 26 53 66 77 22 58 82 108 111 97 34 105 32 21 5 84 118 19 60 114 52 99 12 0 46 103 74 116 85 110 42 23 16 71 67 15 27 88 40 17 96 109 76 119 24 56 6 122 83 55 98 13 48 92 64 25 20 91 123 18 28 70 37 50 9 106 59 120 11 79 75 10 124 104 62 31 72 43 100 1 14 47 95 33 87 7 29 63 51 30 2 115 41 113 49 3 38 65 89 125 69 80 94 121
12 2
27 32 26 50 11 76 2 113 16 68 101 18 90 89 40 77 110 42 4 53 33 48 124 38 61 87 6 70 19 60 24 34 75 123 93 45 84 62 43 122 65 78 73 23 54 116 109 98 58 83 102 12 66 28 81 22 7 67 21 64 85 30 88 104 79 14 120 106 71 82 0 9 41 17 49 1 96 107 72 59 47 44 99 74 91 29 94 115 37 111 51 36 97 31 112 46 5 121 80 69 63 125 3 105 100 114 57 15 117 95 8 13 86 56 103 25 35 119 39 108 52 92 118 20 55 10
87 64 30 61 77 34 72 110 62 114 91 32 92 28 105 75 45 123 59 119 60 36 89 40 78 121 102 97 13 118 2 81 11 122 5 113 21 116 103 42 23 50 39 71 49 16 46 112 125 44 41 70 98 124 76 117 88 84 67 18 20 3 8 95 1 68 94 58 65 120 51 43 6 85 96 15 54 4 24 107 99 31 86 93 57 73 82 0 56 22 115 10 12 83 66 63 74 27 52 80 109 106 26 38 104 14 101 79 111 100 7 108 47 35 9 90 37 55 29 19 69 25 33 17 53 48
14 2
2 92 0 115 112 83 30 97 47 119 116 118 71 34 122 60 17 16 109 53 100 59 39 29 24 96 85 111 54 23 6 93 105 36 13 107 33 82 76 22 56 57 49 69 78 124 103 8 55 42 89 114 94 19 28 48 40 41 75 21 15 65 102 110 84 61 125 91 74 43 106 12 121 73 68 58 38 117 44 108 81 80 37 5 64 26 99 101 98 50 120 67 1 31 52 104 25 7 88 86 20 87 62 46 95 32 70 35 79 18 63 27 4 123 51 3 10 77 11 9 90 72 14 113 45 66
81 59 109 123 51 34 121 101 86 102 37 54 38 19 31 97 61 104 108 13 91 39 30 33 52 47 55 96 73 53 22 14 122 23 5 94 70 10 12 21 80 76 125 113 106 58 105 25 90 120 92 4 24 29 11 26 75 62 45 1 99 16 57 63 98 84 112 71 72 103 36 67 68 28 89 56 41 77 83 124 40 0 95 78 65 114 8 111 116 74 48 20 50 115 35 82 27 15 64 60 119 7 9 69 17 46 44 117 18 2 118 87 66 43 85 93 88 107 110 100 49 6 32 3 79 42
18 2
41 43 101 39 36 46 31 109 58 116 119 120 40 32 121 108 12 24 97 49 45 123 115 93 16 56 78 80 42 125 6 29 68 112 90 82 3 107 61 72 96 84 53 44 85 86 89 27 5 54 103 11 104 14 4 63 71 2 91 74 7 52 98 26 57 76 23 75 21 92 51 17 122 66 105 47 81 88 69 60 38 111 20 55 35 110 87 0 102 1 118 95 50 30 65 94 25 15 117 124 37 99 18 83 67 34 113 64 9 62 48 8 28 59 106 33 77 10 114 79 13 22 19 70 100 73
52 66 2 69 50 30 48 16 88 95 25 115 60 121 32 65 7 62 81 55 47 42 120 89 109 10 72 82 123 85 5 110 14 51 90 80 92 100 84 78 79 61 21 73 125 75 93 20 6 83 4 33 0 68 103 19 117 101 77 106 12 41 17 122 99 15 1 86 53 3 112 98 26 43 114 45 97 58 39 40 35 18 27 49 38 29 67 104 8 23 34 116 36 46 108 9 119 76 71 64 37 57 111 54 87 118 59 124 94 24 31 102 70 113 74 11 91 56 105 96 22 13 63 28 107 44
21 1
77 90 56 115 121 74 51 37 61 65 101 69 87 50 43 95 86 20 58 42 15 55 85 21 45 84 39 98 46 120 70 11 103 48 66 18 22 12 10 33 0 88 89 118 114 108 105 62 59 53 49 78 79 1 14 36 35 25 52 29 100 119 64 3 96 47 68 7 83 122 26 82 112 32 125 109 27 81 72 124 117 80 97 4 102 106 9 116 111 34 23 104 19 123 75 67 41 91 57 17 16 71 8 54 60 73 6 40 94 107 113 38 5 31 30 110 76 2 93 99 92 44 28 63 24 13
25 2
58 45 121 33 105 90 98 100 110 83 106 35 16 71 99 38 88 14 66 7 52 13 109 53 23 103 10 26 108 54 63 11 18 55 37 69 29 2 19 24 101 112 31 116 12 60 67 61 94 44 78 118 119 64 6 81 75 62 8 95 41 28 22 96 39 104 25 59 9 42 3 43 91 107 72 111 122 79 84 97 74 70 34 4 48 85 92 40 49 115 77 93 120 80 50 114 51 5 36 89 15 65 124 32 87 68 117 20 113 123 125 102 1 47 46 17 21 27 30 73 76 82 86 57 56 0
19 23 30 47 18 4 3 48 100 103 8 45 109 20 43 50 123 71 87 84 44 107 115 102 111 101 58 0 2 81 36 1 104 61 51 60 55 118 78 75 91 39 112 119 22 53 117 34 59 62 114 6 12 124 70 28 120 99 7 26 64 37 89 29 56 80 40 27 25 41 113 52 5 88 97 76 69 68 46 9 79 108 96 32 67 85 31 72 57 21 105 90 11 77 95 10 54 83 33 116 94 93 86 65 74 66 110 49 121 17 15 122 24 82 106 13 73 125 98 16 35 63 42 14 92 38
31 1
80 8 103 5 19 82 6 9 102 98 38 23 24 34 51 121 90 84 33 115 123 114 53 87 48 41 28 0 58 29 92 70 97 15 76 20 69 57 83 49 16 14 89 35 85 63 107 52 109 62 59 44 30 27 99 36 101 26 124 54 120 74 72 39 2 32 113 68 12 73 111 18 117 60 31 1 61 47 40 122 3 95 86 94 56 125 119 88 37 55 65 4 50 110 106 79 105 7 118 71 66 96 13 108 21 64 116 11 78 43 42 104 46 45 10 77 93 25 67 100 75 112 22 17 91 81
42 2
109 70 24 54 36 120 34 41 91 27 20 46 64 48 63 38 57 101 52 72 10 44 83 114 2 100 53 9 69 74 90 105 110 50 6 79 4 96 15 49 107 7 78 123 21 117 11 116 13 39 33 89 18 26 3 121 124 16 58 125 84 97 87 14 12 76 106 88 85 28 1 99 19 113 29 77 65 75 42 35 108 94 119 22 60 68 98 62 67 51 30 8 112 118 81 111 37 61 86 71 25 17 104 115 102 31 66 40 80 0 32 95 92 73 23 103 47 45 93 82 5 55 122 43 56 59
52 66 2 69 50 30 48 16 88 95 25 115 60 121 32 65 7 62 81 55 47 42 120 89 109 10 72 82 123 85 5 110 14 51 90 80 92 100 84 78 79 61 21 73 125 75 93 20 6 83 4 33 0 68 103 19 117 101 77 106 12 41 17 122 99 15 1 86 53 3 112 98 26 43 114 45 97 58 39 40 35 18 27 49 38 29 67 104 8 23 34 116 36 46 108 9 119 76 71 64 37 57 111 54 87 118 59 124 94 24 31 102 70 113 74 11 91 56 105 96 22 13 63 28 107 44
50 3
68 36 102 35 8 100 60 90 4 125 18 33 21 44 57 97 116 62 10 77 20 12 115 30 63 27 66 25 86 112 23 55 106 11 56 3 1 124 79 96 59 54 81 88 13 98 65 120 91 71 74 64 107 118 41 31 34 14 105 40 6 92 17 24 51 46 26 101 0 70 69 49 94 119 50 82 113 19 80 38 78 42 75 110 93 85 28 95 43 109 7 48 61 84 72 87 39 15 45 123 5 67 2 117 114 58 32 52 122 89 83 121 29 76 104 22 16 103 53 73 47 111 108 99 37 9
19 23 30 47 18 4 3 48 100 103 8 45 109 20 43 50 123 71 87 84 44 107 115 102 111 101 58 0 2 81 36 1 104 61 51 60 55 118 78 75 91 39 112 119 22 53 117 34 59 62 114 6 12 124 70 28 120 99 7 26 64 37 89 29 56 80 40 27 25 41 113 52 5 88 97 76 69 68 46 9 79 108 96 32 67 85 31 72 57 21 105 90 11 77 95 10 54 83 33 116 94 93 86 65 74 66 110 49 121 17 15 122 24 82 106 13 73 125 98 16 35 63 42 14 92 38
104 113 35 24 78 46 111 103 101 48 93 121 12 14 13 66 44 71 38 32 123 99 119 70 3 100 80 74 60 124 120 82 19 39 42 2 56 69 18 33 110 61 34 115 16 108 5 112 9 88 105 122 109 81 102 64 36 107 65 79 28 41 73 92 55 58 15 97 94 37 23 17 117 62 27 98 118 95 4 59 26 53 31 84 83 85 96 125 49 116 114 106 63 10 68 77 86 67 75 21 25 8 54 7 0 50 91 57 45 52 40 6 47 1 90 43 89 72 76 22 30 11 51 20 29 87
60 2
87 64 30 61 77 34 72 110 62 114 91 32 92 28 105 75 45 123 59 119 60 36 89 40 78 121 102 97 13 118 2 81 11 122 5 113 21 116 103 42 23 50 39 71 49 16 46 112 125 44 41 70 98 124 76 117 88 84 67 18 20 3 8 95 1 68 94 58 65 120 51 43 6 85 96 15 54 4 24 107 99 31 86 93 57 73 82 0 56 22 115 10 12 83 66 63 74 27 52 80 109 106 26 38 104 14 101 79 111 100 7 108 47 35 9 90 37 55 29 19 69 25 33 17 53 48
84 74 28 39 0 15 99 92 34 24 18 83 64 80 17 27 97 112 116 105 68 54 98 73 122 91 23 5 123 71 82 77 70 86 57 121 16 93 52 94 13 118 124 89 113 31 100 102 12 115 38 96 50 47 107 41 1 8 110 49 6 19 32 109 48 30 117 51 111 108 62 120 43 26 56 58 7 45 69 35 40 25 65 106 4 22 119 37 101 72 88 81 76 87 3 63 67 36 85 60 104 90 53 42 46 61 11 21 78 95 75 20 14 125 66 59 10 114 55 33 29 79 9 2 103 44
62 1
72 62 21 98 39 71 10 88 42 83 123 1 108 89 50 33 111 23 101 84 45 26 0 11 51 92 46 124 113 121 53 54 14 60 69 15 87 58 64 93 20 75 90 2 18 32 7 109 86 22 17 68 38 125 122 19 24 118 63 97 28 66 35 78 43 29 34 107 49 52 79 104 61 77 103 94 37 96 40 31 57 73 30 55 82 85 27 100 95 105 91 56 99 67 106 36 16 110 115 12 9 5 4 117 112 48 25 6 102 116 8 44 59 114 41 70 76 47 3 119 65 74 120 80 81 13
62 2
113 108 102 100 121 119 29 89 103 42 109 28 94 64 44 19 60 70 77 15 104 35 39 26 83 125 23 45 11 6 54 84 36 115 105 21 32 88 48 22 120 85 9 114 14 27 124 71 38 122 50 51 99 63 30 97 74 87 107 92 16 101 79 53 13 69 80 116 106 65 17 47 95 90 56 78 96 18 75 62 66 117 86 24 31 41 82 57 37 7 73 112 59 118 12 72 76 55 110 52 3 61 2 8 20 34 68 58 1 10 98 123 91 0 43 33 67 81 93 5 40 4 49 111 46 25
66 103 8 119 15 86 29 42 2 110 48 26 83 105 51 4 73 31 115 33 111 43 63 57 38 85 11 113 107 6 59 17 55 19 96 104 65 87 24 122 60 44 7 21 41 53 58 99 10 79 92 14 54 45 52 32 61 23 46 30 40 56 95 22 102 36 0 106 94 90 123 77 81 16 84 108 101 71 120 49 100 72 82 12 74 25 5 37 88 97 69 121 50 98 68 62 34 89 93 47 80 76 64 1 35 13 67 28 75 114 9 20 124 27 109 18 118 125 116 3 78 91 39 70 112 117
62 2
80 8 103 5 19 82 6 9 102 98 38 23 24 34 51 121 90 84 33 115 123 114 53 87 48 41 28 0 58 29 92 70 97 15 76 20 69 57 83 49 16 14 89 35 85 63 107 52 109 62 59 44 30 27 99 36 101 26 124 54 120 74 72 39 2 32 113 68 12 73 111 18 117 60 31 1 61 47 40 122 3 95 86 94 56 125 119 88 37 55 65 4 50 110 106 79 105 7 118 71 66 96 13 108 21 64 116 11 78 43 42 104 46 45 10 77 93 25 67 100 75 112 22 17 91 81
71 75 40 54 39 59 29 84 120 17 83 125 109 73 37 22 64 9 27 63 118 106 15 85 48 26 25 18 117 6 119 42 101 53 69 67 76 14 38 4 2 57 31 68 87 115 95 66 24 91 82 88 100 33 3 61 97 41 72 5 102 55 124 19 16 96 47 35 43 34 110 0 58 13 89 1 36 113 103 112 99 107 50 10 7 23 92 44 51 74 105 49 86 111 114 46 65 56 123 80 52 32 60 78 116 90 21 81 108 12 70 93 79 77 94 45 104 28 20 30 8 122 121 98 62 11
63 1
25 121 119 78 63 42 59 47 97 0 52 125 64 66 36 86 107 100 20 103 16 30 39 114 37 101 11 111 49 105 113 74 23 122 43 17 26 62 58 69 57 56 54 22 115 12 53 81 28 83 68 29 95 4 55 70 99 10 15 46 75 91 80 51 117 77 118 65 93 13 31 124 92 90 89 76 88 84 120 67 8 102 24 123 71 33 40 96 35 14 44 108 32 106 116 9 2 45 38 60 109 79 82 21 94 1 48 98 87 27 112 18 19 5 110 72 41 61 85 104 73 3 50 6 7 34
124 2
71 75 40 54 39 59 29 84 120 17 83 125 109 73 37 22 64 9 27 63 118 106 15 85 48 26 25 18 117 6 119 42 101 53 69 67 76 14 38 4 2 57 31 68 87 115 95 66 24 91 82 88 100 33 3 61 97 41 72 5 102 55 124 19 16 96 47 35 43 34 110 0 58 13 89 1 36 113 103 112 99 107 50 10 7 23 92 44 51 74 105 49 86 111 114 46 65 56 123 80 52 32 60 78 116 90 21 81 108 12 70 93 79 77 94 45 104 28 20 30 8 122 121 98 62 11
47 78 120 30 22 92 6 31 40 70 24 25 10 90 88 39 13 42 45 53 93 68 19 41 38 23 125 77 81 29 5 9 61 63 65 116 96 44 48 121 102 87 84 106 57 33 72 80 83 112 86 37 3 115 100 101 55 85 95 119 2 97 46 15 60 76 71 21 114 105 98 113 107 64 7 108 32 0 8 91 52 58 50 109 89 26 59 14 51 56 34 122 82 123 43 124 69 74 111 66 99 36 16 75 67 73 35 117 1 94 17 118 62 18 12 27 20 11 104 54 103 49 4 110 79 28
125 3
35 54 104 68 44 20 77 41 42 88 122 51 50 8 117 1 78 106 22 60 100 58 95 70 81 123 76 120 32 5 74 96 62 9 101 118 97 65 45 55 17 36 63 125 94 6 124 25 39 48 23 93 15 3 90 83 61 67 69 75 98 103 59 72 33 99 109 56 16 30 105 110 13 19 21 28 2 119 53 73 116 4 40 49 64 85 82 115 84 26 52 71 34 43 24 111 91 107 79 27 112 14 113 57 89 12 86 7 18 114 31 108 29 66 102 10 0 92 80 38 37 87 121 46 47 11
19 23 30 47 18 4 3 48 100 103 8 45 109 20 43 50 123 71 87 84 44 107 115 102 111 101 58 0 2 81 36 1 104 61 51 60 55 118 78 75 91 39 112 119 22 53 117 34 59 62 114 6 12 124 70 28 120 99 7 26 64 37 89 29 56 80 40 27 25 41 113 52 5 88 97 76 69 68 46 9 79 108 96 32 67 85 31 72 57 21 105 90 11 77 95 10 54 83 33 116 94 93 86 65 74 66 110 49 121 17 15 122 24 82 106 13 73 125 98 16 35 63 42 14 92 38
36 68 13 57 114 50 88 81 54 59 96 79 124 1 35 3 56 11 106 55 23 112 86 25 66 27 63 30 115 12 20 77 10 62 116 97 44 21 33 18 125 4 90 60 102 9 37 99 108 111 47 73 53 103 16 22 104 76 29 121 83 89 122 52 32 58 117 2 67 5 123 45 15 39 100 87 72 84 61 48 7 109 43 95 28 85 93 110 75 42 78 38 80 19 113 82 119 94 49 69 70 0 101 26 8 46 51 24 17 92 6 40 105 14 34 31 41 118 107 64 74 71 91 120 65 98
250 4
116 15 76 53 81 29 45 107 13 33 115 125 105 72 101 52 68 40 108 73 5 74 18 50 94 47 89 99 75 112 69 110 28 64 92 0 41 120 119 48 82 7 8 93 4 38 123 124 49 83 12 11 90 78 1 39 67 103 21 62 19 56 32 42 84 37 113 57 3 58 23 91 63 79 30 59 26 6 16 98 118 24 86 55 88 85 106 121 9 104 54 96 117 51 44 22 31 36 60 65 20 34 114 61 2 70 17 97 111 66 71 95 100 102 109 87 80 14 35 77 27 122 10 25 46 43
101 13 67 15 41 69 110 80 104 45 32 17 29 2 113 72 54 108 39 93 30 37 55 20 107 23 103 25 84 58 27 115 64 38 114 14 0 46 91 73 111 116 89 82 36 71 105 50 79 98 5 106 63 52 8 19 16 3 65 9 43 78 33 26 119 124 24 68 1 99 100 121 76 51 120 88 57 31 90 11 92 7 95 60 77 85 22 75 6 61 42 122 109 86 97 83 10 35 125 47 74 102 44 53 56 112 18 118 48 81 87 49 21 94 4 28 34 66 117 96 123 59 62 70 12 40
19 23 30 47 18 4 3 48 100 103 8 45 109 20 43 50 123 71 87 84 44 107 115 102 111 101 58 0 2 81 36 1 104 61 51 60 55 118 78 75 91 39 112 119 22 53 117 34 59 62 114 6 12 124 70 28 120 99 7 26 64 37 89 29 56 80 40 27 25 41 113 52 5 88 97 76 69 68 46 9 79 108 96 32 67 85 31 72 57 21 105 90 11 77 95 10 54 83 33 116 94 93 86 65 74 66 110 49 121 17 15 122 24 82 106 13 73 125 98 16 35 63 42 14 92 38
16 97 113 118 42 112 98 52 44 11 22 9 58 94 67 107 0 59 122 119 100 50 10 74 72 120 109 123 82 29 70 83 86 51 61 68 54 47 73 91 75 90 4 84 8 79 99 37 71 110 21 33 7 80 36 96 101 117 12 17 77 34 106 81 93 124 76 14 35 105 30 48 24 38 23 40 66 60 116 45 53 63 28 31 43 85 32 111 125 114 41 39 103 64 13 115 55 1 6 46 20 56 104 92 102 69 62 15 121 26 49 87 5 2 89 95 78 57 3 19 25 108 18 27 65 88
3875 2
61 35 26 115 93 104 123 95 90 55 80 62 102 105 17 60 44 11 5 82 32 46 72 1 68 99 7 81 114 74 125 122 50 28 52 33 100 63 43 67 45 94 91 21 101 14 88 116 27 0 23 49 64 13 120 84 51 3 78 110 113 34 15 40 2 121 69 6 22 38 31 112 66 96 117 106 58 16 20 54 118 77 53 19 30 85 124 9 36 48 56 24 12 107 25 87 111 8 70 108 83 71 39 47 59 86 92 10 4 76 42 18 97 41 75 79 37 109 98 119 29 103 65 57 73 89
96 59 28 57 8 104 3 69 111 23 49 100 37 75 93 67 22 112 54 119 87 14 6 121 0 122 47 10 84 65 115 9 48 24 72 51 31 117 81 90 41 42 102 19 110 70 92 76 5 97 2 15 46 123 95 77 18 103 99 50 73 66 94 124 39 27 116 32 62 89 82 105 56 52 17 78 61 33 109 20 30 58 60 79 64 85 45 16 53 113 114 4 74 38 125 98 83 11 107 26 40 91 71 25 108 34 1 35 29 21 68 36 101 43 13 88 63 80 118 55 106 12 44 86 120 7
