647460 110
33 44 45 66 90 99 132 135 165 180 198 270 297 396 436 495 540 545 594
2
0 1 108 109 2 3 4 5 6 7 8 9 10 11 12 13 14 15 16 17 18 19 20 21 22 23 24 25 26 27 28 29 30 31 32 33 34 35 36 37 38 39 40 41 42 43 44 45 46 47 48 49 50 51 52 53 54 55 56 57 58 59 60 61 62 63 64 65 66 67 68 69 70 71 72 73 74 75 76 77 78 79 80 81 82 83 84 85 86 87 88 89 90 91 92 93 94 95 96 97 98 99 100 101 102 103 104 105 106 107
1 56 107 16 51 2 27 32 88 12 54 70 93 25 71 52 95 96 8 100 21 73 44 57 104 76 45 81 46 14 35 85 75 11 23 49 87 80 38 91 28 98 101 26 48 43 40 15 22 30 10 59 47 61 50 89 0 34 102 4 97 108 58 77 68 60 84 86 90 67 33 29 66 20 74 7 13 82 55 42 105 6 63 41 72 106 69 99 18 78 64 92 39 9 24 3 109 65 83 36 103 79 62 19 94 37 31 5 53 17
32
2 1
63 80 30 75 99 33 21 41 58 70 72 20 81 42 29 24 97 55 88 46 11 6 101 62 15 71 73 85 102 14 2 44 68 5 107 56 109 90 94 103 104 7 13 67 31 45 19 51 74 105 61 47 77 106 60 17 35 79 8 78 54 50 23 0 86 84 91 43 32 95 9 25 10 26 48 3 100 52 59 57 1 12 93 89 65 27 64 108 18 83 37 66 96 82 38 69 92 16 98 4 76 22 28 39 40 49 53 34 87 36
3 1
52 37 4 39 33 88 66 80 83 55 31 42 35 103 73 40 27 74 36 21 64 98 71 101 44 41 22 51 10 46 108 28 87 2 61 89 43 79 38 67 48 45 96 18 99 25 68 53 15 62 49 16 94 54 47 58 34 6 9 23 109 56 50 85 92 17 57 3 29 82 97 26 30 76 65 70 14 78 84 1 104 69 81 91 77 102 90 107 95 12 106 8 20 93 0 5 11 75 19 24 13 59 63 100 7 60 86 32 72 105
4 2
23 4 3 2 1 8 101 28 5 105 80 83 87 92 43 48 52 55 30 22 107 34 19 0 25 24 61 59 7 56 18 31 100 90 21 103 53 67 77 86 93 69 95 14 85 102 71 73 15 96 91 57 16 36 72 17 29 51 97 27 70 26 88 81 89 75 94 37 98 41 60 46 54 47 109 65 108 38 84 106 10 63 99 11 78 44 39 12 62 64 33 50 13 40 66 42 49 58 68 82 32 6 45 35 104 9 79 20 76 74
57 86 106 79 39 96 16 7 49 75 80 62 92 87 72 40 6 70 73 29 103 71 56 51 81 63 68 94 28 19 47 104 64 37 46 107 108 33 78 4 15 44 91 54 41 82 34 30 93 8 95 23 101 76 43 60 22 0 74 66 55 98 11 25 32 105 59 90 26 85 17 21 14 18 58 9 53 84 38 3 10 24 45 88 77 69 1 13 83 100 67 42 12 48 27 50 5 109 61 102 89 52 99 20 31 65 2 35 36 97
5 1
105 17 12 59 101 33 100 99 97 67 44 57 0 79 81 38 86 27 82 68 37 34 61 88 85 54 40 95 36 84 41 43 1 65 78 55 25 23 22 89 21 63 2 30 53 28 48 80 98 6 75 13 5 108 45 11 15 90 16 103 39 56 87 31 52 64 60 49 29 10 20 46 104 72 96 51 7 71 26 50 18 76 102 4 93 73 62 58 70 91 35 66 83 19 106 32 107 3 77 14 9 109 47 8 24 42 74 94 69 92
6 1
109 24 81 40 58 13 30 8 66 63 28 3 101 53 54 68 11 27 21 87 89 85 88 86 33 10 20 64 6 25 29 107 23 7 43 78 9 61 37 57 50 97 38 0 35 77 49 41 94 99 73 102 91 82 62 71 51 42 31 60 34 39 92 84 56 98 1 95 36 83 76 96 72 16 55 90 18 2 26 104 108 19 69 5 15 100 47 45 48 44 46 4 106 14 65 79 80 32 22 105 70 67 17 103 12 75 93 52 74 59
6 2
92 84 95 50 25 60 70 27 63 12 83 33 9 73 21 72 101 97 65 32 20 14 46 68 99 4 28 7 26 38 39 87 19 11 88 57 49 89 29 30 42 61 40 64 77 108 22 54 48 36 3 79 75 104 47 103 59 35 93 56 5 41 106 8 43 18 81 78 23 105 6 107 15 13 82 52 90 44 67 51 85 66 74 10 1 80 100 31 34 37 76 96 0 58 102 2 91 17 109 24 86 16 94 55 53 69 62 71 45 98
38 23 103 9 95 42 36 71 78 3 43 97 15 68 83 12 16 62 51 56 108 64 70 1 90 55 67 77 63 88 76 93 81 106 92 102 6 79 0 99 105 61 5 10 107 45 49 86 101 46 72 18 58 91 98 25 19 74 52 66 69 41 17 28 21 89 59 26 13 60 22 7 50 84 57 87 30 27 8 37 104 32 94 14 73 96 47 75 29 65 24 53 34 31 82 4 85 11 54 39 109 48 35 2 80 40 33 44 20 100
6 2
103 12 49 65 50 66 88 43 32 92 99 97 1 52 25 21 105 67 104 40 58 15 77 106 28 14 78 109 24 56 30 44 8 62 68 79 80 89 93 74 19 76 70 7 31 73 61 81 98 2 4 60 13 82 69 64 29 95 20 86 51 46 33 102 55 3 5 17 34 54 42 84 108 45 39 96 41 22 26 35 36 47 53 107 71 85 59 91 6 37 101 87 9 38 100 57 75 11 48 10 94 90 63 0 18 16 23 83 72 27
52 37 4 39 33 88 66 80 83 55 31 42 35 103 73 40 27 74 36 21 64 98 71 101 44 41 22 51 10 46 108 28 87 2 61 89 43 79 38 67 48 45 96 18 99 25 68 53 15 62 49 16 94 54 47 58 34 6 9 23 109 56 50 85 92 17 57 3 29 82 97 26 30 76 65 70 14 78 84 1 104 69 81 91 77 102 90 107 95 12 106 8 20 93 0 5 11 75 19 24 13 59 63 100 7 60 86 32 72 105
9 1
18 62 3 58 81 0 71 93 14 64 74 4 39 109 49 102 91 48 53 50 10 82 68 101 92 108 25 94 55 80 96 87 12 106 70 30 27 32 97 86 31 79 41 76 6 16 66 95 9 1 107 22 77 59 99 35 98 47 19 85 100 23 105 56 65 84 54 42 17 34 5 78 72 52 44 7 13 11 29 37 20 40 60 43 51 69 67 73 36 28 8 2 75 46 63 38 26 104 15 24 83 57 88 103 61 33 90 45 89 21
10 2
50 66 51 107 58 9 65 54 106 5 108 37 75 42 36 29 83 91 82 22 57 77 19 55 30 99 46 89 81 15 24 73 60 100 98 88 14 11 68 95 71 104 13 85 53 76 26 47 78 64 0 2 67 44 7 23 84 20 4 96 32 93 109 72 49 6 1 52 38 69 90 40 63 31 103 12 45 21 48 105 102 28 18 16 56 43 92 101 35 27 70 17 86 61 97 39 59 94 34 25 33 87 80 74 41 79 8 3 10 62
79 91 75 96 87 100 33 25 94 52 53 20 50 105 28 68 92 89 18 38 11 98 93 35 43 7 71 39 14 56 104 85 66 6 48 23 99 55 19 27 77 72 51 24 44 81 78 102 34 65 12 42 9 10 76 37 29 70 83 74 95 84 101 73 67 49 32 64 15 108 57 26 41 63 59 2 54 40 46 0 82 45 80 58 61 31 109 4 90 17 88 1 16 22 8 60 3 107 21 36 5 62 47 106 30 13 103 97 69 86
11 1
14 29 18 21 78 48 75 41 106 13 51 4 17 50 80 12 19 8 32 60 57 43 65 10 16 89 82 49 9 63 37 92 77 40 36 98 109 104 52 96 90 0 70 105 93 83 97 72 84 67 79 54 68 58 46 81 1 61 55 99 47 42 53 7 3 74 59 6 88 34 102 69 62 27 33 86 108 94 91 11 35 24 31 71 101 26 39 100 30 45 2 76 103 73 22 25 44 15 56 20 66 38 87 64 5 85 23 95 28 107
12 2
53 62 78 52 63 37 21 99 25 31 36 23 87 17 70 58 108 13 42 81 48 6 43 11 27 8 55 24 103 80 77 9 66 68 96 86 10 5 85 44 65 61 18 22 39 101 64 82 20 83 75 69 3 0 74 26 56 100 15 59 89 41 1 4 46 40 32 95 33 51 14 76 93 97 54 50 71 30 2 105 29 19 47 49 106 38 35 12 91 60 107 88 104 72 109 67 34 73 102 7 57 45 98 28 92 79 84 90 16 94
38 23 103 9 95 42 36 71 78 3 43 97 15 68 83 12 16 62 51 56 108 64 70 1 90 55 67 77 63 88 76 93 81 106 92 102 6 79 0 99 105 61 5 10 107 45 49 86 101 46 72 18 58 91 98 25 19 74 52 66 69 41 17 28 21 89 59 26 13 60 22 7 50 84 57 87 30 27 8 37 104 32 94 14 73 96 47 75 29 65 24 53 34 31 82 4 85 11 54 39 109 48 35 2 80 40 33 44 20 100
12 2
52 37 4 39 33 88 66 80 83 55 31 42 35 103 73 40 27 74 36 21 64 98 71 101 44 41 22 51 10 46 108 28 87 2 61 89 43 79 38 67 48 45 96 18 99 25 68 53 15 62 49 16 94 54 47 58 34 6 9 23 109 56 50 85 92 17 57 3 29 82 97 26 30 76 65 70 14 78 84 1 104 69 81 91 77 102 90 107 95 12 106 8 20 93 0 5 11 75 19 24 13 59 63 100 7 60 86 32 72 105
57 86 106 79 39 96 16 7 49 75 80 62 92 87 72 40 6 70 73 29 103 71 56 51 81 63 68 94 28 19 47 104 64 37 46 107 108 33 78 4 15 44 91 54 41 82 34 30 93 8 95 23 101 76 43 60 22 0 74 66 55 98 11 25 32 105 59 90 26 85 17 21 14 18 58 9 53 84 38 3 10 24 45 88 77 69 1 13 83 100 67 42 12 48 27 50 5 109 61 102 89 52 99 20 31 65 2 35 36 97
18 1
3 96 87 38 61 12 40 102 30 97 18 107 104 47 77 50 84 19 4 74 13 108 75 45 5 106 9 93 65 68 82 60 7 109 36 43 76 8 62 88 33 48 85 89 27 16 21 73 29 35 1 55 20 32 42 28 53 41 58 46 71 57 67 79 44 0 64 70 26 78 83 72 10 14 51 66 11 37 91 23 56 63 98 92 39 17 31 34 6 90 101 94 54 24 99 86 25 95 80 15 49 22 52 103 100 81 2 69 105 59
18 2
5 81 94 86 35 43 51 108 100 8 42 66 54 106 105 28 99 56 36 62 71 0 37 11 101 31 72 7 47 40 76 82 23 68 69 52 91 53 64 16 83 41 38 29 107 27 85 9 90 65 67 96 2 6 26 74 13 25 102 97 92 61 73 12 60 80 84 98 19 21 104 77 109 59 87 57 48 45 3 70 22 33 103 34 17 18 63 4 10 46 39 79 14 55 93 75 49 1 15 24 50 30 95 58 89 88 32 20 44 78
38 23 103 9 95 42 36 71 78 3 43 97 15 68 83 12 16 62 51 56 108 64 70 1 90 55 67 77 63 88 76 93 81 106 92 102 6 79 0 99 105 61 5 10 107 45 49 86 101 46 72 18 58 91 98 25 19 74 52 66 69 41 17 28 21 89 59 26 13 60 22 7 50 84 57 87 30 27 8 37 104 32 94 14 73 96 47 75 29 65 24 53 34 31 82 4 85 11 54 39 109 48 35 2 80 40 33 44 20 100
18 2
5 81 94 86 35 43 51 108 100 8 42 66 54 106 105 28 99 56 36 62 71 0 37 11 101 31 72 7 47 40 76 82 23 68 69 52 91 53 64 16 83 41 38 29 107 27 85 9 90 65 67 96 2 6 26 74 13 25 102 97 92 61 73 12 60 80 84 98 19 21 104 77 109 59 87 57 48 45 3 70 22 33 103 34 17 18 63 4 10 46 39 79 14 55 93 75 49 1 15 24 50 30 95 58 89 88 32 20 44 78
29 96 77 102 7 43 33 4 24 101 13 92 82 10 23 48 50 38 70 37 93 40 62 14 8 26 25 35 76 0 47 54 105 6 34 27 79 19 17 67 21 61 56 5 74 52 89 30 15 97 16 81 45 68 31 107 42 72 86 65 66 41 22 103 84 59 60 39 53 83 18 94 57 80 44 109 28 2 95 36 73 51 12 69 64 104 58 108 106 46 98 91 11 20 71 78 1 49 90 100 99 9 3 63 85 32 88 55 87 75
22 2
106 46 50 21 33 71 19 10 14 32 7 40 35 18 8 98 75 80 13 6 66 3 76 41 86 38 31 72 77 54 36 26 9 4 37 12 30 34 25 81 11 23 102 64 58 84 1 49 83 47 2 63 95 93 29 96 97 100 44 99 67 87 73 51 43 91 20 60 107 104 70 5 27 62 78 16 22 28 74 90 17 39 82 48 45 92 24 61 109 101 79 65 85 53 108 52 55 56 15 59 57 89 42 105 69 103 0 68 94 88
8 54 13 3 74 83 16 23 0 18 63 33 80 2 17 35 6 14 9 67 100 64 91 7 75 101 82 47 32 51 34 85 28 11 30 15 88 69 95 55 79 106 70 103 53 48 56 27 45 60 90 29 107 44 1 39 46 87 96 59 49 102 93 10 21 78 99 19 109 37 42 104 73 72 4 24 94 108 65 40 12 86 26 5 89 31 81 57 36 84 50 22 105 62 76 38 58 98 97 66 20 25 61 43 71 92 41 52 77 68
27 1
33 80 102 77 82 68 29 8 54 12 91 92 7 42 85 3 74 88 17 6 98 81 0 60 4 99 44 9 86 62 52 24 64 37 97 103 56 5 70 55 73 41 79 19 50 47 66 63 94 34 72 40 58 43 108 57 10 16 76 49 89 61 51 27 104 69 14 109 53 1 32 15 107 96 25 39 2 28 71 106 21 22 101 59 105 84 45 31 36 11 93 13 46 75 95 90 83 65 78 87 26 35 48 30 23 18 38 67 100 20
36 2
36 84 9 103 15 91 38 90 93 94 53 97 95 19 80 35 107 33 0 106 24 18 88 59 71 109 57 48 52 70 45 78 73 56 46 28 5 10 51 44 104 41 6 79 16 76 69 2 7 92 74 64 47 42 75 50 68 72 63 11 49 61 32 102 96 14 1 87 13 85 40 101 25 23 67 26 27 30 82 29 105 17 3 89 81 21 58 98 37 34 108 43 65 100 8 54 60 66 4 20 55 77 12 86 83 22 62 99 39 31
38 23 103 9 95 42 36 71 78 3 43 97 15 68 83 12 16 62 51 56 108 64 70 1 90 55 67 77 63 88 76 93 81 106 92 102 6 79 0 99 105 61 5 10 107 45 49 86 101 46 72 18 58 91 98 25 19 74 52 66 69 41 17 28 21 89 59 26 13 60 22 7 50 84 57 87 30 27 8 37 104 32 94 14 73 96 47 75 29 65 24 53 34 31 82 4 85 11 54 39 109 48 35 2 80 40 33 44 20 100
54 1
71 96 59 21 46 31 19 107 91 5 83 109 8 72 99 101 6 44 10 63 67 61 22 30 2 62 3 24 42 0 55 79 77 36 9 74 27 73 20 82 81 52 7 86 85 39 94 32 93 50 23 90 88 4 1 17 35 56 105 57 29 37 106 100 104 49 15 53 66 68 95 51 58 84 54 76 60 40 28 13 38 108 41 97 43 48 80 45 64 92 69 33 34 78 12 102 65 47 89 25 26 98 75 103 14 87 11 16 70 18
54 2
33 80 102 77 82 68 29 8 54 12 91 92 7 42 85 3 74 88 17 6 98 81 0 60 4 99 44 9 86 62 52 24 64 37 97 103 56 5 70 55 73 41 79 19 50 47 66 63 94 34 72 40 58 43 108 57 10 16 76 49 89 61 51 27 104 69 14 109 53 1 32 15 107 96 25 39 2 28 71 106 21 22 101 59 105 84 45 31 36 11 93 13 46 75 95 90 83 65 78 87 26 35 48 30 23 18 38 67 100 20
38 23 103 9 95 42 36 71 78 3 43 97 15 68 83 12 16 62 51 56 108 64 70 1 90 55 67 77 63 88 76 93 81 106 92 102 6 79 0 99 105 61 5 10 107 45 49 86 101 46 72 18 58 91 98 25 19 74 52 66 69 41 17 28 21 89 59 26 13 60 22 7 50 84 57 87 30 27 8 37 104 32 94 14 73 96 47 75 29 65 24 53 34 31 82 4 85 11 54 39 109 48 35 2 80 40 33 44 20 100
54 2
62 83 28 48 8 19 37 82 4 35 42 46 101 91 60 94 72 70 32 5 75 73 51 85 54 44 99 103 2 33 63 108 18 29 97 9 106 6 88 109 81 61 10 68 25 58 11 52 3 65 74 22 47 53 24 67 79 107 45 69 14 41 0 30 105 49 89 55 43 59 17 95 16 21 50 20 86 102 90 56 96 40 7 1 104 23 76 100 38 66 78 13 92 98 15 71 80 34 93 26 87 12 77 27 84 64 36 57 31 39
33 80 102 77 82 68 29 8 54 12 91 92 7 42 85 3 74 88 17 6 98 81 0 60 4 99 44 9 86 62 52 24 64 37 97 103 56 5 70 55 73 41 79 19 50 47 66 63 94 34 72 40 58 43 108 57 10 16 76 49 89 61 51 27 104 69 14 109 53 1 32 15 107 96 25 39 2 28 71 106 21 22 101 59 105 84 45 31 36 11 93 13 46 75 95 90 83 65 78 87 26 35 48 30 23 18 38 67 100 20
55 1
55 47 70 86 84 45 15 53 7 30 14 48 29 37 81 1 43 63 102 105 108 39 59 0 21 65 73 54 88 72 95 49 87 57 18 16 32 25 34 8 61 58 13 96 23 33 98 26 83 46 104 80 36 92 35 64 60 28 103 91 85 9 31 62 75 99 78 97 109 2 50 90 82 51 20 12 52 100 101 5 24 3 27 40 71 93 17 11 107 74 42 38 67 10 66 22 106 56 19 76 4 69 79 6 89 44 41 94 68 77
60 2
6 11 43 50 31 90 0 106 52 73 19 1 35 94 75 82 95 39 24 10 92 64 99 49 18 93 103 27 46 87 109 4 100 105 41 12 74 47 96 17 77 34 59 2 65 58 28 37 85 23 3 89 8 55 69 53 71 62 45 42 81 104 57 68 21 44 83 80 63 54 72 56 70 9 36 14 102 40 88 97 67 60 15 66 91 48 108 29 78 51 5 84 20 25 13 16 38 79 98 22 32 107 76 26 61 33 7 101 86 30
109 65 89 101 23 4 103 44 70 39 24 66 94 37 82 38 106 16 69 46 1 56 34 5 63 53 15 88 18 78 25 36 79 74 77 9 45 59 26 35 19 102 33 72 47 31 40 7 21 57 97 100 95 30 41 96 48 86 51 13 3 61 32 10 0 20 105 50 68 28 92 29 80 108 42 27 104 22 71 62 43 73 85 2 93 14 49 55 75 83 12 6 8 98 90 107 87 67 84 76 58 60 54 91 99 11 17 52 81 64
60 2
57 86 106 79 39 96 16 7 49 75 80 62 92 87 72 40 6 70 73 29 103 71 56 51 81 63 68 94 28 19 47 104 64 37 46 107 108 33 78 4 15 44 91 54 41 82 34 30 93 8 95 23 101 76 43 60 22 0 74 66 55 98 11 25 32 105 59 90 26 85 17 21 14 18 58 9 53 84 38 3 10 24 45 88 77 69 1 13 83 100 67 42 12 48 27 50 5 109 61 102 89 52 99 20 31 65 2 35 36 97
109 65 89 101 23 4 103 44 70 39 24 66 94 37 82 38 106 16 69 46 1 56 34 5 63 53 15 88 18 78 25 36 79 74 77 9 45 59 26 35 19 102 33 72 47 31 40 7 21 57 97 100 95 30 41 96 48 86 51 13 3 61 32 10 0 20 105 50 68 28 92 29 80 108 42 27 104 22 71 62 43 73 85 2 93 14 49 55 75 83 12 6 8 98 90 107 87 67 84 76 58 60 54 91 99 11 17 52 81 64
108 2
38 23 103 9 95 42 36 71 78 3 43 97 15 68 83 12 16 62 51 56 108 64 70 1 90 55 67 77 63 88 76 93 81 106 92 102 6 79 0 99 105 61 5 10 107 45 49 86 101 46 72 18 58 91 98 25 19 74 52 66 69 41 17 28 21 89 59 26 13 60 22 7 50 84 57 87 30 27 8 37 104 32 94 14 73 96 47 75 29 65 24 53 34 31 82 4 85 11 54 39 109 48 35 2 80 40 33 44 20 100
88 85 27 35 71 10 106 95 90 48 68 34 94 43 1 101 72 0 22 79 31 105 17 83 78 67 55 102 30 38 86 98 40 36 92 77 37 56 62 26 64 41 19 42 57 58 65 76 12 11 16 32 45 13 93 44 5 50 47 89 59 61 70 2 73 66 69 99 91 14 51 82 74 104 107 100 63 103 4 6 84 18 15 60 21 80 52 20 33 49 54 53 97 108 7 8 23 46 24 109 39 3 9 28 96 81 29 25 75 87
109 1
96 93 1 109 80 0 30 87 39 5 25 91 86 75 63 2 38 46 94 106 48 44 100 85 45 64 70 34 72 49 27 50 65 66 73 84 20 19 24 40 53 21 101 52 13 58 55 97 67 69 78 10 81 74 77 107 99 22 59 90 82 4 7 108 71 3 12 14 92 26 23 68 29 88 60 28 41 57 62 61 105 8 15 16 31 54 32 9 47 11 17 36 104 89 37 33 83 95 35 43 79 18 6 103 98 56 76 42 102 51
218 2
28 34 73 43 64 72 11 69 86 29 105 6 39 83 48 88 44 94 46 59 63 38 104 50 41 80 62 93 0 9 89 85 81 53 1 77 108 90 21 12 66 24 107 3 16 76 18 82 14 87 23 56 65 33 84 101 51 98 106 19 97 71 26 20 4 52 40 67 79 7 78 61 5 2 95 96 45 35 70 68 25 32 47 13 54 31 8 49 15 30 37 102 100 27 17 74 75 60 57 109 92 55 91 103 22 10 58 42 36 99
39 16 83 69 68 8 18 43 78 81 23 45 28 73 55 96 74 89 67 108 90 27 10 32 82 85 12 37 47 95 94 80 29 13 19 61 59 63 60 62 7 30 20 84 34 15 11 41 17 33 105 70 31 87 3 91 98 51 2 1 5 71 99 107 54 49 75 46 57 66 86 77 97 106 9 88 6 109 56 64 92 50 0 53 4 65 72 52 76 24 93 58 22 38 14 44 40 21 79 35 25 48 101 103 100 104 102 36 42 26
327 2
39 16 83 69 68 8 18 43 78 81 23 45 28 73 55 96 74 89 67 108 90 27 10 32 82 85 12 37 47 95 94 80 29 13 19 61 59 63 60 62 7 30 20 84 34 15 11 41 17 33 105 70 31 87 3 91 98 51 2 1 5 71 99 107 54 49 75 46 57 66 86 77 97 106 9 88 6 109 56 64 92 50 0 53 4 65 72 52 76 24 93 58 22 38 14 44 40 21 79 35 25 48 101 103 100 104 102 36 42 26
93 75 102 56 105 9 33 28 38 80 94 87 55 96 43 90 26 77 3 2 73 64 46 21 52 97 45 35 37 85 54 50 29 62 40 86 42 7 68 48 76 49 108 70 99 16 84 44 69 98 60 11 92 12 100 53 18 82 20 106 31 10 6 83 23 25 15 71 8 39 14 104 95 58 57 91 34 78 17 72 5 81 74 88 22 32 27 51 63 4 66 1 24 109 61 79 101 65 41 47 30 13 19 103 67 89 107 59 36 0
654 2
68 56 105 30 29 71 2 10 77 64 73 52 63 46 74 80 98 7 83 24 39 90 13 106 84 88 37 93 107 101 1 65 102 67 89 86 8 38 35 57 22 59 0 23 17 31 87 36 40 18 3 34 85 100 41 9 26 44 50 78 61 72 51 60 47 6 14 53 95 94 19 97 42 11 79 55 58 21 109 28 49 54 4 104 32 76 108 25 91 43 62 81 33 99 16 48 92 20 12 70 75 96 15 103 66 69 45 5 82 27
43 66 77 11 91 83 28 33 7 36 25 16 104 5 93 84 73 102 76 81 26 18 98 32 1 29 78 17 10 30 6 58 97 24 60 44 68 38 42 61 3 47 57 34 89 87 90 86 88 46 40 56 107 13 14 74 64 39 4 109 59 37 54 9 27 94 8 101 15 82 100 55 72 50 108 105 70 45 35 95 96 2 53 69 63 21 23 19 22 20 75 52 62 106 48 67 71 41 65 49 85 12 51 103 79 99 92 31 80 0
981 2
82 59 58 54 84 60 76 40 5 74 22 46 26 33 94 45 1 48 6 34 42 97 92 10 89 100 109 21 12 32 41 52 23 49 44 99 107 27 93 0 96 47 108 7 95 11 67 28 101 65 81 57 87 83 64 14 78 68 91 36 38 35 39 37 79 85 69 18 4 3 51 61 86 13 16 66 88 71 8 98 31 9 24 2 43 25 70 53 75 17 20 55 80 90 30 29 15 72 56 62 104 102 106 103 105 50 73 63 19 77
85 106 50 107 87 59 80 54 62 51 71 31 42 60 105 27 58 65 69 16 6 83 9 95 93 55 28 98 96 74 108 77 67 14 18 25 56 86 23 41 52 12 32 21 29 3 24 104 84 33 91 48 81 34 75 26 88 97 45 70 76 47 90 102 22 68 92 37 64 0 53 20 72 4 78 66 82 40 10 39 44 73 43 109 17 5 79 11 63 30 1 19 46 99 15 61 89 101 36 7 13 38 94 103 57 8 49 2 35 100
1962 2
3 96 87 38 61 12 40 102 30 97 18 107 104 47 77 50 84 19 4 74 13 108 75 45 5 106 9 93 65 68 82 60 7 109 36 43 76 8 62 88 33 48 85 89 27 16 21 73 29 35 1 55 20 32 42 28 53 41 58 46 71 57 67 79 44 0 64 70 26 78 83 72 10 14 51 66 11 37 91 23 56 63 98 92 39 17 31 34 6 90 101 94 54 24 99 86 25 95 80 15 49 22 52 103 100 81 2 69 105 59
83 46 52 77 16 100 89 105 75 88 26 45 97 70 7 65 87 15 43 4 96 0 56 37 49 78 71 68 20 35 44 3 38 99 82 74 22 95 67 104 2 57 101 69 108 31 106 39 102 93 81 63 50 76 8 10 9 12 11 13 53 79 66 48 36 27 90 23 98 21 60 28 72 19 25 62 34 107 55 47 30 91 18 85 94 109 61 58 51 80 92 73 1 33 17 86 6 42 64 14 59 32 84 103 41 54 24 40 29 5
2943 2
54 36 49 91 101 96 12 24 73 27 1 93 70 22 40 62 26 2 8 99 82 88 64 28 50 68 20 105 0 63 17 66 78 102 97 107 41 55 48 16 57 4 51 95 38 72 71 34 25 7 90 13 58 6 104 106 46 15 11 98 23 109 47 3 76 29 9 37 10 69 31 60 85 45 5 30 59 21 80 53 81 61 14 87 43 89 67 100 79 75 44 92 94 84 32 77 108 83 65 56 19 18 52 103 39 86 33 74 42 35
95 53 52 86 88 34 17 93 90 108 84 14 36 104 35 80 92 41 39 48 12 65 15 70 87 7 21 106 9 59 101 79 27 74 13 69 47 89 31 42 19 33 61 78 25 83 28 100 109 107 56 68 5 44 4 26 64 40 58 55 23 6 60 62 96 97 1 71 46 37 72 45 16 49 29 50 73 43 8 67 66 38 22 10 54 57 63 20 85 91 94 30 18 2 82 81 32 105 75 98 11 99 24 103 76 3 102 77 0 51
