32736 33
12 24 44 48 88 93 96 176
2
0 1 31 32 2 3 4 5 6 7 8 9 10 11 12 13 14 15 16 17 18 19 20 21 22 23 24 25 26 27 28 29 30
1 2 0 15 28 4 23 31 6 11 13 17 29 14 10 19 20 9 24 3 32 22 25 8 26 21 18 12 5 27 7 30 16
18
2 1
30 7 6 3 31 14 2 1 9 8 17 25 26 21 5 18 24 10 15 22 27 13 19 32 16 11 12 20 29 28 0 4 23
3 1
11 17 31 21 25 24 9 12 6 8 20 22 16 19 4 3 7 28 5 29 26 15 0 27 18 14 10 32 1 13 2 30 23
4 2
6 25 8 15 26 27 0 21 2 20 24 22 30 14 13 3 28 18 17 32 9 7 11 29 10 1 4 5 16 23 12 31 19
29 2 1 18 11 9 23 19 25 5 30 4 24 28 16 17 14 15 3 7 27 32 26 6 12 8 22 20 13 0 10 31 21
4 2
3 7 18 0 15 5 26 1 23 16 14 28 24 30 10 4 9 29 2 21 22 19 20 8 12 32 6 31 11 17 13 27 25
18 23 3 2 16 5 25 8 7 15 12 19 10 20 24 9 4 27 0 11 13 28 30 1 14 6 32 17 21 31 22 29 26
4 2
30 11 20 13 24 5 17 28 21 10 9 1 15 3 16 12 14 6 22 23 2 8 18 19 4 27 29 25 7 26 0 32 31
20 21 30 22 10 5 31 19 11 24 4 8 16 18 15 14 12 32 13 7 0 1 3 28 9 29 27 26 23 25 2 6 17
4 2
30 11 20 13 24 5 17 28 21 10 9 1 15 3 16 12 14 6 22 23 2 8 18 19 4 27 29 25 7 26 0 32 31
3 7 18 0 15 5 26 1 23 16 14 28 24 30 10 4 9 29 2 21 22 19 20 8 12 32 6 31 11 17 13 27 25
4 2
30 20 5 23 11 2 28 32 15 24 26 4 18 22 17 8 27 14 12 29 1 31 13 3 9 25 10 16 6 19 0 21 7
17 2 1 21 6 20 4 10 22 12 7 28 9 15 30 13 29 0 24 27 5 3 8 31 18 25 32 19 11 16 14 23 26
6 2
6 24 31 21 28 27 14 5 25 16 3 2 9 30 0 19 12 4 13 23 8 10 29 15 32 20 22 7 17 26 18 11 1
6 22 4 19 2 18 0 13 16 25 23 28 20 7 14 21 8 31 5 3 12 15 1 10 26 9 24 30 11 32 27 17 29
8 3
10 18 30 12 27 22 23 31 9 8 0 15 3 17 14 11 25 13 1 20 19 28 5 6 32 16 29 4 21 26 2 7 24
6 22 4 19 2 18 0 13 16 25 23 28 20 7 14 21 8 31 5 3 12 15 1 10 26 9 24 30 11 32 27 17 29
16 12 7 18 13 19 8 2 6 23 25 32 1 4 14 24 0 27 3 5 22 26 20 9 15 10 21 17 29 28 31 30 11
8 3
3 7 18 0 15 5 26 1 23 16 14 28 24 30 10 4 9 29 2 21 22 19 20 8 12 32 6 31 11 17 13 27 25
20 21 30 22 10 5 31 19 11 24 4 8 16 18 15 14 12 32 13 7 0 1 3 28 9 29 27 26 23 25 2 6 17
18 23 3 2 16 5 25 8 7 15 12 19 10 20 24 9 4 27 0 11 13 28 30 1 14 6 32 17 21 31 22 29 26
8 3
10 18 30 12 27 22 23 31 9 8 0 15 3 17 14 11 25 13 1 20 19 28 5 6 32 16 29 4 21 26 2 7 24
19 9 11 6 28 16 3 32 18 1 20 2 23 29 14 30 5 26 8 0 10 27 25 12 31 22 17 21 4 13 15 24 7
16 12 7 18 13 19 8 2 6 23 25 32 1 4 14 24 0 27 3 5 22 26 20 9 15 10 21 17 29 28 31 30 11
8 3
3 4 21 0 1 17 11 23 12 10 9 6 8 16 20 31 13 5 24 19 14 2 25 7 18 22 30 32 29 28 26 15 27
4 3 17 1 0 21 27 15 26 28 29 32 30 22 18 7 25 2 14 19 24 5 13 31 20 16 8 6 9 10 12 23 11
27 11 22 32 6 16 4 29 14 31 15 1 20 17 8 10 5 13 26 19 12 25 2 28 30 21 18 0 23 7 24 9 3
8 3
16 12 7 18 13 19 8 2 6 23 25 32 1 4 14 24 0 27 3 5 22 26 20 9 15 10 21 17 29 28 31 30 11
6 22 4 19 2 18 0 13 16 25 23 28 20 7 14 21 8 31 5 3 12 15 1 10 26 9 24 30 11 32 27 17 29
19 9 11 6 28 16 3 32 18 1 20 2 23 29 14 30 5 26 8 0 10 27 25 12 31 22 17 21 4 13 15 24 7
11 1
10 6 7 13 2 27 31 17 19 26 1 29 8 18 0 21 28 30 16 20 14 3 9 4 15 11 23 22 25 24 5 32 12
16 4
10 18 30 12 27 22 23 31 9 8 0 15 3 17 14 11 25 13 1 20 19 28 5 6 32 16 29 4 21 26 2 7 24
6 22 4 19 2 18 0 13 16 25 23 28 20 7 14 21 8 31 5 3 12 15 1 10 26 9 24 30 11 32 27 17 29
16 12 7 18 13 19 8 2 6 23 25 32 1 4 14 24 0 27 3 5 22 26 20 9 15 10 21 17 29 28 31 30 11
19 9 11 6 28 16 3 32 18 1 20 2 23 29 14 30 5 26 8 0 10 27 25 12 31 22 17 21 4 13 15 24 7
22 2
29 13 11 5 24 3 8 18 6 31 16 2 17 1 22 19 10 12 7 15 28 21 14 27 4 30 32 23 20 0 25 9 26
30 7 6 3 31 14 2 1 9 8 17 25 26 21 5 18 24 10 15 22 27 13 19 32 16 11 12 20 29 28 0 4 23
31 1
32 0 27 7 29 22 16 13 8 26 9 12 2 31 10 25 14 15 24 20 5 17 21 23 28 3 11 30 6 19 1 18 4
32 5
6 4 32 26 1 5 0 15 9 8 21 24 28 29 19 7 23 30 25 14 31 10 27 16 11 18 3 22 12 13 17 20 2
20 21 30 22 10 5 31 19 11 24 4 8 16 18 15 14 12 32 13 7 0 1 3 28 9 29 27 26 23 25 2 6 17
22 19 13 20 14 5 27 21 28 12 15 23 9 2 4 10 24 25 30 1 3 7 0 11 16 17 31 6 8 32 18 26 29
30 11 20 13 24 5 17 28 21 10 9 1 15 3 16 12 14 6 22 23 2 8 18 19 4 27 29 25 7 26 0 32 31
21 20 11 19 31 5 10 22 30 17 6 2 25 23 26 27 29 9 28 3 1 0 7 13 32 12 14 15 18 16 8 4 24
