51888 48
69 92 94 138 141 184 188
2
0 1 46 47 2 3 4 5 6 7 8 9 10 11 12 13 14 15 16 17 18 19 20 21 22 23 24 25 26 27 28 29 30 31 32 33 34 35 36 37 38 39 40 41 42 43 44 45
1 25 7 33 42 27 4 43 46 15 31 10 14 21 26 28 3 47 13 40 5 18 35 45 36 0 12 20 9 37 23 11 29 16 17 41 38 32 24 19 39 22 6 2 8 30 44 34
25
2 1
36 32 42 4 3 17 24 40 46 33 29 34 39 35 22 28 44 5 19 18 26 37 14 43 6 45 20 30 15 10 27 47 1 9 11 13 0 21 41 12 7 38 2 23 16 25 8 31
3 1
41 9 18 29 19 25 31 21 32 12 42 43 1 36 11 6 20 40 28 24 27 45 47 13 4 35 33 16 2 34 17 15 46 37 3 5 23 26 22 10 30 44 39 14 0 7 8 38
4 1
16 9 47 11 41 22 38 26 27 21 39 6 29 25 17 2 13 20 1 37 40 18 7 31 34 0 5 12 23 8 46 42 19 32 4 44 45 33 3 30 14 24 28 15 36 35 10 43
4 2
21 37 3 2 13 33 29 25 45 10 9 35 42 4 43 44 46 28 22 39 27 0 18 47 32 7 34 20 17 6 41 38 24 5 26 11 40 1 31 19 36 30 12 14 15 8 16 23
25 24 44 15 39 47 31 21 9 8 45 20 17 19 22 3 26 12 43 13 11 7 14 33 1 0 16 35 42 38 36 6 37 23 46 27 30 32 29 4 41 40 28 18 2 10 34 5
4 2
15 33 8 32 7 13 28 4 2 39 31 18 26 5 19 0 45 38 11 14 42 23 36 21 47 27 12 25 6 34 37 10 3 1 29 43 22 30 17 9 46 44 20 35 41 16 40 24
34 8 33 42 12 25 11 26 1 40 22 6 4 27 24 29 35 37 28 47 32 44 10 41 14 5 7 13 18 15 38 36 20 2 0 16 31 17 30 46 9 23 3 45 21 43 39 19
6 1
42 4 17 6 31 28 27 22 44 26 35 7 36 32 34 41 47 13 21 37 0 3 30 8 23 38 16 43 1 9 25 33 45 5 12 14 10 39 11 20 2 24 19 18 15 40 29 46
6 2
8 38 20 40 33 25 32 31 29 47 7 36 2 1 11 28 43 22 41 9 12 23 34 37 5 24 3 18 35 0 44 10 39 45 17 15 14 21 13 6 26 27 16 42 46 4 30 19
44 33 31 34 38 14 41 20 30 37 12 24 10 45 5 42 35 26 32 21 7 19 40 47 11 36 17 39 43 46 8 2 18 1 3 16 25 9 4 27 22 6 15 28 0 13 29 23
6 2
4 39 21 34 0 19 35 29 37 40 44 20 47 26 36 43 18 30 16 5 11 2 41 32 38 27 13 25 46 7 17 42 23 45 3 6 14 8 24 1 9 22 31 15 10 33 28 12
13 33 38 43 40 17 15 45 27 0 41 10 42 9 25 34 2 28 24 46 22 18 44 12 21 37 4 36 5 1 19 47 31 29 6 3 8 14 16 7 26 11 23 35 20 39 30 32
8 1
11 46 9 2 39 45 34 20 32 7 14 24 3 30 6 10 13 21 15 31 1 16 29 38 22 17 40 35 19 28 41 0 26 42 36 44 47 5 27 8 33 43 4 25 37 23 12 18
8 2
40 5 32 23 10 1 25 9 15 7 4 46 24 43 18 8 47 26 14 28 39 33 42 3 12 6 17 31 19 44 37 27 2 21 45 41 38 30 36 20 0 35 22 13 29 34 11 16
25 24 44 15 39 47 31 21 9 8 45 20 17 19 22 3 26 12 43 13 11 7 14 33 1 0 16 35 42 38 36 6 37 23 46 27 30 32 29 4 41 40 28 18 2 10 34 5
8 2
7 29 26 17 20 40 12 0 45 22 34 23 6 25 27 35 32 3 41 33 4 47 9 11 30 13 2 14 37 1 24 42 16 19 10 15 46 28 43 44 5 18 31 38 39 8 36 21
18 40 39 8 9 16 29 42 3 4 19 47 32 37 28 31 5 23 0 10 33 45 34 17 36 38 46 43 14 6 44 15 12 20 22 41 24 13 25 2 1 35 7 27 30 21 26 11
12 1
44 7 43 38 20 45 19 17 41 47 27 28 9 42 23 24 4 10 34 32 6 31 13 8 5 16 2 11 21 26 15 0 18 14 22 39 12 29 37 33 1 36 25 30 40 3 35 46
12 2
14 44 19 12 32 33 22 2 6 10 36 25 26 46 39 31 38 37 35 7 13 42 8 1 17 34 3 28 47 15 18 29 40 43 11 30 9 24 41 0 4 16 45 5 23 21 20 27
44 33 31 34 38 14 41 20 30 37 12 24 10 45 5 42 35 26 32 21 7 19 40 47 11 36 17 39 43 46 8 2 18 1 3 16 25 9 4 27 22 6 15 28 0 13 29 23
12 2
39 11 25 5 36 3 30 12 15 34 27 1 7 21 46 8 41 33 24 22 44 13 19 40 18 2 32 10 31 37 6 28 26 17 9 42 4 29 43 0 23 16 35 38 20 47 14 45
7 46 23 41 35 36 24 40 21 5 15 19 6 27 26 47 34 38 2 32 13 29 17 18 12 30 43 20 16 8 39 4 11 1 28 31 9 44 22 25 0 42 3 14 45 37 33 10
12 3
22 33 21 15 24 31 40 34 45 13 47 26 19 9 30 3 27 23 20 12 18 2 0 17 4 41 11 16 39 44 14 5 38 1 7 37 43 35 32 28 6 25 46 36 29 8 42 10
25 45 43 41 18 15 20 26 28 19 38 23 35 47 32 5 42 44 4 9 6 29 27 11 39 0 7 22 8 21 37 46 14 40 36 12 34 30 10 24 33 3 16 2 17 1 31 13
15 39 7 22 40 25 24 17 4 37 30 29 14 32 47 42 5 2 28 10 1 23 46 34 45 16 43 41 33 36 19 27 35 18 21 13 11 38 9 20 8 31 0 44 26 6 3 12
12 2
10 31 26 42 17 6 5 32 23 34 0 16 47 43 22 39 11 4 33 27 46 41 14 8 37 30 2 19 44 40 25 1 7 18 9 36 35 24 45 15 29 21 3 13 28 38 20 12
9 20 36 14 10 7 45 5 35 0 4 37 28 44 3 26 31 47 38 25 1 40 24 30 22 19 15 39 12 33 23 16 41 29 43 8 2 11 18 27 21 32 46 34 13 6 42 17
16 2
39 11 25 5 36 3 30 12 15 34 27 1 7 21 46 8 41 33 24 22 44 13 19 40 18 2 32 10 31 37 6 28 26 17 9 42 4 29 43 0 23 16 35 38 20 47 14 45
15 33 8 32 7 13 28 4 2 39 31 18 26 5 19 0 45 38 11 14 42 23 36 21 47 27 12 25 6 34 37 10 3 1 29 43 22 30 17 9 46 44 20 35 41 16 40 24
23 1
33 37 3 39 8 13 42 22 0 14 12 10 1 2 28 11 16 31 21 46 7 44 15 38 27 19 20 6 45 29 23 36 40 35 30 34 47 41 25 18 4 5 43 32 9 26 17 24
24 1
16 45 6 1 2 10 46 22 43 14 44 32 29 17 47 18 39 15 5 13 0 9 11 24 38 34 3 41 19 35 36 40 31 8 33 28 7 30 21 25 26 42 20 12 27 23 37 4
24 2
6 35 42 1 38 46 36 12 33 4 34 22 19 7 37 8 29 5 41 3 0 45 47 14 28 24 39 31 9 25 26 30 21 44 23 18 43 20 11 15 16 32 10 2 17 13 27 40
47 26 4 39 2 21 22 33 12 42 28 36 8 44 29 19 37 45 31 15 40 5 6 25 34 23 1 41 10 14 35 18 46 7 24 30 11 16 43 3 20 27 9 38 13 17 32 0
24 2
9 20 36 14 10 7 45 5 35 0 4 37 28 44 3 26 31 47 38 25 1 40 24 30 22 19 15 39 12 33 23 16 41 29 43 8 2 11 18 27 21 32 46 34 13 6 42 17
20 10 6 43 31 36 2 35 32 46 1 47 37 14 13 38 17 16 39 29 0 30 44 41 28 40 45 33 24 19 21 4 8 27 42 7 5 12 15 18 25 23 34 3 22 26 9 11
24 2
4 33 24 28 19 42 21 16 41 18 9 13 14 30 8 46 15 11 25 38 40 1 36 44 34 10 31 2 32 20 17 5 35 6 27 3 39 47 0 43 45 12 26 22 37 29 7 23
34 8 33 42 12 25 11 26 1 40 22 6 4 27 24 29 35 37 28 47 32 44 10 41 14 5 7 13 18 15 38 36 20 2 0 16 31 17 30 46 9 23 3 45 21 43 39 19
24 2
7 29 26 17 20 40 12 0 45 22 34 23 6 25 27 35 32 3 41 33 4 47 9 11 30 13 2 14 37 1 24 42 16 19 10 15 46 28 43 44 5 18 31 38 39 8 36 21
46 47 43 7 23 15 37 20 27 10 32 24 40 4 16 17 26 5 8 6 3 22 45 13 28 12 14 18 11 38 0 1 9 36 29 33 35 19 34 2 25 44 41 39 42 21 30 31
46 2
40 5 32 23 10 1 25 9 15 7 4 46 24 43 18 8 47 26 14 28 39 33 42 3 12 6 17 31 19 44 37 27 2 21 45 41 38 30 36 20 0 35 22 13 29 34 11 16
39 11 25 5 36 3 30 12 15 34 27 1 7 21 46 8 41 33 24 22 44 13 19 40 18 2 32 10 31 37 6 28 26 17 9 42 4 29 43 0 23 16 35 38 20 47 14 45
47 1
13 8 10 24 34 30 19 17 32 26 3 29 42 25 38 18 41 35 4 2 37 33 43 11 15 21 16 40 31 39 20 22 12 1 14 23 44 7 0 9 45 47 28 36 27 5 46 6
