285852 84
123 164 166 246 249 287 332 492 498
2
0 1 82 83 2 3 4 5 6 7 8 9 10 11 12 13 14 15 16 17 18 19 20 21 22 23 24 25 26 27 28 29 30 31 32 33 34 35 36 37 38 39 40 41 42 43 44 45 46 47 48 49 50 51 52 53 54 55 56 57 58 59 60 61 62 63 64 65 66 67 68 69 70 71 72 73 74 75 76 77 78 79 80 81
1 43 42 53 16 63 69 29 21 64 40 26 31 6 25 9 68 80 70 39 5 59 77 81 28 49 51 65 36 52 19 45 3 83 57 60 24 61 10 30 38 55 44 0 2 12 76 67 46 14 58 11 7 32 33 74 47 79 62 8 75 72 50 20 15 78 23 56 4 13 82 22 37 17 41 35 48 71 27 34 73 66 18 54
12
2 1
12 61 39 62 35 72 40 49 54 82 75 70 0 74 46 21 55 41 57 65 30 15 77 31 66 79 37 59 29 28 20 23 56 67 71 4 47 26 69 2 6 17 50 53 45 44 14 36 76 7 42 78 58 43 8 16 32 18 52 27 81 1 3 80 73 19 24 33 83 38 11 34 5 64 13 10 48 22 51 25 63 60 9 68
3 1
24 26 0 66 1 18 81 78 55 38 23 57 47 52 68 40 31 41 37 39 8 83 56 73 2 34 4 7 65 22 35 63 21 30 44 33 62 5 71 72 58 53 14 50 25 82 36 79 74 60 61 45 70 17 6 20 29 69 15 28 67 43 46 16 48 59 76 49 42 11 13 9 19 10 64 80 3 75 27 12 77 54 51 32
4 2
70 43 80 52 35 55 46 64 42 76 81 40 68 41 31 34 79 82 72 45 73 32 37 71 49 67 58 78 61 33 77 14 21 29 15 4 83 22 59 44 11 13 8 1 39 19 6 63 56 24 66 60 3 62 75 5 48 65 26 38 51 28 53 47 7 57 50 25 12 74 0 23 18 20 69 54 9 30 27 16 2 10 17 36
33 25 51 54 55 35 65 56 44 81 76 32 83 61 50 73 19 30 37 16 34 40 72 53 38 1 47 74 41 70 17 66 11 0 20 5 68 18 24 42 21 28 39 67 8 79 57 26 64 59 14 2 75 23 3 4 7 46 63 49 80 13 71 58 48 6 31 43 36 78 29 62 22 15 27 52 10 82 69 45 60 9 77 12
6 1
77 78 49 12 45 22 36 76 52 81 42 33 27 16 4 13 67 0 1 6 60 69 57 46 40 31 74 21 79 37 51 28 61 24 63 75 56 48 73 59 23 29 26 5 65 18 11 58 20 72 9 19 34 3 35 71 30 32 66 7 41 43 2 38 70 39 54 64 83 53 15 62 55 8 68 47 44 50 14 82 25 17 80 10
6 2
36 64 26 7 12 72 14 3 60 50 40 15 4 28 6 11 74 65 79 42 63 82 62 41 56 51 2 52 13 67 61 34 68 71 31 83 0 80 78 70 10 23 19 45 76 43 47 46 73 75 9 25 27 54 53 57 24 55 81 77 8 30 22 20 1 17 69 29 32 66 39 33 5 48 16 49 44 59 38 18 37 58 21 35
80 77 4 30 2 21 55 10 62 31 7 34 81 67 35 50 52 49 74 36 69 5 51 59 53 60 58 79 46 47 3 9 75 38 11 14 19 42 33 56 61 64 37 82 66 72 28 29 78 17 15 22 16 24 70 6 39 83 26 23 25 40 8 76 41 68 44 13 65 20 54 73 45 71 18 32 63 1 48 27 0 12 43 57
6 2
24 17 5 39 40 42 79 82 63 67 25 75 45 57 52 72 62 19 33 1 76 15 53 70 26 47 0 8 22 61 51 71 66 78 48 16 56 60 41 44 81 83 2 36 3 54 37 10 58 23 32 68 64 28 12 20 43 74 34 11 46 73 35 27 14 6 50 77 30 7 49 80 21 29 13 59 55 9 18 65 31 4 69 38
68 80 21 27 56 72 7 6 44 70 62 37 14 18 12 42 25 71 13 31 73 2 58 67 51 16 30 3 34 55 26 19 38 74 28 47 40 11 32 63 36 50 15 81 8 64 75 35 53 77 41 24 54 48 52 29 4 78 22 60 59 76 10 39 45 82 83 23 0 79 9 17 5 20 33 46 61 49 57 69 1 43 65 66
7 1
20 33 6 52 25 0 72 42 26 43 19 23 30 34 10 27 11 63 1 28 83 47 41 59 69 77 37 22 24 56 45 81 36 75 62 57 2 18 61 7 64 44 50 13 38 5 53 49 32 55 67 14 65 70 39 68 80 21 4 82 48 15 40 3 9 71 46 74 35 51 78 73 60 17 54 8 79 29 31 16 58 66 76 12
12 2
8 35 56 19 34 67 65 70 0 39 59 72 15 22 54 12 18 75 16 3 73 30 13 52 40 27 50 25 31 71 21 28 53 66 4 1 55 60 58 9 24 69 48 51 62 76 68 61 42 80 26 43 23 32 14 36 2 79 38 10 37 47 44 81 78 6 33 5 46 41 7 29 11 20 82 17 45 83 64 57 49 63 74 77
73 41 58 52 19 9 82 67 76 5 60 55 31 28 78 17 57 15 36 4 83 59 54 27 38 47 32 23 13 62 56 12 26 34 33 43 18 40 24 50 37 1 70 35 72 65 63 25 53 69 39 68 3 48 22 11 30 16 2 21 10 66 29 46 75 45 61 7 51 49 42 79 44 0 77 64 8 74 14 71 81 80 6 20
12 2
75 46 62 23 64 3 36 57 16 59 79 83 9 74 2 82 72 71 19 68 0 31 17 5 65 21 33 70 66 69 60 25 78 40 27 45 67 10 15 32 26 35 11 63 77 41 73 48 80 44 58 28 4 13 7 24 29 54 76 12 81 43 14 61 52 55 51 6 18 56 34 22 8 1 53 20 50 49 39 37 47 30 38 42
57 3 41 1 38 8 50 53 5 60 54 26 69 37 70 65 80 59 39 58 79 42 56 47 28 33 11 35 24 81 71 61 36 25 49 27 32 13 4 18 63 2 21 83 62 77 72 23 73 34 6 82 55 7 10 52 22 0 19 17 9 31 44 40 66 15 64 68 67 12 14 30 46 48 75 74 78 45 76 20 16 29 51 43
41 1
76 42 10 32 12 54 61 50 31 30 25 3 36 60 34 48 75 73 16 19 1 80 56 79 63 21 37 52 29 23 49 14 27 72 44 8 83 18 35 28 74 46 9 22 69 13 7 66 81 15 55 39 62 38 0 17 20 45 43 70 2 58 82 33 11 6 5 68 57 64 24 4 26 67 53 71 40 77 59 41 78 47 65 51
82 2
82 5 61 26 28 1 17 51 22 27 73 24 21 41 77 35 62 6 30 58 45 12 8 38 11 71 3 9 4 68 18 33 40 31 39 15 80 43 23 34 32 13 67 37 50 20 74 55 53 64 44 7 72 48 56 47 54 69 19 83 78 2 16 76 49 79 75 42 29 57 81 25 52 10 46 66 63 14 60 65 36 70 0 59
72 33 76 74 5 4 55 28 35 44 48 71 34 57 61 70 77 50 19 18 31 29 65 80 47 82 43 45 7 21 49 20 42 1 12 8 68 69 51 59 83 53 32 26 9 27 66 24 10 30 17 38 64 41 67 6 75 13 81 39 78 14 79 73 52 22 46 54 36 37 15 11 0 63 3 56 2 16 60 62 23 58 25 40
83 1
47 43 72 46 33 19 58 60 6 51 80 13 24 64 36 83 20 53 69 59 35 40 75 63 76 12 5 28 22 65 8 73 29 49 9 1 79 4 11 0 81 41 61 17 82 25 68 62 3 78 14 27 15 50 55 31 21 37 70 7 54 26 66 77 10 39 2 30 32 71 57 44 18 48 52 23 74 56 45 34 16 67 38 42
