262080 65
35 39 40 45 52 70 78 80 90 91 104 105 117 120 140 156 160 180 182 208 210 234 240 273 280 312 315 320 360 364 416 420 468 480
2
0 1 63 27 45 17 25 32 40 47 55 64 2 11 12 13 14 15 16 18 5 19 20 21 22 23 24 26 6 28 3 29 30 31 33 7 34 35 36 37 38 39 41 8 42 43 44 46 4 48 9 49 50 51 52 53 54 56 10 57 58 59 60 61 62
1 2 0 3 4 8 5 10 6 7 9 17 23 53 34 39 42 57 58 13 45 20 62 50 35 52 31 24 16 26 55 29 15 59 37 27 60 14 41 32 51 61 28 36 49 21 44 33 40 46 12 48 63 19 30 54 22 11 64 47 43 38 56 25 18
65
2 1
51 46 56 39 23 61 10 29 33 13 6 43 47 9 64 58 37 44 41 20 19 50 22 4 25 24 36 53 60 7 48 49 54 8 59 55 26 16 63 3 45 18 62 11 17 40 1 12 30 31 21 0 57 27 32 35 2 52 15 34 28 5 42 38 14
3 1
1 51 23 13 34 17 19 7 18 43 29 40 5 59 2 10 16 12 42 56 4 44 25 14 47 55 28 39 48 15 24 37 62 31 20 27 21 33 53 35 49 60 8 63 36 52 50 30 26 11 58 0 57 64 41 22 6 45 46 3 54 32 61 9 38
4 2
36 47 64 52 49 13 8 37 6 60 32 17 29 5 46 15 38 11 54 20 19 41 61 62 34 30 39 51 48 12 25 55 10 40 24 56 0 7 16 26 33 21 57 63 50 58 14 1 28 4 44 27 3 59 18 31 35 42 45 53 9 22 23 43 2
27 10 55 19 28 60 18 35 54 13 1 24 57 9 43 15 41 34 6 3 52 38 26 45 11 44 22 0 4 42 50 64 47 53 17 7 51 56 21 61 59 16 29 14 25 23 63 32 49 48 30 36 20 33 8 2 37 12 62 40 5 39 58 46 31
4 2
3 55 10 0 62 16 30 61 25 21 2 14 33 38 11 15 5 46 50 27 51 9 37 49 43 8 56 19 58 40 6 47 64 12 63 39 52 22 13 35 29 60 59 24 54 48 17 31 45 23 18 20 36 57 44 1 26 53 28 42 41 7 4 34 32
20 64 47 51 45 21 44 26 50 16 31 63 59 41 34 15 9 43 25 36 0 5 35 28 46 18 7 52 23 53 54 10 55 42 14 22 19 39 60 37 57 13 33 17 6 4 24 2 62 58 8 3 27 29 30 32 61 40 49 12 38 56 48 11 1
4 2
60 6 31 32 63 28 1 26 51 42 38 23 18 36 58 20 41 46 12 49 15 64 55 11 40 30 7 39 5 48 25 2 3 35 45 33 13 44 10 27 24 16 9 43 37 34 17 59 29 19 53 8 61 50 57 22 62 54 14 47 0 52 56 4 21
55 31 6 16 34 52 2 14 24 12 47 30 9 35 7 44 3 57 42 50 37 56 60 25 8 23 58 48 61 39 11 1 41 36 4 13 33 20 59 29 51 32 18 43 15 63 54 10 27 53 19 40 5 49 46 0 21 17 26 38 22 28 64 45 62
4 2
33 50 6 12 60 28 2 34 64 49 30 56 3 48 26 15 58 35 55 57 42 23 43 21 37 32 14 53 5 52 10 54 25 0 7 17 40 24 45 46 36 62 20 22 47 38 39 44 13 9 1 59 29 27 31 18 11 19 16 51 4 63 41 61 8
27 10 55 19 28 60 18 35 54 13 1 24 57 9 43 15 41 34 6 3 52 38 26 45 11 44 22 0 4 42 50 64 47 53 17 7 51 56 21 61 59 16 29 14 25 23 63 32 49 48 30 36 20 33 8 2 37 12 62 40 5 39 58 46 31
4 2
58 53 9 39 50 27 54 30 24 2 43 61 59 14 13 55 38 34 60 29 42 62 64 26 8 28 23 5 25 19 7 40 57 35 17 33 48 49 16 3 31 51 20 10 45 44 52 63 36 37 4 41 46 1 6 15 56 32 0 12 18 11 21 47 22
6 32 29 47 30 15 0 50 59 19 31 28 24 36 48 5 23 52 62 9 33 60 45 16 12 61 38 55 11 2 4 10 1 20 46 42 13 51 26 63 43 49 35 40 64 22 34 3 14 41 7 37 17 57 58 27 56 53 54 8 21 25 18 39 44
4 2
27 10 55 19 28 60 18 35 54 13 1 24 57 9 43 15 41 34 6 3 52 38 26 45 11 44 22 0 4 42 50 64 47 53 17 7 51 56 21 61 59 16 29 14 25 23 63 32 49 48 30 36 20 33 8 2 37 12 62 40 5 39 58 46 31
59 25 54 42 13 49 31 11 55 28 44 7 20 4 61 15 23 37 64 29 12 58 46 16 35 1 63 40 9 19 47 6 50 51 56 24 53 17 62 43 27 45 3 39 10 41 22 30 60 5 32 33 57 36 2 8 34 52 21 0 48 14 38 26 18
4 2
30 50 19 47 31 45 42 52 58 51 61 64 26 60 21 56 18 62 16 2 25 14 46 40 48 20 12 28 27 32 0 4 29 57 49 59 63 43 44 55 23 41 6 37 38 5 22 3 24 34 1 9 7 54 53 39 15 33 8 35 13 10 17 36 11
44 37 6 9 46 26 2 29 54 3 18 20 45 33 48 36 61 55 10 42 11 24 31 28 21 64 5 40 23 7 38 22 52 13 35 34 15 1 30 62 27 41 19 50 0 12 4 51 14 59 43 47 32 58 8 17 63 60 53 49 57 16 39 56 25
4 2
37 51 10 47 9 12 39 43 60 4 2 31 5 41 54 64 59 23 18 29 26 34 48 17 57 32 20 30 45 19 27 11 25 50 21 36 35 0 56 6 42 13 40 7 61 28 55 3 22 63 33 1 53 52 14 46 38 24 62 16 8 44 58 49 15
12 23 38 42 60 37 41 29 9 8 56 21 0 39 24 27 46 51 18 43 62 11 49 1 14 50 58 15 52 7 64 34 33 32 31 44 61 5 2 13 47 6 3 19 35 53 16 40 63 22 25 17 28 45 57 59 10 54 26 55 4 36 20 48 30
4 2
51 32 31 20 48 9 54 56 18 5 47 34 42 60 63 15 21 24 8 52 3 16 39 58 17 50 61 36 49 57 44 2 1 59 11 37 27 35 41 22 53 38 12 46 30 62 43 10 4 28 25 0 19 40 6 64 7 29 23 33 13 26 45 14 55
40 44 8 29 9 48 64 24 2 4 25 35 52 28 39 15 45 56 31 42 57 62 63 41 7 10 46 59 13 3 32 18 30 36 37 11 33 34 58 14 0 23 19 61 1 16 26 50 5 60 47 53 12 51 55 54 17 20 38 27 49 43 21 22 6
4 2
36 47 64 52 49 13 8 37 6 60 32 17 29 5 46 15 38 11 54 20 19 41 61 62 34 30 39 51 48 12 25 55 10 40 24 56 0 7 16 26 33 21 57 63 50 58 14 1 28 4 44 27 3 59 18 31 35 42 45 53 9 22 23 43 2
40 44 8 29 9 48 64 24 2 4 25 35 52 28 39 15 45 56 31 42 57 62 63 41 7 10 46 59 13 3 32 18 30 36 37 11 33 34 58 14 0 23 19 61 1 16 26 50 5 60 47 53 12 51 55 54 17 20 38 27 49 43 21 22 6
4 2
20 64 47 51 45 21 44 26 50 16 31 63 59 41 34 15 9 43 25 36 0 5 35 28 46 18 7 52 23 53 54 10 55 42 14 22 19 39 60 37 57 13 33 17 6 4 24 2 62 58 8 3 27 29 30 32 61 40 49 12 38 56 48 11 1
18 12 53 50 43 26 27 21 51 61 57 58 1 39 28 15 56 45 0 30 25 7 60 34 62 20 5 6 14 47 19 40 42 55 23 38 54 41 35 13 31 37 32 4 52 17 48 29 46 63 3 8 44 2 36 33 16 10 11 64 22 9 24 49 59
5 1
53 18 61 31 14 26 57 21 12 27 51 28 62 4 23 9 15 46 35 56 22 48 25 63 43 64 8 52 34 20 39 33 19 24 45 0 55 54 37 60 44 11 10 3 30 41 42 58 59 2 7 17 16 1 6 49 47 38 32 50 40 36 5 13 29
6 2
2 34 0 53 30 36 31 20 56 37 25 26 29 51 19 52 33 46 60 14 7 42 48 23 50 10 11 63 39 12 4 6 47 16 1 45 5 9 41 28 44 38 21 57 40 35 17 32 22 62 24 13 15 3 64 59 8 43 61 55 18 58 49 27 54
20 58 55 34 64 30 47 59 41 56 13 22 12 10 24 32 40 46 26 45 0 51 11 29 14 42 18 57 43 23 5 52 15 62 3 50 54 38 37 63 16 8 25 28 49 19 17 6 60 44 35 21 31 61 36 2 9 27 1 7 48 53 33 39 4
7 1
5 49 62 46 43 27 17 18 39 2 25 6 8 56 48 3 40 20 12 42 60 34 55 31 38 11 4 47 44 33 58 1 16 24 59 57 41 32 26 54 9 53 61 29 15 19 14 36 28 63 50 45 52 0 64 35 23 21 51 22 10 30 37 13 7
8 3
29 54 25 40 21 45 32 43 10 62 8 39 36 58 35 15 48 26 47 59 53 4 34 60 61 2 17 42 38 0 64 50 6 52 22 14 12 63 28 11 3 49 27 7 55 5 56 18 16 41 31 57 33 20 1 44 46 51 13 19 23 24 9 37 30
31 52 51 47 61 46 59 62 53 43 20 38 44 14 13 15 17 16 40 32 10 24 49 37 21 57 48 64 39 50 42 0 19 54 41 58 55 23 11 28 18 34 30 9 12 56 5 3 26 22 29 2 1 8 33 36 45 25 35 6 63 4 7 60 27
59 25 54 42 13 49 31 11 55 28 44 7 20 4 61 15 23 37 64 29 12 58 46 16 35 1 63 40 9 19 47 6 50 51 56 24 53 17 62 43 27 45 3 39 10 41 22 30 60 5 32 33 57 36 2 8 34 52 21 0 48 14 38 26 18
8 3
33 50 6 12 60 28 2 34 64 49 30 56 3 48 26 15 58 35 55 57 42 23 43 21 37 32 14 53 5 52 10 54 25 0 7 17 40 24 45 46 36 62 20 22 47 38 39 44 13 9 1 59 29 27 31 18 11 19 16 51 4 63 41 61 8
31 52 51 47 61 46 59 62 53 43 20 38 44 14 13 15 17 16 40 32 10 24 49 37 21 57 48 64 39 50 42 0 19 54 41 58 55 23 11 28 18 34 30 9 12 56 5 3 26 22 29 2 1 8 33 36 45 25 35 6 63 4 7 60 27
10 27 3 2 56 24 12 48 29 17 0 60 6 34 41 15 43 9 57 55 31 46 58 39 5 40 62 1 37 8 33 20 36 30 13 49 32 28 63 23 25 14 54 16 59 61 21 51 7 35 53 47 64 50 42 19 4 18 22 44 11 45 26 38 52
8 3
8 42 40 25 46 61 36 16 0 26 29 23 32 22 49 15 7 62 51 44 50 56 13 11 45 3 9 54 63 10 52 53 12 64 58 41 6 38 37 60 2 35 1 48 19 24 4 57 43 14 20 18 30 31 27 59 21 47 34 55 39 5 17 28 33
31 52 51 47 61 46 59 62 53 43 20 38 44 14 13 15 17 16 40 32 10 24 49 37 21 57 48 64 39 50 42 0 19 54 41 58 55 23 11 28 18 34 30 9 12 56 5 3 26 22 29 2 1 8 33 36 45 25 35 6 63 4 7 60 27
40 44 8 29 9 48 64 24 2 4 25 35 52 28 39 15 45 56 31 42 57 62 63 41 7 10 46 59 13 3 32 18 30 36 37 11 33 34 58 14 0 23 19 61 1 16 26 50 5 60 47 53 12 51 55 54 17 20 38 27 49 43 21 22 6
8 3
27 10 55 19 28 60 18 35 54 13 1 24 57 9 43 15 41 34 6 3 52 38 26 45 11 44 22 0 4 42 50 64 47 53 17 7 51 56 21 61 59 16 29 14 25 23 63 32 49 48 30 36 20 33 8 2 37 12 62 40 5 39 58 46 31
59 25 54 42 13 49 31 11 55 28 44 7 20 4 61 15 23 37 64 29 12 58 46 16 35 1 63 40 9 19 47 6 50 51 56 24 53 17 62 43 27 45 3 39 10 41 22 30 60 5 32 33 57 36 2 8 34 52 21 0 48 14 38 26 18
47 36 20 31 7 17 42 4 57 24 51 13 54 11 38 15 46 5 29 64 2 43 23 22 9 53 45 32 35 18 59 3 27 44 60 28 1 49 14 58 50 63 6 21 33 26 16 0 56 37 40 10 55 25 12 52 48 8 39 30 34 62 61 41 19
8 3
36 47 64 52 49 13 8 37 6 60 32 17 29 5 46 15 38 11 54 20 19 41 61 62 34 30 39 51 48 12 25 55 10 40 24 56 0 7 16 26 33 21 57 63 50 58 14 1 28 4 44 27 3 59 18 31 35 42 45 53 9 22 23 43 2
18 12 53 50 43 26 27 21 51 61 57 58 1 39 28 15 56 45 0 30 25 7 60 34 62 20 5 6 14 47 19 40 42 55 23 38 54 41 35 13 31 37 32 4 52 17 48 29 46 63 3 8 44 2 36 33 16 10 11 64 22 9 24 49 59
10 27 3 2 56 24 12 48 29 17 0 60 6 34 41 15 43 9 57 55 31 46 58 39 5 40 62 1 37 8 33 20 36 30 13 49 32 28 63 23 25 14 54 16 59 61 21 51 7 35 53 47 64 50 42 19 4 18 22 44 11 45 26 38 52
8 3
36 47 64 52 49 13 8 37 6 60 32 17 29 5 46 15 38 11 54 20 19 41 61 62 34 30 39 51 48 12 25 55 10 40 24 56 0 7 16 26 33 21 57 63 50 58 14 1 28 4 44 27 3 59 18 31 35 42 45 53 9 22 23 43 2
18 12 53 50 43 26 27 21 51 61 57 58 1 39 28 15 56 45 0 30 25 7 60 34 62 20 5 6 14 47 19 40 42 55 23 38 54 41 35 13 31 37 32 4 52 17 48 29 46 63 3 8 44 2 36 33 16 10 11 64 22 9 24 49 59
47 36 20 31 7 17 42 4 57 24 51 13 54 11 38 15 46 5 29 64 2 43 23 22 9 53 45 32 35 18 59 3 27 44 60 28 1 49 14 58 50 63 6 21 33 26 16 0 56 37 40 10 55 25 12 52 48 8 39 30 34 62 61 41 19
8 3
3 55 10 0 62 16 30 61 25 21 2 14 33 38 11 15 5 46 50 27 51 9 37 49 43 8 56 19 58 40 6 47 64 12 63 39 52 22 13 35 29 60 59 24 54 48 17 31 45 23 18 20 36 57 44 1 26 53 28 42 41 7 4 34 32
18 12 53 50 43 26 27 21 51 61 57 58 1 39 28 15 56 45 0 30 25 7 60 34 62 20 5 6 14 47 19 40 42 55 23 38 54 41 35 13 31 37 32 4 52 17 48 29 46 63 3 8 44 2 36 33 16 10 11 64 22 9 24 49 59
27 10 55 19 28 60 18 35 54 13 1 24 57 9 43 15 41 34 6 3 52 38 26 45 11 44 22 0 4 42 50 64 47 53 17 7 51 56 21 61 59 16 29 14 25 23 63 32 49 48 30 36 20 33 8 2 37 12 62 40 5 39 58 46 31
8 3
3 55 10 0 62 16 30 61 25 21 2 14 33 38 11 15 5 46 50 27 51 9 37 49 43 8 56 19 58 40 6 47 64 12 63 39 52 22 13 35 29 60 59 24 54 48 17 31 45 23 18 20 36 57 44 1 26 53 28 42 41 7 4 34 32
18 12 53 50 43 26 27 21 51 61 57 58 1 39 28 15 56 45 0 30 25 7 60 34 62 20 5 6 14 47 19 40 42 55 23 38 54 41 35 13 31 37 32 4 52 17 48 29 46 63 3 8 44 2 36 33 16 10 11 64 22 9 24 49 59
20 64 47 51 45 21 44 26 50 16 31 63 59 41 34 15 9 43 25 36 0 5 35 28 46 18 7 52 23 53 54 10 55 42 14 22 19 39 60 37 57 13 33 17 6 4 24 2 62 58 8 3 27 29 30 32 61 40 49 12 38 56 48 11 1
8 3
27 10 55 19 28 60 18 35 54 13 1 24 57 9 43 15 41 34 6 3 52 38 26 45 11 44 22 0 4 42 50 64 47 53 17 7 51 56 21 61 59 16 29 14 25 23 63 32 49 48 30 36 20 33 8 2 37 12 62 40 5 39 58 46 31
18 12 53 50 43 26 27 21 51 61 57 58 1 39 28 15 56 45 0 30 25 7 60 34 62 20 5 6 14 47 19 40 42 55 23 38 54 41 35 13 31 37 32 4 52 17 48 29 46 63 3 8 44 2 36 33 16 10 11 64 22 9 24 49 59
20 64 47 51 45 21 44 26 50 16 31 63 59 41 34 15 9 43 25 36 0 5 35 28 46 18 7 52 23 53 54 10 55 42 14 22 19 39 60 37 57 13 33 17 6 4 24 2 62 58 8 3 27 29 30 32 61 40 49 12 38 56 48 11 1
8 3
36 47 64 52 49 13 8 37 6 60 32 17 29 5 46 15 38 11 54 20 19 41 61 62 34 30 39 51 48 12 25 55 10 40 24 56 0 7 16 26 33 21 57 63 50 58 14 1 28 4 44 27 3 59 18 31 35 42 45 53 9 22 23 43 2
57 6 50 53 16 62 1 46 47 45 18 22 27 23 37 15 4 61 10 33 40 48 11 13 26 31 24 12 41 51 55 25 54 19 39 63 42 14 49 34 20 28 36 56 64 9 7 8 21 38 2 29 59 3 32 30 43 0 60 52 58 17 5 35 44
40 44 8 29 9 48 64 24 2 4 25 35 52 28 39 15 45 56 31 42 57 62 63 41 7 10 46 59 13 3 32 18 30 36 37 11 33 34 58 14 0 23 19 61 1 16 26 50 5 60 47 53 12 51 55 54 17 20 38 27 49 43 21 22 6
8 3
58 53 9 39 50 27 54 30 24 2 43 61 59 14 13 55 38 34 60 29 42 62 64 26 8 28 23 5 25 19 7 40 57 35 17 33 48 49 16 3 31 51 20 10 45 44 52 63 36 37 4 41 46 1 6 15 56 32 0 12 18 11 21 47 22
64 48 8 52 10 25 44 40 2 24 4 55 19 57 32 61 37 47 33 12 62 42 58 51 9 5 41 28 27 59 31 30 14 18 63 60 53 16 49 46 7 26 21 50 6 54 39 17 1 38 43 23 3 36 45 11 56 13 22 29 35 15 20 34 0
6 32 29 47 30 15 0 50 59 19 31 28 24 36 48 5 23 52 62 9 33 60 45 16 12 61 38 55 11 2 4 10 1 20 46 42 13 51 26 63 43 49 35 40 64 22 34 3 14 41 7 37 17 57 58 27 56 53 54 8 21 25 18 39 44
8 3
36 47 64 52 49 13 8 37 6 60 32 17 29 5 46 15 38 11 54 20 19 41 61 62 34 30 39 51 48 12 25 55 10 40 24 56 0 7 16 26 33 21 57 63 50 58 14 1 28 4 44 27 3 59 18 31 35 42 45 53 9 22 23 43 2
20 64 47 51 45 21 44 26 50 16 31 63 59 41 34 15 9 43 25 36 0 5 35 28 46 18 7 52 23 53 54 10 55 42 14 22 19 39 60 37 57 13 33 17 6 4 24 2 62 58 8 3 27 29 30 32 61 40 49 12 38 56 48 11 1
27 10 55 19 28 60 18 35 54 13 1 24 57 9 43 15 41 34 6 3 52 38 26 45 11 44 22 0 4 42 50 64 47 53 17 7 51 56 21 61 59 16 29 14 25 23 63 32 49 48 30 36 20 33 8 2 37 12 62 40 5 39 58 46 31
8 3
19 2 1 27 58 41 50 39 44 38 55 43 53 21 24 15 60 63 30 0 36 13 56 48 14 54 37 3 62 59 18 32 31 57 46 61 20 26 9 7 42 5 40 11 8 49 34 64 23 45 6 52 51 12 25 10 22 33 4 29 16 35 28 17 47
31 52 51 47 61 46 59 62 53 43 20 38 44 14 13 15 17 16 40 32 10 24 49 37 21 57 48 64 39 50 42 0 19 54 41 58 55 23 11 28 18 34 30 9 12 56 5 3 26 22 29 2 1 8 33 36 45 25 35 6 63 4 7 60 27
57 6 50 53 16 62 1 46 47 45 18 22 27 23 37 15 4 61 10 33 40 48 11 13 26 31 24 12 41 51 55 25 54 19 39 63 42 14 49 34 20 28 36 56 64 9 7 8 21 38 2 29 59 3 32 30 43 0 60 52 58 17 5 35 44
8 3
55 3 27 1 22 14 53 23 59 63 19 16 50 46 5 15 11 38 33 10 32 34 4 7 41 42 28 2 26 44 57 36 20 18 21 45 31 62 17 48 54 24 25 60 29 35 13 52 39 61 12 64 47 6 40 0 58 30 56 8 43 49 37 9 51
40 44 8 29 9 48 64 24 2 4 25 35 52 28 39 15 45 56 31 42 57 62 63 41 7 10 46 59 13 3 32 18 30 36 37 11 33 34 58 14 0 23 19 61 1 16 26 50 5 60 47 53 12 51 55 54 17 20 38 27 49 43 21 22 6
3 55 10 0 62 16 30 61 25 21 2 14 33 38 11 15 5 46 50 27 51 9 37 49 43 8 56 19 58 40 6 47 64 12 63 39 52 22 13 35 29 60 59 24 54 48 17 31 45 23 18 20 36 57 44 1 26 53 28 42 41 7 4 34 32
8 3
36 47 64 52 49 13 8 37 6 60 32 17 29 5 46 15 38 11 54 20 19 41 61 62 34 30 39 51 48 12 25 55 10 40 24 56 0 7 16 26 33 21 57 63 50 58 14 1 28 4 44 27 3 59 18 31 35 42 45 53 9 22 23 43 2
31 52 51 47 61 46 59 62 53 43 20 38 44 14 13 15 17 16 40 32 10 24 49 37 21 57 48 64 39 50 42 0 19 54 41 58 55 23 11 28 18 34 30 9 12 56 5 3 26 22 29 2 1 8 33 36 45 25 35 6 63 4 7 60 27
40 44 8 29 9 48 64 24 2 4 25 35 52 28 39 15 45 56 31 42 57 62 63 41 7 10 46 59 13 3 32 18 30 36 37 11 33 34 58 14 0 23 19 61 1 16 26 50 5 60 47 53 12 51 55 54 17 20 38 27 49 43 21 22 6
8 3
36 47 64 52 49 13 8 37 6 60 32 17 29 5 46 15 38 11 54 20 19 41 61 62 34 30 39 51 48 12 25 55 10 40 24 56 0 7 16 26 33 21 57 63 50 58 14 1 28 4 44 27 3 59 18 31 35 42 45 53 9 22 23 43 2
59 25 54 42 13 49 31 11 55 28 44 7 20 4 61 15 23 37 64 29 12 58 46 16 35 1 63 40 9 19 47 6 50 51 56 24 53 17 62 43 27 45 3 39 10 41 22 30 60 5 32 33 57 36 2 8 34 52 21 0 48 14 38 26 18
40 44 8 29 9 48 64 24 2 4 25 35 52 28 39 15 45 56 31 42 57 62 63 41 7 10 46 59 13 3 32 18 30 36 37 11 33 34 58 14 0 23 19 61 1 16 26 50 5 60 47 53 12 51 55 54 17 20 38 27 49 43 21 22 6
8 3
36 47 64 52 49 13 8 37 6 60 32 17 29 5 46 15 38 11 54 20 19 41 61 62 34 30 39 51 48 12 25 55 10 40 24 56 0 7 16 26 33 21 57 63 50 58 14 1 28 4 44 27 3 59 18 31 35 42 45 53 9 22 23 43 2
18 12 53 50 43 26 27 21 51 61 57 58 1 39 28 15 56 45 0 30 25 7 60 34 62 20 5 6 14 47 19 40 42 55 23 38 54 41 35 13 31 37 32 4 52 17 48 29 46 63 3 8 44 2 36 33 16 10 11 64 22 9 24 49 59
27 10 55 19 28 60 18 35 54 13 1 24 57 9 43 15 41 34 6 3 52 38 26 45 11 44 22 0 4 42 50 64 47 53 17 7 51 56 21 61 59 16 29 14 25 23 63 32 49 48 30 36 20 33 8 2 37 12 62 40 5 39 58 46 31
8 3
55 3 27 1 22 14 53 23 59 63 19 16 50 46 5 15 11 38 33 10 32 34 4 7 41 42 28 2 26 44 57 36 20 18 21 45 31 62 17 48 54 24 25 60 29 35 13 52 39 61 12 64 47 6 40 0 58 30 56 8 43 49 37 9 51
57 6 50 53 16 62 1 46 47 45 18 22 27 23 37 15 4 61 10 33 40 48 11 13 26 31 24 12 41 51 55 25 54 19 39 63 42 14 49 34 20 28 36 56 64 9 7 8 21 38 2 29 59 3 32 30 43 0 60 52 58 17 5 35 44
40 44 8 29 9 48 64 24 2 4 25 35 52 28 39 15 45 56 31 42 57 62 63 41 7 10 46 59 13 3 32 18 30 36 37 11 33 34 58 14 0 23 19 61 1 16 26 50 5 60 47 53 12 51 55 54 17 20 38 27 49 43 21 22 6
8 3
19 2 1 27 58 41 50 39 44 38 55 43 53 21 24 15 60 63 30 0 36 13 56 48 14 54 37 3 62 59 18 32 31 57 46 61 20 26 9 7 42 5 40 11 8 49 34 64 23 45 6 52 51 12 25 10 22 33 4 29 16 35 28 17 47
31 52 51 47 61 46 59 62 53 43 20 38 44 14 13 15 17 16 40 32 10 24 49 37 21 57 48 64 39 50 42 0 19 54 41 58 55 23 11 28 18 34 30 9 12 56 5 3 26 22 29 2 1 8 33 36 45 25 35 6 63 4 7 60 27
40 44 8 29 9 48 64 24 2 4 25 35 52 28 39 15 45 56 31 42 57 62 63 41 7 10 46 59 13 3 32 18 30 36 37 11 33 34 58 14 0 23 19 61 1 16 26 50 5 60 47 53 12 51 55 54 17 20 38 27 49 43 21 22 6
8 3
8 42 40 25 46 61 36 16 0 26 29 23 32 22 49 15 7 62 51 44 50 56 13 11 45 3 9 54 63 10 52 53 12 64 58 41 6 38 37 60 2 35 1 48 19 24 4 57 43 14 20 18 30 31 27 59 21 47 34 55 39 5 17 28 33
27 10 55 19 28 60 18 35 54 13 1 24 57 9 43 15 41 34 6 3 52 38 26 45 11 44 22 0 4 42 50 64 47 53 17 7 51 56 21 61 59 16 29 14 25 23 63 32 49 48 30 36 20 33 8 2 37 12 62 40 5 39 58 46 31
3 55 10 0 62 16 30 61 25 21 2 14 33 38 11 15 5 46 50 27 51 9 37 49 43 8 56 19 58 40 6 47 64 12 63 39 52 22 13 35 29 60 59 24 54 48 17 31 45 23 18 20 36 57 44 1 26 53 28 42 41 7 4 34 32
8 3
8 42 40 25 46 61 36 16 0 26 29 23 32 22 49 15 7 62 51 44 50 56 13 11 45 3 9 54 63 10 52 53 12 64 58 41 6 38 37 60 2 35 1 48 19 24 4 57 43 14 20 18 30 31 27 59 21 47 34 55 39 5 17 28 33
20 64 47 51 45 21 44 26 50 16 31 63 59 41 34 15 9 43 25 36 0 5 35 28 46 18 7 52 23 53 54 10 55 42 14 22 19 39 60 37 57 13 33 17 6 4 24 2 62 58 8 3 27 29 30 32 61 40 49 12 38 56 48 11 1
27 10 55 19 28 60 18 35 54 13 1 24 57 9 43 15 41 34 6 3 52 38 26 45 11 44 22 0 4 42 50 64 47 53 17 7 51 56 21 61 59 16 29 14 25 23 63 32 49 48 30 36 20 33 8 2 37 12 62 40 5 39 58 46 31
8 3
19 2 1 27 58 41 50 39 44 38 55 43 53 21 24 15 60 63 30 0 36 13 56 48 14 54 37 3 62 59 18 32 31 57 46 61 20 26 9 7 42 5 40 11 8 49 34 64 23 45 6 52 51 12 25 10 22 33 4 29 16 35 28 17 47
40 44 8 29 9 48 64 24 2 4 25 35 52 28 39 15 45 56 31 42 57 62 63 41 7 10 46 59 13 3 32 18 30 36 37 11 33 34 58 14 0 23 19 61 1 16 26 50 5 60 47 53 12 51 55 54 17 20 38 27 49 43 21 22 6
8 42 40 25 46 61 36 16 0 26 29 23 32 22 49 15 7 62 51 44 50 56 13 11 45 3 9 54 63 10 52 53 12 64 58 41 6 38 37 60 2 35 1 48 19 24 4 57 43 14 20 18 30 31 27 59 21 47 34 55 39 5 17 28 33
8 3
64 20 36 32 39 63 40 58 33 14 52 21 25 43 9 15 34 41 59 47 1 11 48 56 38 12 49 31 61 30 29 27 3 8 16 62 2 45 24 4 6 17 50 13 57 37 60 19 22 26 42 55 10 54 53 51 23 44 7 18 46 28 35 5 0
57 6 50 53 16 62 1 46 47 45 18 22 27 23 37 15 4 61 10 33 40 48 11 13 26 31 24 12 41 51 55 25 54 19 39 63 42 14 49 34 20 28 36 56 64 9 7 8 21 38 2 29 59 3 32 30 43 0 60 52 58 17 5 35 44
20 64 47 51 45 21 44 26 50 16 31 63 59 41 34 15 9 43 25 36 0 5 35 28 46 18 7 52 23 53 54 10 55 42 14 22 19 39 60 37 57 13 33 17 6 4 24 2 62 58 8 3 27 29 30 32 61 40 49 12 38 56 48 11 1
9 1
8 25 63 53 0 11 36 7 21 23 57 10 4 14 59 38 15 13 42 62 2 34 27 20 41 58 18 43 44 1 47 35 17 56 45 40 49 37 33 3 16 6 32 64 9 30 5 12 22 29 48 61 26 46 39 31 55 54 24 52 50 28 60 51 19
10 2
60 4 10 59 1 37 51 39 43 12 2 64 9 22 19 54 34 29 28 14 58 46 13 63 36 47 35 55 18 17 44 40 61 48 16 26 24 5 52 7 31 57 49 8 30 56 21 25 33 42 62 6 38 53 15 27 45 41 20 3 0 32 50 23 11
56 58 14 35 49 29 27 34 18 16 50 45 37 53 2 20 9 39 8 43 15 60 44 59 48 63 32 6 62 5 30 42 26 52 7 3 51 12 55 17 54 46 31 19 22 11 41 61 24 4 10 36 33 13 40 38 0 64 1 23 21 47 28 25 57
12 2
54 41 39 52 4 59 22 29 42 51 27 58 34 14 23 0 6 45 17 50 57 43 16 13 48 3 24 31 62 40 61 10 30 8 46 9 11 53 2 38 7 55 33 64 19 18 12 28 26 37 44 35 25 49 15 1 5 60 36 56 20 32 47 63 21
49 22 7 53 33 43 44 2 42 52 36 64 45 16 55 35 13 57 47 23 34 31 1 19 40 54 39 59 46 30 29 21 48 4 20 15 10 51 61 26 24 50 8 5 6 12 28 18 32 0 41 37 9 3 25 14 58 17 56 27 62 38 60 63 11
13 1
19 2 11 35 37 6 4 53 36 62 61 8 49 34 58 64 23 38 45 52 51 12 25 10 22 55 33 29 16 28 17 47 1 43 21 24 15 60 63 30 41 0 13 56 48 14 54 50 3 27 59 18 32 31 57 39 46 20 26 9 7 42 5 44 40
14 2
10 50 40 29 38 54 56 44 30 22 0 33 24 47 43 19 61 48 52 15 64 42 9 46 12 26 25 27 51 3 8 62 58 11 39 53 55 59 4 34 2 60 21 14 7 49 23 13 17 45 1 28 18 35 5 36 6 63 32 37 41 16 31 57 20
46 26 58 24 27 28 29 21 45 23 59 14 60 31 11 51 62 30 36 56 64 7 48 9 3 44 1 4 5 6 17 13 33 32 53 35 18 49 39 38 57 54 47 52 25 8 0 42 22 37 61 15 43 34 41 63 19 40 2 10 12 50 16 55 20
16 4
55 3 27 1 22 14 53 23 59 63 19 16 50 46 5 15 11 38 33 10 32 34 4 7 41 42 28 2 26 44 57 36 20 18 21 45 31 62 17 48 54 24 25 60 29 35 13 52 39 61 12 64 47 6 40 0 58 30 56 8 43 49 37 9 51
38 46 34 13 42 52 7 6 37 19 63 31 48 3 47 15 36 55 35 9 60 27 25 53 64 22 44 21 29 28 61 11 43 45 2 18 16 8 0 50 58 51 4 32 26 33 1 14 12 57 39 41 5 23 56 17 54 49 40 62 20 30 59 10 24
40 44 8 29 9 48 64 24 2 4 25 35 52 28 39 15 45 56 31 42 57 62 63 41 7 10 46 59 13 3 32 18 30 36 37 11 33 34 58 14 0 23 19 61 1 16 26 50 5 60 47 53 12 51 55 54 17 20 38 27 49 43 21 22 6
10 27 3 2 56 24 12 48 29 17 0 60 6 34 41 15 43 9 57 55 31 46 58 39 5 40 62 1 37 8 33 20 36 30 13 49 32 28 63 23 25 14 54 16 59 61 21 51 7 35 53 47 64 50 42 19 4 18 22 44 11 45 26 38 52
16 4
37 4 58 22 1 30 16 36 38 44 28 53 43 25 57 15 6 59 41 26 39 54 3 31 33 13 19 56 10 63 5 23 48 24 40 51 7 0 8 20 34 18 46 12 9 64 42 49 32 47 60 35 61 11 21 62 27 14 2 17 50 52 55 29 45
61 23 48 7 31 8 13 3 5 18 45 42 34 6 59 15 25 57 9 35 56 50 36 1 29 16 51 39 64 24 38 4 58 63 12 19 22 52 30 27 43 44 11 40 41 10 53 62 2 55 21 26 37 46 60 49 20 17 32 14 54 0 47 33 28
38 46 34 13 42 52 7 6 37 19 63 31 48 3 47 15 36 55 35 9 60 27 25 53 64 22 44 21 29 28 61 11 43 45 2 18 16 8 0 50 58 51 4 32 26 33 1 14 12 57 39 41 5 23 56 17 54 49 40 62 20 30 59 10 24
13 17 63 38 59 36 61 30 22 27 34 47 45 0 31 15 52 1 39 21 41 19 8 57 32 37 54 9 40 58 7 14 24 48 10 50 5 25 3 18 28 20 62 64 56 12 55 11 33 53 35 60 16 49 26 46 44 23 29 4 51 6 42 2 43
16 4
38 46 34 13 42 52 7 6 37 19 63 31 48 3 47 15 36 55 35 9 60 27 25 53 64 22 44 21 29 28 61 11 43 45 2 18 16 8 0 50 58 51 4 32 26 33 1 14 12 57 39 41 5 23 56 17 54 49 40 62 20 30 59 10 24
31 52 51 47 61 46 59 62 53 43 20 38 44 14 13 15 17 16 40 32 10 24 49 37 21 57 48 64 39 50 42 0 19 54 41 58 55 23 11 28 18 34 30 9 12 56 5 3 26 22 29 2 1 8 33 36 45 25 35 6 63 4 7 60 27
20 64 47 51 45 21 44 26 50 16 31 63 59 41 34 15 9 43 25 36 0 5 35 28 46 18 7 52 23 53 54 10 55 42 14 22 19 39 60 37 57 13 33 17 6 4 24 2 62 58 8 3 27 29 30 32 61 40 49 12 38 56 48 11 1
57 6 50 53 16 62 1 46 47 45 18 22 27 23 37 15 4 61 10 33 40 48 11 13 26 31 24 12 41 51 55 25 54 19 39 63 42 14 49 34 20 28 36 56 64 9 7 8 21 38 2 29 59 3 32 30 43 0 60 52 58 17 5 35 44
16 4
4 37 26 62 0 53 14 47 46 40 56 30 41 59 6 15 57 25 43 58 45 29 55 52 50 17 2 28 27 21 11 61 35 60 44 32 49 1 42 64 9 12 38 18 34 20 8 7 51 36 24 48 23 5 63 22 10 16 19 13 33 31 3 54 39
18 12 53 50 43 26 27 21 51 61 57 58 1 39 28 15 56 45 0 30 25 7 60 34 62 20 5 6 14 47 19 40 42 55 23 38 54 41 35 13 31 37 32 4 52 17 48 29 46 63 3 8 44 2 36 33 16 10 11 64 22 9 24 49 59
51 32 31 20 48 9 54 56 18 5 47 34 42 60 63 15 21 24 8 52 3 16 39 58 17 50 61 36 49 57 44 2 1 59 11 37 27 35 41 22 53 38 12 46 30 62 43 10 4 28 25 0 19 40 6 64 7 29 23 33 13 26 45 14 55
41 43 11 60 12 19 56 54 35 52 14 2 4 20 10 15 27 64 37 5 13 36 50 40 55 39 30 16 57 49 26 34 46 62 31 8 21 18 51 25 23 0 48 1 61 59 32 63 42 29 22 38 9 58 7 24 6 28 53 45 3 44 33 47 17
16 4
38 46 34 13 42 52 7 6 37 19 63 31 48 3 47 15 36 55 35 9 60 27 25 53 64 22 44 21 29 28 61 11 43 45 2 18 16 8 0 50 58 51 4 32 26 33 1 14 12 57 39 41 5 23 56 17 54 49 40 62 20 30 59 10 24
18 12 53 50 43 26 27 21 51 61 57 58 1 39 28 15 56 45 0 30 25 7 60 34 62 20 5 6 14 47 19 40 42 55 23 38 54 41 35 13 31 37 32 4 52 17 48 29 46 63 3 8 44 2 36 33 16 10 11 64 22 9 24 49 59
45 39 7 48 20 29 34 2 24 57 61 54 13 12 44 15 40 18 17 49 4 53 32 27 8 43 47 23 52 5 63 56 22 38 6 55 58 64 33 1 16 59 60 25 14 0 50 26 3 19 46 62 28 21 11 35 31 9 36 41 42 10 51 30 37
20 64 47 51 45 21 44 26 50 16 31 63 59 41 34 15 9 43 25 36 0 5 35 28 46 18 7 52 23 53 54 10 55 42 14 22 19 39 60 37 57 13 33 17 6 4 24 2 62 58 8 3 27 29 30 32 61 40 49 12 38 56 48 11 1
16 4
36 47 64 52 49 13 8 37 6 60 32 17 29 5 46 15 38 11 54 20 19 41 61 62 34 30 39 51 48 12 25 55 10 40 24 56 0 7 16 26 33 21 57 63 50 58 14 1 28 4 44 27 3 59 18 31 35 42 45 53 9 22 23 43 2
31 52 51 47 61 46 59 62 53 43 20 38 44 14 13 15 17 16 40 32 10 24 49 37 21 57 48 64 39 50 42 0 19 54 41 58 55 23 11 28 18 34 30 9 12 56 5 3 26 22 29 2 1 8 33 36 45 25 35 6 63 4 7 60 27
10 27 3 2 56 24 12 48 29 17 0 60 6 34 41 15 43 9 57 55 31 46 58 39 5 40 62 1 37 8 33 20 36 30 13 49 32 28 63 23 25 14 54 16 59 61 21 51 7 35 53 47 64 50 42 19 4 18 22 44 11 45 26 38 52
38 46 34 13 42 52 7 6 37 19 63 31 48 3 47 15 36 55 35 9 60 27 25 53 64 22 44 21 29 28 61 11 43 45 2 18 16 8 0 50 58 51 4 32 26 33 1 14 12 57 39 41 5 23 56 17 54 49 40 62 20 30 59 10 24
16 4
40 44 8 29 9 48 64 24 2 4 25 35 52 28 39 15 45 56 31 42 57 62 63 41 7 10 46 59 13 3 32 18 30 36 37 11 33 34 58 14 0 23 19 61 1 16 26 50 5 60 47 53 12 51 55 54 17 20 38 27 49 43 21 22 6
24 60 16 43 50 10 58 40 45 47 5 27 22 32 19 15 2 51 62 14 46 31 12 54 0 48 57 11 30 61 28 21 13 37 36 59 34 33 64 42 7 55 39 3 49 8 20 9 25 44 4 17 63 56 23 41 53 26 6 35 1 29 18 52 38
64 20 36 32 39 63 40 58 33 14 52 21 25 43 9 15 34 41 59 47 1 11 48 56 38 12 49 31 61 30 29 27 3 8 16 62 2 45 24 4 6 17 50 13 57 37 60 19 22 26 42 55 10 54 53 51 23 44 7 18 46 28 35 5 0
10 27 3 2 56 24 12 48 29 17 0 60 6 34 41 15 43 9 57 55 31 46 58 39 5 40 62 1 37 8 33 20 36 30 13 49 32 28 63 23 25 14 54 16 59 61 21 51 7 35 53 47 64 50 42 19 4 18 22 44 11 45 26 38 52
16 4
24 60 16 43 50 10 58 40 45 47 5 27 22 32 19 15 2 51 62 14 46 31 12 54 0 48 57 11 30 61 28 21 13 37 36 59 34 33 64 42 7 55 39 3 49 8 20 9 25 44 4 17 63 56 23 41 53 26 6 35 1 29 18 52 38
28 56 22 58 27 33 43 32 63 59 37 50 16 40 18 15 12 44 14 62 23 42 2 20 30 34 55 4 0 38 24 39 7 5 25 47 48 10 29 31 13 57 21 6 17 52 54 35 36 51 11 49 45 60 46 26 1 41 3 9 53 64 19 8 61
34 9 38 63 44 32 45 33 58 1 13 51 61 10 20 15 64 27 23 46 14 55 29 18 36 28 42 17 25 22 48 41 5 7 0 53 24 40 2 57 37 31 26 52 4 6 19 60 30 50 49 11 43 35 62 21 59 39 8 56 47 12 54 3 16
61 23 48 7 31 8 13 3 5 18 45 42 34 6 59 15 25 57 9 35 56 50 36 1 29 16 51 39 64 24 38 4 58 63 12 19 22 52 30 27 43 44 11 40 41 10 53 62 2 55 21 26 37 46 60 49 20 17 32 14 54 0 47 33 28
16 4
38 46 34 13 42 52 7 6 37 19 63 31 48 3 47 15 36 55 35 9 60 27 25 53 64 22 44 21 29 28 61 11 43 45 2 18 16 8 0 50 58 51 4 32 26 33 1 14 12 57 39 41 5 23 56 17 54 49 40 62 20 30 59 10 24
34 9 38 63 44 32 45 33 58 1 13 51 61 10 20 15 64 27 23 46 14 55 29 18 36 28 42 17 25 22 48 41 5 7 0 53 24 40 2 57 37 31 26 52 4 6 19 60 30 50 49 11 43 35 62 21 59 39 8 56 47 12 54 3 16
13 17 63 38 59 36 61 30 22 27 34 47 45 0 31 15 52 1 39 21 41 19 8 57 32 37 54 9 40 58 7 14 24 48 10 50 5 25 3 18 28 20 62 64 56 12 55 11 33 53 35 60 16 49 26 46 44 23 29 4 51 6 42 2 43
37 4 58 22 1 30 16 36 38 44 28 53 43 25 57 15 6 59 41 26 39 54 3 31 33 13 19 56 10 63 5 23 48 24 40 51 7 0 8 20 34 18 46 12 9 64 42 49 32 47 60 35 61 11 21 62 27 14 2 17 50 52 55 29 45
16 4
38 46 34 13 42 52 7 6 37 19 63 31 48 3 47 15 36 55 35 9 60 27 25 53 64 22 44 21 29 28 61 11 43 45 2 18 16 8 0 50 58 51 4 32 26 33 1 14 12 57 39 41 5 23 56 17 54 49 40 62 20 30 59 10 24
39 45 49 35 64 54 9 19 60 6 23 29 17 18 40 15 44 12 13 7 37 30 51 10 42 41 36 61 31 11 21 28 62 46 57 3 26 20 50 0 14 25 24 59 16 1 33 58 55 2 38 22 56 63 5 48 52 34 47 43 8 27 32 53 4
45 39 7 48 20 29 34 2 24 57 61 54 13 12 44 15 40 18 17 49 4 53 32 27 8 43 47 23 52 5 63 56 22 38 6 55 58 64 33 1 16 59 60 25 14 0 50 26 3 19 46 62 28 21 11 35 31 9 36 41 42 10 51 30 37
61 23 48 7 31 8 13 3 5 18 45 42 34 6 59 15 25 57 9 35 56 50 36 1 29 16 51 39 64 24 38 4 58 63 12 19 22 52 30 27 43 44 11 40 41 10 53 62 2 55 21 26 37 46 60 49 20 17 32 14 54 0 47 33 28
16 4
13 17 63 38 59 36 61 30 22 27 34 47 45 0 31 15 52 1 39 21 41 19 8 57 32 37 54 9 40 58 7 14 24 48 10 50 5 25 3 18 28 20 62 64 56 12 55 11 33 53 35 60 16 49 26 46 44 23 29 4 51 6 42 2 43
62 22 56 4 3 57 11 31 17 29 26 6 60 42 30 15 53 8 24 28 48 40 1 36 18 46 10 58 19 9 14 7 39 41 54 64 23 55 59 32 21 33 13 50 63 51 25 61 20 52 43 45 49 16 34 37 2 5 27 38 12 47 0 44 35
59 25 54 42 13 49 31 11 55 28 44 7 20 4 61 15 23 37 64 29 12 58 46 16 35 1 63 40 9 19 47 6 50 51 56 24 53 17 62 43 27 45 3 39 10 41 22 30 60 5 32 33 57 36 2 8 34 52 21 0 48 14 38 26 18
34 9 38 63 44 32 45 33 58 1 13 51 61 10 20 15 64 27 23 46 14 55 29 18 36 28 42 17 25 22 48 41 5 7 0 53 24 40 2 57 37 31 26 52 4 6 19 60 30 50 49 11 43 35 62 21 59 39 8 56 47 12 54 3 16
18 2
33 11 22 39 20 52 46 23 18 9 27 1 45 64 56 24 59 63 8 36 4 29 2 7 15 51 62 10 35 21 42 34 53 0 31 28 19 44 40 3 38 55 30 57 37 12 6 49 50 47 48 25 5 32 61 41 14 43 60 16 58 54 26 17 13
56 58 14 35 49 29 27 34 18 16 50 45 37 53 2 20 9 39 8 43 15 60 44 59 48 63 32 6 62 5 30 42 26 52 7 3 51 12 55 17 54 46 31 19 22 11 41 61 24 4 10 36 33 13 40 38 0 64 1 23 21 47 28 25 57
21 1
44 25 29 32 7 38 17 15 34 21 42 19 28 33 14 46 30 64 58 23 54 35 41 9 39 2 20 0 11 5 56 6 40 22 26 59 18 37 60 47 24 27 52 55 61 13 16 8 45 62 31 50 63 43 53 4 3 12 49 36 10 1 51 48 57
26 2
1 0 38 20 56 30 23 15 61 53 46 37 36 35 34 7 33 32 31 29 3 28 27 6 26 25 24 22 21 19 5 18 17 16 14 13 12 11 2 64 63 62 60 59 58 57 10 55 54 52 51 50 49 9 48 47 4 45 44 43 42 8 41 40 39
58 51 20 63 13 21 34 10 54 49 7 57 62 4 19 56 31 24 32 14 2 5 30 53 17 39 41 59 47 50 22 16 18 40 6 38 46 42 35 25 33 26 37 64 48 52 36 28 44 9 29 1 45 23 8 55 15 11 0 27 61 60 12 3 43
32 5
20 64 47 51 45 21 44 26 50 16 31 63 59 41 34 15 9 43 25 36 0 5 35 28 46 18 7 52 23 53 54 10 55 42 14 22 19 39 60 37 57 13 33 17 6 4 24 2 62 58 8 3 27 29 30 32 61 40 49 12 38 56 48 11 1
31 52 51 47 61 46 59 62 53 43 20 38 44 14 13 15 17 16 40 32 10 24 49 37 21 57 48 64 39 50 42 0 19 54 41 58 55 23 11 28 18 34 30 9 12 56 5 3 26 22 29 2 1 8 33 36 45 25 35 6 63 4 7 60 27
24 60 16 43 50 10 58 40 45 47 5 27 22 32 19 15 2 51 62 14 46 31 12 54 0 48 57 11 30 61 28 21 13 37 36 59 34 33 64 42 7 55 39 3 49 8 20 9 25 44 4 17 63 56 23 41 53 26 6 35 1 29 18 52 38
39 45 49 35 64 54 9 19 60 6 23 29 17 18 40 15 44 12 13 7 37 30 51 10 42 41 36 61 31 11 21 28 62 46 57 3 26 20 50 0 14 25 24 59 16 1 33 58 55 2 38 22 56 63 5 48 52 34 47 43 8 27 32 53 4
61 23 48 7 31 8 13 3 5 18 45 42 34 6 59 15 25 57 9 35 56 50 36 1 29 16 51 39 64 24 38 4 58 63 12 19 22 52 30 27 43 44 11 40 41 10 53 62 2 55 21 26 37 46 60 49 20 17 32 14 54 0 47 33 28
42 2
39 54 41 52 4 22 42 51 59 27 29 60 44 50 53 30 62 58 21 49 43 18 5 34 31 63 40 9 33 10 15 24 38 28 23 48 64 46 32 0 26 2 6 20 12 57 37 56 35 19 13 7 3 14 1 61 47 45 17 8 11 55 16 25 36
50 44 13 38 7 27 9 4 42 6 12 60 10 2 23 46 63 31 33 51 40 55 43 14 62 64 32 5 30 34 28 17 26 18 29 56 41 45 3 59 20 36 8 22 1 37 15 47 61 57 0 19 53 52 58 21 35 49 54 39 11 48 24 16 25
48 3
60 6 31 32 63 28 1 26 51 42 38 23 18 36 58 20 41 46 12 49 15 64 55 11 40 30 7 39 5 48 25 2 3 35 45 33 13 44 10 27 24 16 9 43 37 34 17 59 29 19 53 8 61 50 57 22 62 54 14 47 0 52 56 4 21
54 39 3 23 58 57 46 10 5 53 11 7 13 19 27 35 56 4 37 12 20 6 59 2 26 0 32 64 48 51 28 38 24 15 52 33 9 42 40 63 31 34 18 43 49 22 21 62 30 50 44 60 41 36 25 16 55 8 17 45 29 47 61 1 14
55 31 6 16 34 52 2 14 24 12 47 30 9 35 7 44 3 57 42 50 37 56 60 25 8 23 58 48 61 39 11 1 41 36 4 13 33 20 59 29 51 32 18 43 15 63 54 10 27 53 19 40 5 49 46 0 21 17 26 38 22 28 64 45 62
56 2
27 46 13 48 20 41 38 62 26 16 3 37 10 1 30 52 61 17 64 15 47 5 19 33 24 45 21 29 2 12 23 49 60 25 43 34 51 28 9 40 53 54 57 32 63 56 11 42 0 35 59 4 39 22 55 8 14 36 44 58 31 18 50 7 6
21 6 23 14 10 33 1 20 37 55 4 34 35 27 3 17 43 15 42 39 7 0 53 2 24 36 47 13 62 58 32 57 30 5 11 12 25 8 45 19 52 49 18 16 54 38 51 26 61 41 60 46 40 22 44 9 63 31 29 64 50 48 28 56 59
60 2
23 1 22 19 63 25 48 39 28 10 34 24 61 7 12 42 31 21 60 57 46 51 45 58 56 33 62 40 38 64 44 52 6 5 9 15 18 27 8 13 37 41 35 30 43 2 47 20 32 26 53 17 16 54 50 4 11 3 0 29 36 14 49 55 59
15 22 2 60 53 28 26 0 4 27 55 23 51 57 56 7 17 47 35 31 38 9 41 48 19 36 64 21 37 46 29 24 25 44 3 50 32 5 58 40 62 1 12 13 61 45 30 16 11 54 18 42 49 8 52 59 63 43 20 10 34 33 39 14 6
63 1
53 49 32 47 9 57 30 59 36 45 40 44 37 20 15 41 25 56 24 19 22 1 35 51 14 0 28 46 6 26 63 34 29 12 18 27 3 62 33 52 43 5 64 16 48 42 38 39 4 58 10 2 54 11 61 55 7 13 31 60 50 17 8 21 23
64 6
61 23 48 7 31 8 13 3 5 18 45 42 34 6 59 15 25 57 9 35 56 50 36 1 29 16 51 39 64 24 38 4 58 63 12 19 22 52 30 27 43 44 11 40 41 10 53 62 2 55 21 26 37 46 60 49 20 17 32 14 54 0 47 33 28
62 22 56 4 3 57 11 31 17 29 26 6 60 42 30 15 53 8 24 28 48 40 1 36 18 46 10 58 19 9 14 7 39 41 54 64 23 55 59 32 21 33 13 50 63 51 25 61 20 52 43 45 49 16 34 37 2 5 27 38 12 47 0 44 35
34 9 38 63 44 32 45 33 58 1 13 51 61 10 20 15 64 27 23 46 14 55 29 18 36 28 42 17 25 22 48 41 5 7 0 53 24 40 2 57 37 31 26 52 4 6 19 60 30 50 49 11 43 35 62 21 59 39 8 56 47 12 54 3 16
24 60 16 43 50 10 58 40 45 47 5 27 22 32 19 15 2 51 62 14 46 31 12 54 0 48 57 11 30 61 28 21 13 37 36 59 34 33 64 42 7 55 39 3 49 8 20 9 25 44 4 17 63 56 23 41 53 26 6 35 1 29 18 52 38
31 52 51 47 61 46 59 62 53 43 20 38 44 14 13 15 17 16 40 32 10 24 49 37 21 57 48 64 39 50 42 0 19 54 41 58 55 23 11 28 18 34 30 9 12 56 5 3 26 22 29 2 1 8 33 36 45 25 35 6 63 4 7 60 27
28 56 22 58 27 33 43 32 63 59 37 50 16 40 18 15 12 44 14 62 23 42 2 20 30 34 55 4 0 38 24 39 7 5 25 47 48 10 29 31 13 57 21 6 17 52 54 35 36 51 11 49 45 60 46 26 1 41 3 9 53 64 19 8 61
