6072 24
33 44 46 66 69
2
0 1 22 23 2 3 4 5 6 7 8 9 10 11 12 13 14 15 16 17 18 19 20 21
1 13 11 17 19 4 12 22 3 23 6 15 10 0 20 2 14 8 9 5 16 7 21 18
17
2 1
3 6 15 0 11 20 1 16 13 19 14 4 22 8 10 2 7 21 23 9 5 17 12 18
3 1
12 10 6 1 22 0 16 4 15 13 3 8 5 21 20 11 2 23 17 14 19 9 7 18
4 1
14 16 8 20 0 4 1 10 22 11 13 23 18 21 5 6 15 2 3 9 12 7 17 19
4 2
12 4 6 13 1 18 2 15 19 23 14 20 0 3 10 7 17 16 5 8 11 22 21 9
3 17 11 0 16 23 20 8 7 18 21 2 13 12 22 19 4 1 9 15 6 10 14 5
4 2
5 15 22 12 14 0 16 13 17 23 21 19 3 7 4 1 6 8 20 11 18 10 2 9
12 22 15 5 18 3 17 9 16 7 19 21 0 23 20 2 8 6 4 10 14 11 1 13
6 1
7 2 18 23 12 19 8 13 16 20 22 21 14 1 5 6 3 4 0 17 10 9 11 15
6 2
7 5 6 19 18 12 9 14 4 2 13 23 1 17 0 11 21 10 8 20 3 22 16 15
3 4 21 0 1 8 16 20 5 22 15 17 18 23 19 10 6 11 12 14 7 2 9 13
6 2
1 21 22 16 17 13 2 15 7 4 19 3 5 12 20 8 11 9 14 23 18 0 6 10
12 13 19 15 20 21 23 16 11 18 22 8 0 1 17 3 7 14 9 2 4 5 10 6
8 2
6 18 13 22 15 23 9 2 11 21 19 1 17 20 16 10 12 14 8 4 7 0 5 3
5 4 17 9 1 0 22 14 10 3 8 15 13 12 7 11 20 2 19 18 16 23 6 21
11 1
3 0 7 8 2 14 18 1 6 23 10 15 13 16 4 12 19 21 5 20 17 9 22 11
12 1
2 22 7 4 9 21 19 8 18 1 12 0 6 16 5 3 15 20 17 11 10 23 14 13
12 2
5 4 17 9 1 0 22 14 10 3 8 15 13 12 7 11 20 2 19 18 16 23 6 21
19 12 4 20 2 7 11 5 22 23 16 6 1 14 13 21 10 18 17 0 3 15 8 9
12 2
23 8 6 7 21 10 2 3 1 17 5 12 11 16 22 18 13 9 15 20 19 4 14 0
3 6 15 0 11 20 1 16 13 19 14 4 22 8 10 2 7 21 23 9 5 17 12 18
12 2
4 9 22 18 15 10 21 14 3 20 17 13 11 12 19 0 6 5 8 7 1 16 23 2
12 13 19 15 20 21 23 16 11 18 22 8 0 1 17 3 7 14 9 2 4 5 10 6
12 2
22 10 14 20 2 21 1 23 3 15 6 13 5 19 4 17 7 9 0 11 8 12 18 16
16 15 23 18 22 9 13 8 7 5 12 17 10 6 20 1 0 11 3 21 14 19 4 2
22 2
23 8 6 7 21 10 2 3 1 17 5 12 11 16 22 18 13 9 15 20 19 4 14 0
3 7 14 0 21 16 11 1 18 10 9 6 19 20 2 17 5 15 8 12 13 4 23 22
23 1
1 16 11 12 8 19 10 2 21 14 20 22 7 15 3 6 4 9 18 13 0 23 5 17
