150348 68
44 51 102 132 134 187 268 374
2
0 1 66 67 2 3 4 5 6 7 8 9 10 11 12 13 14 15 16 17 18 19 20 21 22 23 24 25 26 27 28 29 30 31 32 33 34 35 36 37 38 39 40 41 42 43 44 45 46 47 48 49 50 51 52 53 54 55 56 57 58 59 60 61 62 63 64 65
1 35 34 62 20 23 37 3 67 53 9 40 18 43 19 25 13 61 42 39 48 11 50 44 24 32 47 57 52 6 59 51 15 64 36 0 2 29 45 14 21 33 12 16 5 55 46 65 4 30 66 56 58 10 27 38 31 54 28 49 17 60 7 8 41 26 22 63
16
2 1
1 0 31 30 29 28 27 26 25 24 23 22 21 20 19 18 17 16 15 14 13 12 11 10 9 8 7 6 5 4 3 2 67 66 65 64 63 62 61 60 59 58 57 56 55 54 53 52 51 50 49 48 47 46 45 44 43 42 41 40 39 38 37 36 35 34 33 32
3 1
1 66 60 10 45 52 64 43 47 36 20 11 30 35 61 31 21 23 41 58 3 62 19 59 14 48 25 38 39 6 57 53 28 65 27 51 54 2 34 32 18 40 5 49 8 50 56 44 26 7 4 13 42 15 9 55 63 12 22 17 37 24 16 46 29 67 0 33
4 2
26 3 7 1 44 59 49 2 43 12 30 35 9 64 67 28 31 20 60 65 17 52 27 46 36 51 0 22 15 54 10 16 61 55 63 11 24 53 48 50 62 66 58 8 4 56 23 57 38 6 39 25 21 37 29 33 45 47 42 5 18 32 40 34 13 19 41 14
21 49 35 6 60 34 3 11 16 33 66 7 55 14 13 58 8 38 44 24 48 0 50 25 19 23 52 39 42 40 41 43 53 9 5 2 65 61 17 27 29 30 28 31 18 47 51 45 20 1 22 46 26 32 62 12 57 56 15 63 4 37 54 59 67 36 10 64
6 2
14 4 50 58 1 49 32 11 62 42 22 7 52 35 0 26 34 45 54 25 47 24 10 48 21 19 15 46 51 53 66 55 6 56 16 13 61 64 57 67 41 40 9 44 43 17 27 20 23 5 2 28 12 29 18 31 33 38 3 65 63 36 8 60 37 59 30 39
5 9 38 67 52 0 62 40 18 1 28 13 42 11 59 31 43 58 8 50 29 66 63 55 36 57 48 53 10 20 61 15 54 34 33 41 24 64 2 45 7 35 12 16 56 39 47 46 26 65 19 60 4 27 32 23 44 25 17 14 51 30 6 22 37 49 21 3
11 1
22 6 30 20 13 21 66 57 33 2 14 26 61 37 28 7 15 8 64 29 44 18 59 31 49 27 34 55 38 43 32 46 4 3 12 1 52 54 11 36 9 5 41 47 53 23 19 58 17 40 42 0 16 25 24 48 62 51 56 39 60 67 45 63 35 10 50 65
12 2
14 4 50 58 1 49 32 11 62 42 22 7 52 35 0 26 34 45 54 25 47 24 10 48 21 19 15 46 51 53 66 55 6 56 16 13 61 64 57 67 41 40 9 44 43 17 27 20 23 5 2 28 12 29 18 31 33 38 3 65 63 36 8 60 37 59 30 39
16 65 39 42 41 29 54 15 12 26 20 60 13 8 38 58 44 34 5 17 53 11 49 33 9 14 24 1 36 18 31 35 22 56 19 30 51 62 25 59 46 50 63 45 0 57 67 6 48 32 4 28 64 10 47 37 23 43 7 2 21 61 55 3 66 27 52 40
17 1
28 24 61 32 47 1 37 59 15 0 5 20 57 22 40 2 56 41 25 49 4 33 36 44 63 42 51 46 23 13 38 18 45 65 66 58 9 35 31 54 26 64 21 17 43 60 52 53 7 34 14 39 29 6 67 10 55 8 16 19 48 3 27 11 62 50 12 30
22 2
8 59 60 63 64 9 53 65 0 5 30 28 46 42 61 17 47 15 31 45 51 55 48 33 27 54 35 24 11 67 10 18 41 23 44 26 49 57 66 56 43 32 13 40 34 19 12 16 22 36 52 20 50 6 25 21 39 37 62 1 2 14 58 3 4 7 38 29
57 61 29 44 60 36 15 52 49 41 22 43 34 39 62 6 47 67 40 20 19 27 10 50 54 31 59 21 64 2 42 25 33 32 12 51 5 46 56 13 18 9 30 11 3 66 37 16 58 8 23 35 7 55 24 53 38 0 48 26 4 1 14 65 28 63 45 17
33 1
4 62 7 1 46 39 10 33 56 27 20 0 59 36 61 11 13 65 8 22 9 41 15 23 35 38 34 3 37 12 16 26 52 24 2 48 45 60 49 47 66 19 17 6 21 18 64 42 14 40 50 54 29 63 32 28 31 43 51 25 57 44 58 67 53 55 5 30
34 1
3 47 36 25 14 24 8 33 63 48 22 35 7 52 0 21 27 9 67 61 6 18 37 30 39 59 50 31 54 10 34 38 4 65 45 60 58 56 5 51 46 12 16 40 62 19 66 57 11 20 13 32 44 55 49 41 23 29 1 64 43 15 28 2 53 17 42 26
34 2
39 43 67 9 58 32 36 13 41 3 46 50 24 7 15 14 60 33 53 28 38 61 66 57 12 59 51 48 19 64 40 56 5 17 55 37 6 35 20 0 30 8 52 1 62 47 10 45 27 65 11 26 42 18 63 34 31 23 4 25 16 21 44 54 29 49 22 2
24 28 18 38 13 23 46 51 42 63 44 36 33 4 49 25 41 56 2 40 22 57 20 5 0 15 59 37 1 47 32 61 30 12 50 62 11 27 3 48 19 16 8 55 10 67 6 29 39 14 34 7 53 52 60 43 17 21 64 26 54 31 35 9 58 66 65 45
34 2
59 8 18 10 67 11 24 35 54 27 33 48 55 51 45 31 15 47 17 61 42 46 28 30 5 0 65 53 9 64 63 60 29 38 7 4 3 58 14 2 1 62 37 39 21 25 6 50 20 52 36 22 16 12 19 34 40 13 32 43 56 66 57 49 26 44 23 41
1 0 31 30 29 28 27 26 25 24 23 22 21 20 19 18 17 16 15 14 13 12 11 10 9 8 7 6 5 4 3 2 67 66 65 64 63 62 61 60 59 58 57 56 55 54 53 52 51 50 49 48 47 46 45 44 43 42 41 40 39 38 37 36 35 34 33 32
66 2
41 26 59 16 24 33 23 10 65 46 7 67 52 45 49 55 3 19 53 17 39 58 54 6 4 29 1 35 47 25 36 37 40 5 62 27 30 31 42 20 32 0 38 63 61 13 9 28 50 14 48 64 12 18 22 15 66 60 21 2 57 44 34 43 51 8 56 11
14 4 50 58 1 49 32 11 62 42 22 7 52 35 0 26 34 45 54 25 47 24 10 48 21 19 15 46 51 53 66 55 6 56 16 13 61 64 57 67 41 40 9 44 43 17 27 20 23 5 2 28 12 29 18 31 33 38 3 65 63 36 8 60 37 59 30 39
67 1
66 1 53 57 6 39 38 25 48 14 59 19 62 3 58 41 23 21 31 61 35 30 11 20 36 47 43 64 52 45 10 60 33 0 67 29 46 16 24 37 17 22 12 63 55 9 15 42 13 4 7 26 44 56 50 8 49 5 40 18 32 34 2 54 51 27 65 28
201 2
54 30 59 45 18 5 51 55 27 21 12 28 61 17 35 64 47 8 48 16 19 3 1 46 44 4 41 22 58 60 53 7 52 34 9 50 32 11 31 24 26 62 43 14 40 38 0 15 65 2 36 10 37 20 49 67 23 56 6 63 57 29 33 13 66 39 25 42
67 50 66 63 11 5 45 64 59 23 43 29 19 56 2 38 62 34 18 60 65 9 1 21 3 16 20 7 41 4 15 36 47 10 44 31 35 48 30 0 42 52 57 33 17 55 13 49 61 32 22 8 28 58 53 6 46 40 54 51 12 37 25 24 27 26 14 39
737 2
63 47 61 54 62 41 32 8 43 55 67 36 12 3 48 56 49 39 4 19 59 34 6 24 2 9 30 13 18 7 21 45 44 53 1 27 29 52 11 50 46 16 22 28 64 60 33 58 15 17 0 57 66 65 23 37 26 31 14 35 42 20 38 10 51 25 40 5
17 47 21 30 58 27 18 35 28 49 63 0 12 7 25 8 59 40 41 20 33 11 14 51 9 38 65 26 55 13 50 53 31 44 23 24 5 56 39 57 52 1 67 15 36 29 46 37 6 34 43 45 10 22 61 60 66 16 2 32 62 48 64 4 3 42 54 19
