456288 98
21 28 42 56 84 112 147 168 224 336 672
2
0 1 96 97 2 3 4 5 6 7 8 9 10 11 12 13 14 15 16 17 18 19 20 21 22 23 24 25 26 27 28 29 30 31 32 33 34 35 36 37 38 39 40 41 42 43 44 45 46 47 48 49 50 51 52 53 54 55 56 57 58 59 60 61 62 63 64 65 66 67 68 69 70 71 72 73 74 75 76 77 78 79 80 81 82 83 84 85 86 87 88 89 90 91 92 93 94 95
1 50 16 42 87 37 88 26 6 61 19 4 94 96 24 41 84 62 55 73 47 51 28 17 64 33 69 81 52 18 21 74 9 44 34 20 76 60 83 91 63 46 57 58 25 82 15 35 72 79 0 30 22 80 59 29 67 3 97 85 5 32 23 95 14 53 66 75 39 7 49 45 78 10 93 56 86 38 48 70 65 90 71 77 2 54 36 11 8 13 27 68 12 31 92 40 89 43
41
2 1
42 73 36 87 33 25 27 49 67 64 51 48 66 88 90 82 28 79 74 46 94 95 54 58 39 5 65 6 16 45 34 62 75 4 30 37 2 35 47 24 83 97 0 56 44 29 19 38 11 7 89 10 60 84 22 63 43 92 23 72 52 93 31 55 9 26 12 8 77 96 86 71 59 1 18 32 91 68 80 17 78 85 15 40 53 81 70 3 13 50 14 76 57 61 20 21 69 41
3 1
41 20 14 86 12 2 38 54 29 89 1 11 72 45 5 25 69 93 79 18 10 51 43 78 64 88 36 56 16 85 50 0 68 32 7 23 59 49 71 47 40 31 77 62 17 76 37 75 87 46 96 97 53 67 34 73 83 63 42 26 3 48 22 65 91 57 55 52 33 28 9 6 4 66 92 39 13 58 35 19 94 74 84 27 90 8 60 61 15 70 82 24 81 44 95 80 30 21
4 1
75 89 82 96 62 91 49 24 87 61 13 57 29 48 18 15 45 38 22 64 74 21 66 26 5 43 60 76 58 41 36 12 51 83 54 94 33 93 97 95 80 31 52 0 59 28 78 85 72 3 34 65 92 79 86 40 9 1 16 37 84 69 67 71 35 70 14 81 17 56 32 27 10 88 8 25 63 42 2 47 90 4 46 30 23 53 50 20 39 11 55 7 77 44 19 73 6 68
4 2
21 23 79 11 89 48 95 65 63 30 54 3 74 17 35 87 47 13 72 80 67 0 70 1 73 60 68 31 93 53 9 27 66 41 86 14 77 75 45 92 51 33 61 52 84 38 69 16 5 81 55 40 43 29 10 50 96 57 76 91 25 42 78 8 82 7 32 20 26 46 22 94 18 24 12 37 58 36 62 2 19 49 64 83 44 90 34 15 97 4 85 59 39 28 71 6 56 88
7 96 60 31 72 43 12 0 29 33 75 27 6 68 85 44 19 26 89 16 46 65 71 56 78 79 17 11 93 8 41 3 81 9 36 90 34 54 82 58 50 30 42 5 15 64 20 80 52 66 40 55 48 63 37 51 23 83 39 88 2 61 73 53 45 21 49 69 13 67 94 22 4 62 95 10 92 86 24 25 47 32 38 57 87 14 77 84 59 18 35 97 76 28 70 74 1 91
4 2
7 30 84 28 97 69 40 0 8 34 89 15 50 53 95 11 39 71 75 58 62 94 26 38 80 83 22 44 3 29 1 93 64 36 9 49 33 92 23 16 6 96 61 67 27 81 73 78 59 35 12 77 88 13 76 86 82 79 19 48 87 42 20 68 32 70 90 43 63 5 65 17 91 46 85 18 54 51 47 57 24 45 56 25 2 74 55 60 52 10 66 72 37 31 21 14 41 4
7 96 60 31 72 43 12 0 29 33 75 27 6 68 85 44 19 26 89 16 46 65 71 56 78 79 17 11 93 8 41 3 81 9 36 90 34 54 82 58 50 30 42 5 15 64 20 80 52 66 40 55 48 63 37 51 23 83 39 88 2 61 73 53 45 21 49 69 13 67 94 22 4 62 95 10 92 86 24 25 47 32 38 57 87 14 77 84 59 18 35 97 76 28 70 74 1 91
6 1
31 55 37 19 18 9 34 39 57 40 33 86 42 73 63 5 0 4 25 21 93 10 17 14 22 24 80 27 91 59 6 62 64 72 69 76 89 65 61 82 1 81 23 13 44 96 53 46 29 47 52 77 68 67 49 15 16 48 28 79 2 50 66 88 74 41 56 54 95 11 92 26 3 78 51 97 43 85 35 8 83 60 90 75 87 32 30 45 12 94 20 36 84 7 58 38 70 71
6 2
62 57 25 56 34 74 44 36 26 72 11 10 13 12 47 93 83 75 45 85 63 94 35 73 89 2 8 51 90 91 95 66 71 39 4 22 7 69 52 33 65 41 58 55 6 18 96 14 87 60 82 27 38 88 79 43 3 1 42 70 49 77 0 20 76 40 31 81 92 37 59 32 9 23 5 17 64 61 78 54 86 67 50 16 97 19 80 48 53 24 28 29 68 15 21 30 46 84
25 82 62 52 67 15 94 88 93 53 71 22 1 50 60 26 64 41 77 38 58 44 32 78 76 51 5 2 97 59 61 96 11 46 48 10 9 6 56 31 29 75 63 49 69 30 66 43 81 47 57 0 85 36 54 14 19 13 92 40 55 45 27 68 89 70 33 87 42 21 91 35 7 23 8 17 83 95 73 79 28 34 12 24 90 3 84 4 72 16 86 65 20 74 37 18 39 80
6 2
5 47 45 31 4 0 16 50 27 12 76 90 9 60 70 93 6 23 91 33 83 49 89 17 69 44 74 8 79 35 59 3 65 19 57 29 46 55 78 88 43 58 72 40 25 2 36 1 48 21 7 77 61 92 86 37 95 34 41 30 13 52 94 75 68 32 81 82 64 24 14 97 42 85 26 63 10 51 38 28 84 66 67 20 80 73 54 96 39 22 11 18 53 15 62 56 87 71
7 96 60 31 72 43 12 0 29 33 75 27 6 68 85 44 19 26 89 16 46 65 71 56 78 79 17 11 93 8 41 3 81 9 36 90 34 54 82 58 50 30 42 5 15 64 20 80 52 66 40 55 48 63 37 51 23 83 39 88 2 61 73 53 45 21 49 69 13 67 94 22 4 62 95 10 92 86 24 25 47 32 38 57 87 14 77 84 59 18 35 97 76 28 70 74 1 91
7 1
92 73 3 45 35 42 70 17 0 54 50 75 26 9 84 86 36 14 8 40 6 97 10 28 85 16 5 72 13 91 83 71 39 37 23 22 78 31 96 76 11 62 49 25 48 65 77 88 4 21 44 20 7 58 89 69 38 87 47 46 32 30 94 82 74 56 93 64 53 80 41 59 68 63 29 61 55 33 79 81 60 43 90 19 15 1 52 95 27 34 24 66 57 67 51 18 2 12
8 1
25 16 72 26 5 17 71 91 92 4 51 32 70 48 18 53 78 68 79 19 81 83 74 12 34 77 13 97 93 87 55 82 50 44 40 28 60 7 29 63 54 56 22 58 69 59 84 23 89 67 9 86 37 45 46 66 24 36 15 65 21 8 47 42 27 75 3 88 11 10 61 64 35 96 1 43 52 57 39 2 80 85 94 0 41 6 73 76 31 30 49 38 62 14 95 90 33 20
8 2
49 25 0 95 57 67 36 80 27 34 51 33 28 3 12 13 31 65 64 32 52 97 78 30 14 88 6 39 24 26 81 69 84 54 77 2 29 79 37 91 45 72 93 20 86 5 89 48 50 35 68 82 60 44 92 73 22 42 10 9 43 61 62 71 46 41 23 40 47 90 38 7 17 75 1 76 55 59 83 70 63 66 58 56 96 53 85 21 74 18 16 8 11 4 87 15 19 94
93 19 4 52 2 40 44 37 56 75 68 72 14 60 12 43 87 92 81 1 95 90 91 46 28 96 86 83 24 85 64 94 74 41 73 57 53 7 80 78 5 33 49 15 6 45 23 58 82 42 51 50 3 36 65 77 8 35 47 76 13 62 61 70 30 54 89 67 10 97 63 79 11 34 32 9 59 55 39 71 38 18 48 27 88 29 26 16 84 66 21 22 17 0 31 20 25 69
8 2
26 53 82 45 62 55 32 40 25 9 61 67 68 94 36 50 20 75 69 27 16 80 91 41 74 8 0 19 42 64 31 30 6 35 76 33 14 51 56 72 7 23 28 65 46 3 44 73 49 48 15 37 60 1 71 5 38 84 95 63 52 10 4 59 29 43 81 11 12 18 70 54 39 47 24 17 34 93 85 89 21 66 2 88 57 78 96 92 83 79 97 22 87 77 13 58 86 90
40 35 67 76 82 29 68 69 73 44 49 17 78 96 81 47 30 11 43 19 36 33 80 92 74 88 65 38 60 5 16 66 57 21 77 1 20 48 27 55 0 94 54 18 9 59 70 15 37 10 83 97 79 91 42 39 56 32 64 45 28 90 75 93 58 26 31 2 6 7 46 89 95 8 24 62 3 34 12 52 22 14 4 50 85 84 87 86 25 71 61 53 23 63 41 72 13 51
12 1
76 53 1 75 49 90 68 33 30 84 72 44 12 8 25 21 85 57 45 3 96 61 39 80 54 0 86 19 47 74 34 50 87 60 67 77 83 22 16 56 2 10 5 24 48 71 6 91 70 7 93 97 4 64 35 92 41 63 15 51 13 89 40 20 78 18 66 88 37 94 65 29 32 36 26 59 38 27 58 81 9 28 23 31 73 17 11 46 52 62 69 42 79 95 55 82 14 43
12 2
86 39 62 14 12 8 43 59 5 95 37 56 4 81 3 26 44 25 69 88 30 24 66 82 21 17 15 63 52 85 20 50 89 45 49 64 93 10 72 1 96 54 47 6 16 33 55 42 48 34 31 57 28 87 41 46 11 51 60 7 58 90 2 27 35 67 22 65 74 18 79 84 38 97 68 94 91 77 83 70 92 13 23 78 71 29 0 53 19 32 61 76 80 36 75 9 40 73
40 35 67 76 82 29 68 69 73 44 49 17 78 96 81 47 30 11 43 19 36 33 80 92 74 88 65 38 60 5 16 66 57 21 77 1 20 48 27 55 0 94 54 18 9 59 70 15 37 10 83 97 79 91 42 39 56 32 64 45 28 90 75 93 58 26 31 2 6 7 46 89 95 8 24 62 3 34 12 52 22 14 4 50 85 84 87 86 25 71 61 53 23 63 41 72 13 51
12 2
15 29 95 64 18 25 12 39 70 5 32 19 26 76 45 1 52 73 24 9 7 11 71 10 50 21 53 92 68 63 46 28 44 61 3 78 38 83 30 40 82 66 59 89 86 56 75 47 91 43 17 80 55 13 42 8 22 36 2 31 85 60 27 97 49 93 65 84 54 51 81 74 58 4 14 57 6 62 41 79 96 16 94 77 72 48 87 23 90 34 69 33 37 35 20 67 88 0
32 23 52 53 73 31 43 22 72 28 15 54 49 34 82 10 95 18 17 68 71 42 7 1 50 59 64 46 9 87 92 5 0 48 13 80 83 38 37 56 45 69 21 6 97 40 27 79 33 12 24 78 2 3 11 58 39 77 55 25 60 85 75 86 26 88 90 81 19 41 84 20 8 4 94 62 89 57 51 47 35 67 14 36 70 61 63 29 65 76 66 91 30 96 74 16 93 44
12 2
86 39 62 14 12 8 43 59 5 95 37 56 4 81 3 26 44 25 69 88 30 24 66 82 21 17 15 63 52 85 20 50 89 45 49 64 93 10 72 1 96 54 47 6 16 33 55 42 48 34 31 57 28 87 41 46 11 51 60 7 58 90 2 27 35 67 22 65 74 18 79 84 38 97 68 94 91 77 83 70 92 13 23 78 71 29 0 53 19 32 61 76 80 36 75 9 40 73
97 31 48 37 0 10 25 94 26 27 29 49 76 2 15 85 45 82 11 64 21 46 83 43 17 30 52 79 3 5 6 34 7 22 1 91 80 28 70 56 96 39 38 55 53 67 20 63 13 18 54 95 8 66 69 23 41 47 40 36 60 93 77 57 86 78 44 16 84 50 42 71 51 35 68 92 88 81 87 9 59 62 24 33 74 14 19 65 12 61 75 73 90 89 32 72 58 4
12 2
1 48 85 35 86 24 4 59 17 2 92 94 22 39 82 60 53 71 45 49 26 15 62 31 67 79 50 16 19 72 7 42 32 18 74 58 81 89 61 44 55 56 23 80 13 33 70 77 0 28 20 78 57 27 65 97 95 83 3 30 21 93 12 51 64 73 37 5 47 43 76 8 91 54 84 36 46 68 63 88 69 75 96 52 34 9 6 11 25 66 10 29 90 38 87 41 14 40
62 26 32 20 29 13 84 46 39 9 55 73 50 17 57 90 7 5 30 91 48 43 1 37 88 8 22 70 6 74 53 54 85 27 72 12 64 87 77 25 92 63 11 97 24 76 16 61 3 34 35 14 82 18 66 80 96 51 0 45 40 93 58 83 81 94 31 71 38 15 33 79 49 42 4 75 59 68 56 67 10 36 95 41 28 2 19 23 44 65 69 86 60 47 89 52 78 21
14 2
77 14 34 90 19 88 50 58 36 55 33 41 3 72 97 57 61 13 42 27 76 69 44 32 6 1 82 46 66 62 89 56 38 81 37 40 74 31 8 43 73 86 26 12 95 87 71 93 23 21 52 24 96 7 28 11 75 16 80 63 84 91 67 39 70 68 94 20 4 92 79 65 5 18 48 83 60 17 51 54 10 53 35 2 29 25 45 9 0 85 59 47 22 15 64 49 78 30
77 56 89 7 70 13 23 3 78 62 39 84 58 5 31 93 91 88 69 64 45 42 40 6 32 75 49 94 71 55 34 14 24 63 30 44 96 97 51 10 22 60 21 80 35 20 66 57 50 26 48 38 74 90 65 29 1 47 12 81 41 61 9 33 19 54 46 87 79 18 4 28 72 92 52 25 86 0 8 68 43 59 95 85 11 83 76 67 17 2 53 16 73 15 27 82 36 37
16 1
25 24 76 71 70 51 94 75 74 69 86 44 65 66 39 30 22 96 7 77 46 31 6 50 20 47 35 73 55 84 12 53 58 21 67 89 85 34 38 64 40 97 16 52 41 13 23 57 63 91 4 83 17 1 0 32 62 45 54 82 88 26 36 8 93 33 48 9 81 11 15 60 56 78 28 87 92 37 61 90 72 14 2 29 95 43 18 3 68 42 49 27 19 10 79 80 5 59
16 2
26 53 82 45 62 55 32 40 25 9 61 67 68 94 36 50 20 75 69 27 16 80 91 41 74 8 0 19 42 64 31 30 6 35 76 33 14 51 56 72 7 23 28 65 46 3 44 73 49 48 15 37 60 1 71 5 38 84 95 63 52 10 4 59 29 43 81 11 12 18 70 54 39 47 24 17 34 93 85 89 21 66 2 88 57 78 96 92 83 79 97 22 87 77 13 58 86 90
20 51 17 79 43 80 90 23 12 40 53 78 8 15 76 13 25 2 61 75 0 34 22 7 93 16 85 81 67 84 38 62 96 41 21 70 97 50 30 71 9 33 83 4 86 82 55 74 64 49 37 1 92 10 69 46 58 91 56 63 89 18 31 59 48 77 87 28 88 54 35 39 94 95 47 19 14 65 11 3 5 27 45 42 29 26 44 66 68 60 6 57 52 24 72 73 32 36
16 2
59 29 39 14 73 17 43 30 8 77 57 55 54 26 53 38 0 65 76 32 86 4 60 21 22 5 7 89 40 93 47 42 6 61 52 90 87 37 19 13 20 24 96 63 79 3 70 78 16 44 72 10 18 85 9 25 88 64 68 75 69 51 97 94 36 27 82 46 41 91 48 95 81 83 66 67 28 84 2 56 12 23 1 50 35 62 34 33 31 11 80 58 45 71 15 74 49 92
46 77 24 25 73 45 40 91 37 29 31 53 71 68 55 52 70 92 94 86 32 83 78 50 2 3 58 62 43 9 69 10 20 49 38 66 79 8 34 41 6 39 51 28 87 5 0 60 48 33 23 42 15 11 93 14 64 88 26 67 47 96 27 76 56 97 35 59 13 30 16 12 81 4 90 75 63 1 22 36 95 72 84 21 82 89 19 44 57 85 74 7 17 54 18 80 61 65
24 1
26 51 11 67 19 62 87 74 23 31 64 4 55 39 60 50 25 53 84 43 40 42 95 16 57 96 82 2 5 29 83 47 76 80 68 49 21 56 28 9 93 97 30 90 48 72 75 91 77 20 61 78 35 37 34 89 24 52 27 17 38 22 73 13 46 54 3 86 15 58 10 66 0 12 88 79 92 59 44 45 8 6 36 7 14 63 70 41 71 69 32 33 18 81 94 85 65 1
24 2
32 23 52 53 73 31 43 22 72 28 15 54 49 34 82 10 95 18 17 68 71 42 7 1 50 59 64 46 9 87 92 5 0 48 13 80 83 38 37 56 45 69 21 6 97 40 27 79 33 12 24 78 2 3 11 58 39 77 55 25 60 85 75 86 26 88 90 81 19 41 84 20 8 4 94 62 89 57 51 47 35 67 14 36 70 61 63 29 65 76 66 91 30 96 74 16 93 44
2 25 0 3 29 84 10 45 48 90 6 34 66 70 53 57 89 21 33 75 78 17 39 94 24 1 88 59 31 4 44 28 87 18 11 97 91 56 62 22 76 68 73 54 30 7 72 83 8 71 81 77 74 14 43 82 37 15 63 27 65 85 38 58 96 60 12 86 41 80 13 49 46 42 52 19 40 51 20 93 69 50 55 47 5 61 67 32 26 16 9 36 95 79 23 92 64 35
24 2
22 67 94 70 95 13 47 51 36 23 41 35 62 5 93 33 52 60 39 86 97 59 0 9 63 45 65 77 34 72 68 32 31 15 28 11 8 73 82 18 89 10 83 43 64 25 46 6 79 96 71 7 16 81 78 61 74 58 57 21 17 55 12 24 44 26 80 1 30 88 3 50 29 37 56 92 84 27 54 48 66 53 38 42 76 90 19 91 69 40 85 87 75 14 2 4 49 20
40 35 67 76 82 29 68 69 73 44 49 17 78 96 81 47 30 11 43 19 36 33 80 92 74 88 65 38 60 5 16 66 57 21 77 1 20 48 27 55 0 94 54 18 9 59 70 15 37 10 83 97 79 91 42 39 56 32 64 45 28 90 75 93 58 26 31 2 6 7 46 89 95 8 24 62 3 34 12 52 22 14 4 50 85 84 87 86 25 71 61 53 23 63 41 72 13 51
24 2
77 80 84 8 12 42 31 56 33 28 5 30 19 49 53 73 78 17 61 4 27 68 22 94 69 65 76 35 50 93 85 36 97 3 29 20 6 71 7 40 91 16 10 47 95 83 43 46 75 59 9 37 90 70 48 0 38 23 1 13 87 67 24 52 2 82 15 18 74 62 14 51 45 66 21 54 86 55 41 32 58 60 25 72 64 11 26 81 92 88 63 39 89 34 57 96 44 79
80 26 92 48 23 53 83 58 14 38 78 44 94 36 8 25 34 57 67 22 37 51 19 4 77 15 1 27 96 82 56 40 71 65 16 74 13 20 9 88 31 73 54 47 11 60 61 43 3 89 76 21 64 5 42 85 30 17 7 63 45 46 95 59 52 33 75 18 97 86 93 32 90 41 35 66 50 24 10 79 0 91 29 6 87 55 69 84 39 49 72 81 2 70 12 62 28 68
24 2
8 48 73 7 41 23 44 54 4 10 65 9 61 28 91 47 87 46 52 2 12 33 15 49 79 55 96 16 77 39 3 22 51 89 64 82 93 71 57 18 66 0 74 72 32 83 36 31 85 90 60 6 29 43 30 94 68 45 42 35 37 76 19 21 14 11 84 58 26 13 27 50 92 62 67 25 20 69 24 80 78 1 86 38 95 81 59 70 88 63 5 34 53 17 75 40 56
86 39 62 14 12 8 43 59 5 95 37 56 4 81 3 26 44 25 69 88 30 24 66 82 21 17 15 63 52 85 20 50 89 45 49 64 93 10 72 1 96 54 47 6 16 33 55 42 48 34 31 57 28 87 41 46 11 51 60 7 58 90 2 27 35 67 22 65 74 18 79 84 38 97 68 94 91 77 83 70 92 13 23 78 71 29 0 53 19 32 61 76 80 36 75 9 40 73
32 2
32 23 52 53 73 31 43 22 72 28 15 54 49 34 82 10 95 18 17 68 71 42 7 1 50 59 64 46 9 87 92 5 0 48 13 80 83 38 37 56 45 69 21 6 97 40 27 79 33 12 24 78 2 3 11 58 39 77 55 25 60 85 75 86 26 88 90 81 19 41 84 20 8 4 94 62 89 57 51 47 35 67 14 36 70 61 63 29 65 76 66 91 30 96 74 16 93 44
10 33 17 44 7 87 31 4 72 43 0 11 37 92 18 53 56 2 14 42 74 78 61 65 97 29 41 83 86 25 47 6 32 1 96 67 39 12 52 36 95 26 19 9 3 64 70 30 84 76 81 62 38 15 80 91 16 79 89 85 82 22 51 90 45 23 71 35 73 93 46 66 8 68 20 94 49 88 21 57 54 50 60 27 48 59 28 5 77 58 63 55 13 69 75 40 34 24
48 2
62 57 25 56 34 74 44 36 26 72 11 10 13 12 47 93 83 75 45 85 63 94 35 73 89 2 8 51 90 91 95 66 71 39 4 22 7 69 52 33 65 41 58 55 6 18 96 14 87 60 82 27 38 88 79 43 3 1 42 70 49 77 0 20 76 40 31 81 92 37 59 32 9 23 5 17 64 61 78 54 86 67 50 16 97 19 80 48 53 24 28 29 68 15 21 30 46 84
5 47 45 31 4 0 16 50 27 12 76 90 9 60 70 93 6 23 91 33 83 49 89 17 69 44 74 8 79 35 59 3 65 19 57 29 46 55 78 88 43 58 72 40 25 2 36 1 48 21 7 77 61 92 86 37 95 34 41 30 13 52 94 75 68 32 81 82 64 24 14 97 42 85 26 63 10 51 38 28 84 66 67 20 80 73 54 96 39 22 11 18 53 15 62 56 87 71
48 1
71 40 21 90 41 61 20 82 58 8 87 5 9 36 17 27 42 54 0 95 81 22 45 33 96 35 28 2 73 60 32 43 14 4 63 3 37 56 52 93 92 44 72 77 26 80 88 86 64 46 49 62 65 47 25 23 31 85 34 39 67 19 18 59 55 74 12 48 11 97 68 79 51 38 13 83 76 15 78 66 89 30 16 1 57 69 84 94 75 6 10 24 7 53 29 91 50 70
48 2
94 27 53 83 13 74 10 91 54 50 6 88 21 4 33 19 71 67 30 15 47 12 38 68 78 89 92 1 62 95 18 45 96 14 60 37 46 35 22 72 40 44 66 97 41 31 36 20 69 82 9 56 73 2 8 79 51 58 57 93 34 87 28 64 63 70 42 17 23 48 65 16 39 52 5 85 90 80 24 55 77 81 49 3 86 75 84 61 11 25 76 7 26 59 0 29 32 43
55 46 85 16 80 74 70 58 90 37 59 93 84 86 52 88 3 89 18 53 23 97 39 20 67 75 76 96 54 66 45 95 51 38 77 72 57 9 33 22 41 40 91 94 65 30 1 73 82 87 69 32 14 19 28 0 71 36 7 10 61 60 79 68 92 44 29 24 63 50 6 56 35 47 5 25 26 34 81 62 4 78 48 83 12 2 13 49 15 17 8 42 64 11 43 31 27 21
49 1
51 4 79 44 49 3 62 33 59 56 42 48 35 57 74 84 43 36 90 0 18 80 93 26 41 45 97 40 70 5 38 27 75 73 69 8 24 66 60 2 21 65 46 64 87 9 86 34 53 91 85 31 47 82 78 76 28 17 50 81 15 54 10 14 29 58 71 37 1 61 19 12 67 77 94 20 7 13 95 92 22 89 52 6 11 72 16 25 68 23 55 63 88 96 32 83 30 39
96 2
20 51 17 79 43 80 90 23 12 40 53 78 8 15 76 13 25 2 61 75 0 34 22 7 93 16 85 81 67 84 38 62 96 41 21 70 97 50 30 71 9 33 83 4 86 82 55 74 64 49 37 1 92 10 69 46 58 91 56 63 89 18 31 59 48 77 87 28 88 54 35 39 94 95 47 19 14 65 11 3 5 27 45 42 29 26 44 66 68 60 6 57 52 24 72 73 32 36
75 33 66 79 38 91 54 17 70 29 42 52 92 14 13 60 96 7 26 80 41 58 69 62 27 65 18 24 89 9 35 49 76 1 64 30 53 68 4 86 71 20 10 83 74 57 85 47 93 31 87 63 11 36 6 72 97 45 21 77 15 61 23 51 34 25 2 88 37 22 8 40 55 78 44 0 32 59 73 3 19 84 90 43 81 46 39 50 67 28 82 5 12 48 95 94 16 56
97 1
77 66 59 61 32 88 56 46 52 91 97 87 55 15 82 84 16 19 92 37 95 80 34 42 47 2 57 38 69 76 7 22 39 12 50 49 14 23 75 64 27 21 41 83 17 85 18 71 11 54 70 1 3 90 43 65 62 81 78 4 53 44 0 73 89 36 72 29 58 30 60 6 26 20 79 68 24 33 94 93 35 8 25 40 67 74 9 86 45 96 5 13 63 48 10 51 28 31
194 2
86 39 62 14 12 8 43 59 5 95 37 56 4 81 3 26 44 25 69 88 30 24 66 82 21 17 15 63 52 85 20 50 89 45 49 64 93 10 72 1 96 54 47 6 16 33 55 42 48 34 31 57 28 87 41 46 11 51 60 7 58 90 2 27 35 67 22 65 74 18 79 84 38 97 68 94 91 77 83 70 92 13 23 78 71 29 0 53 19 32 61 76 80 36 75 9 40 73
46 77 24 25 73 45 40 91 37 29 31 53 71 68 55 52 70 92 94 86 32 83 78 50 2 3 58 62 43 9 69 10 20 49 38 66 79 8 34 41 6 39 51 28 87 5 0 60 48 33 23 42 15 11 93 14 64 88 26 67 47 96 27 76 56 97 35 59 13 30 16 12 81 4 90 75 63 1 22 36 95 72 84 21 82 89 19 44 57 85 74 7 17 54 18 80 61 65
291 2
47 9 90 50 43 64 37 91 48 87 76 65 8 61 19 88 13 6 62 24 81 97 73 59 14 22 86 45 77 0 26 4 21 56 7 80 68 17 51 94 95 41 67 31 36 69 23 29 12 60 54 63 74 18 3 40 70 10 28 46 82 16 53 38 78 89 2 92 44 27 33 83 20 25 85 15 57 58 5 39 84 72 49 96 35 52 30 1 75 11 66 34 42 93 79 55 71 32
59 2 77 61 76 67 97 85 11 5 56 50 72 60 90 81 96 80 12 68 94 19 64 10 47 66 45 4 22 32 17 69 86 92 87 31 13 62 0 34 24 58 20 43 7 46 26 40 52 6 8 33 79 82 83 25 23 84 73 38 36 74 75 78 28 53 55 9 21 35 15 54 18 41 3 37 27 1 95 48 30 70 65 71 88 44 29 39 57 16 91 14 51 93 42 63 89 49
388 2
97 9 16 68 41 24 87 10 45 78 58 60 13 81 85 76 23 17 14 72 2 66 50 20 70 44 33 51 71 26 63 11 32 47 54 31 37 49 18 42 0 77 6 7 53 3 4 29 1 64 88 57 69 75 52 59 74 95 43 80 35 55 73 62 36 86 56 40 8 34 92 89 83 30 21 25 93 46 48 28 61 96 19 82 65 38 90 39 94 79 84 15 5 91 22 27 12 67
22 97 88 53 26 82 6 50 74 60 95 87 32 24 59 45 69 17 37 93 66 31 0 49 13 84 4 40 30 52 28 21 12 58 43 94 57 18 56 68 27 77 78 34 48 15 54 64 44 23 7 80 29 3 46 72 38 36 33 14 9 86 83 81 47 73 20 90 39 16 96 75 55 65 8 71 85 41 42 92 51 63 5 62 25 76 61 11 2 91 67 89 79 19 35 10 70 1
582 2
75 33 66 79 38 91 54 17 70 29 42 52 92 14 13 60 96 7 26 80 41 58 69 62 27 65 18 24 89 9 35 49 76 1 64 30 53 68 4 86 71 20 10 83 74 57 85 47 93 31 87 63 11 36 6 72 97 45 21 77 15 61 23 51 34 25 2 88 37 22 8 40 55 78 44 0 32 59 73 3 19 84 90 43 81 46 39 50 67 28 82 5 12 48 95 94 16 56
20 23 52 30 10 63 91 41 25 54 57 17 5 53 90 84 9 60 93 29 94 80 71 97 3 64 15 7 50 65 24 35 31 6 78 32 73 96 39 83 22 27 47 51 81 70 95 72 67 44 69 58 88 92 16 21 56 4 43 66 11 61 37 12 8 19 74 89 36 28 75 40 42 68 59 45 14 46 79 34 55 49 86 38 26 82 85 18 2 48 76 33 13 87 0 77 62 1
776 2
48 56 26 3 10 25 46 90 31 82 6 24 13 83 37 7 87 55 81 43 40 34 77 68 72 44 93 95 75 12 47 66 33 16 85 41 86 45 30 35 62 52 42 69 74 59 18 63 19 88 71 38 57 92 29 9 11 60 32 36 27 70 64 61 23 49 17 97 67 21 91 80 2 22 73 14 58 79 94 5 78 84 96 65 89 0 28 53 54 4 50 51 76 1 15 39 8 20
2 25 0 3 29 84 10 45 48 90 6 34 66 70 53 57 89 21 33 75 78 17 39 94 24 1 88 59 31 4 44 28 87 18 11 97 91 56 62 22 76 68 73 54 30 7 72 83 8 71 81 77 74 14 43 82 37 15 63 27 65 85 38 58 96 60 12 86 41 80 13 49 46 42 52 19 40 51 20 93 69 50 55 47 5 61 67 32 26 16 9 36 95 79 23 92 64 35
1164 3
97 9 16 68 41 24 87 10 45 78 58 60 13 81 85 76 23 17 14 72 2 66 50 20 70 44 33 51 71 26 63 11 32 47 54 31 37 49 18 42 0 77 6 7 53 3 4 29 1 64 88 57 69 75 52 59 74 95 43 80 35 55 73 62 36 86 56 40 8 34 92 89 83 30 21 25 93 46 48 28 61 96 19 82 65 38 90 39 94 79 84 15 5 91 22 27 12 67
41 51 25 74 32 78 21 38 58 30 82 28 93 23 3 65 42 17 86 26 40 39 0 35 16 73 85 94 7 19 76 57 1 53 52 66 6 75 50 27 89 69 95 64 10 62 34 54 71 14 60 18 67 96 44 22 56 49 97 24 11 90 13 29 88 5 45 37 8 83 59 80 15 20 31 46 61 72 77 12 33 9 84 55 47 87 4 63 79 2 81 68 91 43 36 70 48 92
22 97 88 53 26 82 6 50 74 60 95 87 32 24 59 45 69 17 37 93 66 31 0 49 13 84 4 40 30 52 28 21 12 58 43 94 57 18 56 68 27 77 78 34 48 15 54 64 44 23 7 80 29 3 46 72 38 36 33 14 9 86 83 81 47 73 20 90 39 16 96 75 55 65 8 71 85 41 42 92 51 63 5 62 25 76 61 11 2 91 67 89 79 19 35 10 70 1
1552 2
4 71 49 95 12 23 14 37 87 73 22 91 72 39 1 69 66 55 45 15 85 24 88 7 44 48 92 10 77 94 65 79 27 31 68 83 51 86 60 30 20 9 6 0 36 3 80 53 2 84 38 61 52 63 76 26 58 54 32 97 57 67 62 78 29 16 89 42 25 96 90 19 47 40 41 5 64 11 70 34 35 28 56 81 75 50 33 82 59 46 93 13 8 18 74 43 21 17
31 97 88 92 68 35 51 71 42 50 84 16 44 78 86 57 77 93 60 36 40 47 41 23 69 66 8 95 54 18 13 63 20 67 53 55 38 39 96 56 70 28 80 91 1 22 7 34 6 5 3 79 52 30 17 43 83 46 21 64 11 82 45 85 15 2 76 49 29 27 26 94 25 10 0 37 48 4 58 72 32 89 90 73 75 61 12 65 19 14 74 33 24 62 59 9 87 81
2328 2
31 97 88 92 68 35 51 71 42 50 84 16 44 78 86 57 77 93 60 36 40 47 41 23 69 66 8 95 54 18 13 63 20 67 53 55 38 39 96 56 70 28 80 91 1 22 7 34 6 5 3 79 52 30 17 43 83 46 21 64 11 82 45 85 15 2 76 49 29 27 26 94 25 10 0 37 48 4 58 72 32 89 90 73 75 61 12 65 19 14 74 33 24 62 59 9 87 81
86 76 72 80 40 27 64 48 29 46 59 36 84 91 57 79 35 6 53 95 49 10 89 69 97 45 3 34 8 28 62 85 14 41 5 87 88 1 92 15 54 42 33 24 12 51 70 0 74 75 61 25 52 77 4 38 58 32 63 21 65 93 73 56 17 67 13 60 31 83 9 71 78 30 7 20 37 18 2 39 26 82 90 23 44 68 47 16 11 96 81 66 55 50 19 94 22 43
