612468 108
159 212 214 318 321 428 477 636 642
2
0 1 106 107 2 3 4 5 6 7 8 9 10 11 12 13 14 15 16 17 18 19 20 21 22 23 24 25 26 27 28 29 30 31 32 33 34 35 36 37 38 39 40 41 42 43 44 45 46 47 48 49 50 51 52 53 54 55 56 57 58 59 60 61 62 63 64 65 66 67 68 69 70 71 72 73 74 75 76 77 78 79 80 81 82 83 84 85 86 87 88 89 90 91 92 93 94 95 96 97 98 99 100 101 102 103 104 105
1 55 54 91 8 21 26 69 100 32 102 85 27 51 28 45 11 57 3 107 61 86 46 42 89 99 80 73 70 50 84 20 71 29 43 34 7 83 17 78 82 103 47 35 22 52 44 23 13 90 33 48 15 93 56 0 2 38 65 97 81 31 59 68 88 95 64 76 87 36 14 9 53 12 41 67 75 60 101 49 6 77 96 98 104 16 5 63 66 105 79 18 19 72 25 58 40 62 37 94 4 39 106 74 30 24 10 92
20
2 1
99 20 25 98 6 14 4 9 105 7 21 94 38 74 5 47 73 54 39 41 1 10 86 77 34 2 55 66 31 56 50 28 75 97 24 68 48 61 12 18 59 19 96 49 87 106 103 15 36 43 30 84 57 92 17 26 29 52 82 40 79 37 67 90 93 102 27 62 35 89 76 83 104 16 13 32 70 23 100 60 101 107 58 71 51 95 22 44 91 69 63 88 53 64 11 85 42 33 3 0 78 80 65 46 72 8 45 81
3 1
18 107 88 103 102 20 21 28 1 77 45 39 57 61 98 100 83 42 25 27 64 68 86 80 48 0 97 104 105 23 22 37 11 63 12 106 73 79 72 32 58 50 55 40 24 49 4 36 44 10 51 41 3 95 66 17 38 34 43 96 94 71 35 65 5 33 78 69 6 99 26 13 56 47 92 14 60 90 54 31 29 82 91 87 2 59 30 16 84 74 9 81 89 15 76 101 85 70 75 67 93 53 46 52 19 7 62 8
4 2
40 87 69 30 93 99 61 56 33 78 82 45 49 94 71 66 28 34 97 58 96 36 24 42 22 75 80 95 16 35 3 107 100 8 17 29 21 81 48 74 0 57 23 67 51 11 90 101 38 12 73 44 102 88 77 59 7 41 19 55 84 6 63 62 65 64 15 43 72 2 86 14 68 50 39 25 83 54 9 89 26 37 10 76 60 104 70 1 53 79 46 106 98 4 13 27 20 18 92 5 32 47 52 105 85 103 91 31
14 10 22 19 78 21 91 8 7 93 1 23 65 107 0 37 17 16 39 3 52 5 2 11 69 60 77 44 34 89 58 94 68 56 28 79 99 15 67 18 71 101 45 48 27 42 55 57 43 64 76 95 20 104 80 46 33 47 30 90 25 106 98 92 49 12 81 38 32 24 105 40 100 83 97 84 50 26 4 35 54 66 87 73 75 88 103 82 85 29 59 6 63 9 31 51 102 74 62 36 72 41 96 86 53 70 61 13
6 1
23 86 0 100 14 6 77 93 87 15 38 82 21 59 48 46 96 31 101 107 102 42 20 4 12 36 18 35 54 75 17 104 56 49 60 53 5 92 34 55 74 91 73 97 105 89 67 7 2 8 78 13 63 61 50 88 27 71 94 22 16 32 103 95 9 1 29 76 66 106 62 58 28 79 84 37 64 99 98 24 39 41 83 52 65 90 40 69 19 44 57 26 68 70 85 11 10 45 72 25 30 81 51 47 3 43 33 80
6 2
89 38 78 44 27 52 97 104 51 35 61 66 92 76 23 30 75 100 83 49 80 93 91 14 81 53 40 4 96 33 15 99 84 29 106 9 105 73 1 57 26 42 41 95 3 64 103 107 77 19 79 8 5 25 90 71 72 39 60 62 58 10 59 82 45 68 11 69 65 67 88 55 56 37 102 16 13 48 2 50 20 24 63 18 32 86 85 101 70 0 54 22 12 21 98 43 28 6 94 31 17 87 74 46 7 36 34 47
72 44 57 38 12 50 68 1 6 56 63 73 34 42 28 10 69 32 103 46 39 5 77 70 13 84 47 106 88 74 82 43 53 60 4 0 48 66 104 78 59 76 24 94 7 67 83 62 91 18 21 65 93 17 85 37 89 80 29 107 102 30 26 15 16 97 55 75 8 64 96 11 35 71 58 45 81 105 20 52 2 41 61 19 100 101 90 86 14 9 87 36 27 79 31 99 23 51 95 98 25 54 33 49 3 22 92 40
6 2
89 38 78 44 27 52 97 104 51 35 61 66 92 76 23 30 75 100 83 49 80 93 91 14 81 53 40 4 96 33 15 99 84 29 106 9 105 73 1 57 26 42 41 95 3 64 103 107 77 19 79 8 5 25 90 71 72 39 60 62 58 10 59 82 45 68 11 69 65 67 88 55 56 37 102 16 13 48 2 50 20 24 63 18 32 86 85 101 70 0 54 22 12 21 98 43 28 6 94 31 17 87 74 46 7 36 34 47
63 78 66 6 15 86 3 23 70 45 60 38 28 59 42 4 84 106 35 57 31 99 82 7 103 81 96 71 12 32 55 20 29 75 73 18 97 100 11 87 92 104 14 51 105 9 53 67 61 101 52 43 50 46 102 30 62 19 77 13 10 48 56 0 83 69 2 47 107 65 8 27 76 34 94 33 72 58 1 85 93 25 22 64 16 79 5 39 95 91 98 89 40 80 74 88 26 36 90 21 37 49 54 24 41 44 17 68
9 1
49 86 66 45 80 20 17 33 59 36 41 16 27 81 32 26 21 42 93 8 3 103 54 2 13 94 99 76 102 12 9 55 90 69 53 11 4 77 75 6 95 39 38 98 7 14 43 68 106 56 62 85 0 87 63 65 31 19 28 46 74 101 5 100 78 47 51 71 52 105 91 44 30 83 64 84 88 57 35 24 34 61 89 107 10 104 70 72 48 1 50 73 79 29 67 92 15 22 37 97 96 40 23 60 58 25 18 82
12 2
44 24 46 9 35 28 104 10 53 3 7 23 31 91 71 60 74 81 90 75 102 80 66 11 1 29 69 82 5 25 96 12 97 64 87 4 77 56 78 43 63 92 105 39 0 57 2 94 72 99 84 93 100 8 103 83 37 45 61 65 15 58 70 40 33 59 22 88 85 26 62 14 48 98 16 19 101 36 38 95 21 17 27 55 50 68 107 34 67 106 18 13 41 51 47 79 30 32 73 49 52 76 20 54 6 42 89 86
88 7 41 34 52 15 106 1 82 65 40 14 48 87 11 5 24 97 67 56 98 102 51 38 16 32 60 50 77 53 86 94 25 46 3 69 100 105 23 76 10 2 66 91 73 68 33 83 12 62 27 22 4 29 93 85 19 72 96 101 26 92 49 70 107 9 42 18 45 35 63 79 57 44 99 103 39 28 104 71 90 84 8 47 81 55 30 13 0 95 80 43 61 54 31 89 58 17 20 74 36 59 21 75 78 37 6 64
12 2
104 16 10 50 12 53 32 60 88 67 2 70 4 15 38 13 1 55 45 26 85 36 34 69 25 24 19 56 62 40 43 68 6 42 22 100 21 72 14 61 29 47 33 30 63 18 74 41 83 66 3 97 89 5 71 17 27 76 92 81 7 39 28 44 93 103 49 9 31 23 11 54 37 79 46 102 57 90 87 73 91 59 106 48 99 20 98 78 8 52 77 80 58 64 101 96 95 51 86 84 35 94 75 65 0 107 82 105
93 65 107 35 30 2 57 48 100 52 14 44 72 10 13 46 75 54 70 24 43 7 61 78 59 33 71 89 1 27 77 84 94 55 63 49 31 90 53 18 67 60 26 98 91 34 105 68 21 3 95 103 64 74 81 25 0 69 87 19 99 80 97 45 9 28 88 104 83 6 39 42 86 8 38 106 58 4 101 50 22 17 51 47 36 37 12 76 96 29 85 11 32 56 92 79 66 102 20 41 73 23 62 82 40 15 16 5
18 1
106 100 69 39 49 52 63 29 90 79 62 97 27 101 8 24 93 19 98 86 91 35 41 33 56 82 78 15 13 34 88 107 64 94 47 46 83 16 103 84 17 54 53 6 36 99 12 66 87 85 22 18 44 67 59 65 9 14 2 81 7 76 92 105 73 3 38 21 10 71 37 48 51 61 31 60 42 95 20 32 74 28 45 89 104 23 30 57 1 25 4 50 96 75 0 43 70 77 102 11 55 72 26 68 80 5 58 40
18 2
23 7 17 99 105 103 74 1 87 72 95 51 54 28 98 68 38 2 82 85 41 64 49 0 62 33 31 37 13 84 71 26 89 25 81 91 96 27 16 59 100 20 75 56 63 101 83 104 79 22 66 11 107 90 12 102 43 88 76 39 78 94 24 44 21 106 50 69 15 67 86 30 9 92 6 42 58 97 60 48 93 34 18 46 29 19 70 8 57 32 53 35 73 80 61 10 36 77 14 3 40 45 55 5 47 4 65 52
40 70 55 48 13 91 94 79 18 49 24 44 69 4 96 38 104 87 8 105 83 51 84 93 10 50 88 90 54 64 77 103 36 80 53 42 32 39 15 37 0 98 35 65 11 67 81 58 3 9 25 21 63 34 28 2 82 76 47 89 85 101 107 52 29 43 99 45 75 12 1 73 95 71 78 68 57 30 74 7 33 46 56 20 22 60 100 17 26 59 27 5 102 23 6 72 14 106 41 66 86 61 92 31 16 19 97 62
18 2
23 7 17 99 105 103 74 1 87 72 95 51 54 28 98 68 38 2 82 85 41 64 49 0 62 33 31 37 13 84 71 26 89 25 81 91 96 27 16 59 100 20 75 56 63 101 83 104 79 22 66 11 107 90 12 102 43 88 76 39 78 94 24 44 21 106 50 69 15 67 86 30 9 92 6 42 58 97 60 48 93 34 18 46 29 19 70 8 57 32 53 35 73 80 61 10 36 77 14 3 40 45 55 5 47 4 65 52
51 25 86 65 82 23 14 27 35 104 77 73 95 47 6 80 42 88 58 83 81 76 90 5 39 1 107 7 31 63 93 28 79 40 60 8 43 52 91 24 33 68 16 36 103 48 89 13 45 69 75 0 37 71 92 106 101 99 18 94 34 102 70 29 87 3 105 78 41 49 62 53 100 11 96 50 21 10 67 32 15 20 4 19 97 98 2 64 17 46 22 38 54 30 59 12 74 84 85 57 72 56 61 44 9 66 55 26
27 1
16 73 89 23 100 59 56 24 20 12 11 49 60 55 0 51 101 46 10 63 96 5 9 92 68 105 47 75 82 36 54 81 74 57 31 41 72 88 76 37 61 70 91 104 19 28 52 13 107 17 48 58 32 15 8 35 53 7 14 42 90 21 103 80 84 99 26 79 43 94 38 1 34 29 40 78 77 69 65 33 30 95 66 106 93 98 39 4 62 44 25 86 71 83 22 2 87 67 6 18 3 64 45 27 85 50 97 102
36 2
11 91 82 102 63 8 49 79 5 29 35 0 103 31 52 66 61 59 84 54 100 62 30 95 47 69 65 38 107 9 22 13 60 77 56 10 87 76 27 98 81 86 70 85 57 58 68 24 83 6 88 104 14 96 19 78 34 44 45 17 32 16 21 4 75 26 15 92 46 25 42 89 80 93 101 64 37 33 55 7 72 40 2 48 18 43 41 36 50 71 105 1 67 73 97 23 53 94 39 106 20 74 3 12 51 90 99 28
88 7 41 34 52 15 106 1 82 65 40 14 48 87 11 5 24 97 67 56 98 102 51 38 16 32 60 50 77 53 86 94 25 46 3 69 100 105 23 76 10 2 66 91 73 68 33 83 12 62 27 22 4 29 93 85 19 72 96 101 26 92 49 70 107 9 42 18 45 35 63 79 57 44 99 103 39 28 104 71 90 84 8 47 81 55 30 13 0 95 80 43 61 54 31 89 58 17 20 74 36 59 21 75 78 37 6 64
53 1
91 46 78 3 49 73 41 48 4 94 77 18 70 34 24 100 53 22 1 23 35 32 83 10 26 44 87 65 12 68 16 107 99 25 11 66 104 55 63 97 57 80 40 74 82 33 71 20 6 38 30 15 69 19 72 50 93 5 21 54 105 102 8 0 9 84 37 7 103 67 13 60 43 27 89 96 64 88 28 59 14 31 36 85 76 95 90 92 51 62 56 98 2 79 58 29 39 81 75 86 45 47 42 61 52 101 106 17
54 1
46 42 93 45 54 51 4 53 17 40 39 19 1 55 97 33 0 69 49 48 71 35 84 37 34 43 101 92 3 76 66 15 90 20 100 88 60 5 25 47 99 50 103 27 77 80 59 74 87 89 75 96 2 21 52 30 6 78 65 79 62 16 57 32 24 18 81 44 7 70 64 56 31 72 26 9 23 10 82 58 36 67 86 98 13 105 107 14 29 8 11 61 91 38 95 41 63 83 28 106 94 68 104 73 22 12 85 102
54 2
107 106 70 79 74 16 50 78 97 86 99 31 94 95 51 22 5 62 41 77 80 98 15 65 52 43 35 87 104 100 88 11 48 103 67 26 61 105 53 47 73 18 84 25 49 90 71 39 32 44 6 14 24 38 69 83 93 101 63 75 68 36 17 58 82 23 89 34 60 54 2 46 81 40 4 59 96 19 7 3 20 72 64 55 42 92 9 27 30 66 45 102 85 56 12 13 76 8 21 10 29 57 91 33 28 37 1 0
13 3 75 1 45 94 57 102 61 20 65 28 77 0 47 71 87 64 70 25 9 59 50 31 98 19 95 96 11 41 66 23 46 54 73 106 38 53 36 62 80 29 82 67 74 4 32 14 78 88 22 107 104 37 33 79 92 6 105 21 83 8 39 101 17 10 30 43 89 85 18 15 100 34 44 2 90 12 48 55 40 93 42 60 86 69 84 16 49 68 76 99 56 81 5 26 27 103 24 91 72 63 7 97 52 58 35 51
54 2
66 21 76 81 98 53 84 24 48 16 23 85 69 52 99 45 9 105 75 28 103 1 104 10 7 58 91 107 19 62 40 93 43 97 82 74 106 92 41 79 30 38 72 32 55 15 49 57 8 46 101 87 13 5 96 44 100 47 25 68 86 102 29 80 77 89 0 90 59 12 88 78 42 94 35 18 2 64 71 39 63 3 34 95 6 11 60 51 70 65 67 26 37 31 73 83 54 33 4 14 56 50 61 20 22 17 36 27
43 65 56 16 72 83 68 98 96 21 101 15 100 73 31 11 3 46 49 53 34 9 81 48 44 103 71 86 38 61 51 14 41 75 20 95 104 82 28 63 102 32 50 0 24 69 17 79 23 18 42 30 106 19 107 89 2 78 66 90 85 29 91 39 84 1 58 76 6 45 80 26 4 13 88 33 67 94 57 47 70 22 37 5 64 60 27 99 74 55 59 62 105 97 77 35 8 93 7 87 12 10 40 25 36 92 52 54
106 2
63 78 66 6 15 86 3 23 70 45 60 38 28 59 42 4 84 106 35 57 31 99 82 7 103 81 96 71 12 32 55 20 29 75 73 18 97 100 11 87 92 104 14 51 105 9 53 67 61 101 52 43 50 46 102 30 62 19 77 13 10 48 56 0 83 69 2 47 107 65 8 27 76 34 94 33 72 58 1 85 93 25 22 64 16 79 5 39 95 91 98 89 40 80 74 88 26 36 90 21 37 49 54 24 41 44 17 68
77 22 99 78 5 4 23 64 44 47 12 58 10 40 36 103 42 28 80 81 65 96 1 6 38 48 39 68 17 32 54 72 29 43 79 92 14 53 24 26 13 88 16 33 8 69 62 9 25 105 100 74 90 37 30 91 66 83 11 86 73 75 46 85 7 20 56 70 27 45 67 82 31 60 51 61 93 0 3 34 18 19 71 57 102 63 59 89 41 87 52 55 35 76 95 94 21 106 104 2 50 107 84 15 98 49 97 101
107 1
67 64 0 75 21 98 102 77 7 28 68 76 72 92 20 36 47 66 32 50 107 45 30 90 12 88 17 78 37 38 51 105 14 70 48 6 44 71 57 25 96 27 85 10 16 62 52 100 73 40 22 2 34 89 42 97 23 3 91 58 31 79 69 9 15 46 104 35 106 74 60 87 19 83 61 11 26 80 93 94 53 8 43 13 41 101 86 24 81 99 65 84 95 5 39 59 55 63 103 18 54 29 33 4 56 1 49 82
