PSL(2,43) |G|=39732 missing: [ 28, 33, 66, 77, 84, 86, 154, 172, 231, 258, 
  462, 473, 516, 602, 1204, 1419 ]
PSL(2,47) |G|=51888 missing: [ 69, 92, 94, 138, 141, 184, 188, 276, 282, 368, 
  376, 552, 564, 752 ]
PSL(2,49) |G|=58800 missing: [ 35, 40, 70, 75, 80, 105, 120, 140, 210, 240, 
  245, 280, 420, 490, 560, 735, 784, 840, 1470, 1680 ]
PSU(3,4) |G|=62400 missing: [ 26, 52, 78, 104, 156, 200, 312, 400, 600, 800, 
  1200, 2400 ]
PSL(2,53) |G|=74412 missing: [ 36, 39, 78, 117, 156, 159, 212, 234, 318, 351, 
  468, 477, 636, 954, 1908, 2067 ]
M12 |G|=95040 missing: [ 135, 270, 297, 320, 352, 704 ]
PSL(2,59) |G|=102660 missing: [ 87, 116, 118, 145, 174, 177, 236, 290, 295, 
  348, 354, 435, 580, 590, 708, 870, 885, 1180 ]
PSL(2,61) |G|=113460 missing: [ 93, 155, 244, 465, 732, 1220 ]
PSU(3,5) |G|=126000 missing: [ 75, 112, 225, 336, 375, 560, 1125, 1680 ]
PSL(2,67) |G|=150348 missing: [ 44, 51, 102, 132, 134, 187, 268, 374, 402, 
  561, 804, 1122, 1139, 1474, 2948, 3417 ]
J1 |G|=175560 missing: [ 35, 70, 76, 77, 88, 95, 105, 133, 140, 152, 154, 
  190, 209, 210, 228, 231, 264, 280, 285, 308, 380, 385, 399, 418, 420, 440, 
  456, 462, 570, 616, 627, 665, 760, 770, 836, 840, 924, 1140, 1155, 1254, 
  1320, 1672, 1848, 1995, 2280, 2310, 2508, 5016 ]
PSL(2,71) |G|=178920 missing: [ 21, 28, 40, 42, 45, 56, 63, 84, 90, 105, 120, 
  126, 140, 142, 168, 180, 210, 213, 252, 280, 284, 315, 420, 426, 568, 630, 
  639, 710, 840, 852, 994, 1065, 1260, 1278, 1420, 1491, 1704, 1988, 2130, 
  2840, 3195, 3976, 4260, 4473, 6390, 8520 ]
A9 |G|=181440 missing: [  ]
PSL(2,73) |G|=194472 missing: [ 111, 333, 584, 1752 ]
PSL(2,79) |G|=246480 missing: [ 48, 52, 65, 104, 120, 130, 156, 158, 195, 
  208, 260, 312, 316, 390, 395, 474, 520, 624, 632, 780, 790, 948, 1185, 
  1264, 1560, 1580, 1896, 2054, 2370, 3792, 4740, 5135 ]
PSL(2,64) |G|=262080 missing: [ 35, 39, 40, 45, 52, 70, 78, 80, 90, 91, 104, 
  105, 117, 120, 140, 156, 160, 180, 182, 208, 210, 234, 240, 273, 280, 312, 
  315, 320, 360, 364, 416, 420, 468, 480, 546, 560, 624, 630, 720, 728, 819, 
  832, 840, 936, 960, 1092, 1120, 1248, 1260, 1440, 1456, 1638, 1680, 1872, 
  2184, 2240, 2496, 2520, 2880, 2912, 3276, 3360, 3744, 5040, 5824, 6552, 
  6720, 7488 ]
PSL(2,81) |G|=265680 missing: [ 123, 205, 432, 615, 1296, 2160 ]
PSL(2,83) |G|=285852 missing: [ 123, 164, 166, 246, 249, 287, 332, 492, 498, 
  574, 581, 861, 996, 1148, 1162, 1722, 1743, 2324 ]
PSL(2,89) |G|=352440 missing: [ 33, 36, 40, 55, 66, 72, 99, 110, 120, 132, 
  165, 198, 220, 264, 267, 330, 396, 440, 445, 495, 534, 660, 712, 792, 801, 
  890, 1068, 1320, 1335, 1602, 1780, 2136, 2670, 2937, 3204, 3560, 4895, 
  5340, 6408, 8811, 9790, 10680 ]
PSL(3,5) |G|=372000 missing: [  ]
M22 |G|=443520 missing: [ 99, 495, 896, 4480 ]
PSL(2,97) |G|=456288 missing: [ 21, 28, 42, 56, 84, 112, 147, 168, 224, 336, 
  672, 679, 1358, 2037, 2716, 3104, 4074, 5432, 8148, 10864, 16296, 21728 ]
PSL(2,101) |G|=515100 missing: [ 68, 75, 85, 150, 170, 255, 300, 303, 340, 
  404, 425, 606, 850, 1212, 1275, 1515, 1700, 1717, 2020, 3030, 3434, 6060, 
  6868, 7575 ]
PSL(2,103) |G|=546312 missing: [ 39, 68, 78, 136, 156, 204, 206, 221, 408, 
  412, 442, 618, 663, 824, 884, 1236, 1326, 1339, 2472, 2652, 2678, 3502, 
  4017, 7004, 8034, 14008 ]
HJ |G|=604800 missing: [ 35, 70, 105, 140, 175, 210, 225, 350, 420, 448, 450, 
  675, 896, 1344, 1350, 1440, 1728, 2688, 2880, 3456, 4320, 5760, 8640, 17280 
 ]
PSL(2,107) |G|=612468 missing: [ 159, 212, 214, 318, 321, 428, 477, 636, 642, 
  954, 963, 1284, 1431, 1908, 1926, 2862, 2889, 3852 ]
PSL(2,109) |G|=647460 missing: [ 33, 44, 45, 66, 90, 99, 132, 135, 165, 180, 
  198, 270, 297, 396, 436, 495, 540, 545, 594, 1090, 1188, 1199, 1308, 1485, 
  1635, 2180, 2398, 3270, 3597, 3924, 4796, 4905, 6540, 7194, 9810, 14388, 
  14715, 19620 ]
PSL(2,113) |G|=721392 missing: [ 21, 42, 48, 76, 84, 133, 152, 168, 266, 304, 
  336, 339, 399, 532, 678, 1064, 1356, 1808, 2128, 2147, 2373, 2712, 4294, 
  4746, 5424, 8588, 9492, 15029, 17176, 34352 ]
PSL(2,121) |G|=885720 missing: [ 183, 305, 915, 968, 2904, 4840 ]
PSL(2,125) |G|=976500 missing: [ 28, 35, 36, 45, 70, 75, 84, 90, 93, 100, 
  105, 140, 150, 175, 180, 186, 210, 217, 225, 279, 300, 315, 350, 372, 375, 
  420, 434, 450, 465, 500, 525, 558, 620, 651, 700, 750, 868, 875, 900, 930, 
  1050, 1085, 1116, 1125, 1302, 1395, 1500, 1575, 1750, 1860, 1953, 2100, 
  2170, 2250, 2325, 2604, 2625, 2790, 3100, 3255, 3500, 4340, 4500, 4650, 
  5250, 5425, 5580, 6510, 6975, 9300, 9765, 10500, 10850, 11625, 13020, 
  13950, 21700, 27125, 27900, 34875 ]
O(5,4) |G|=979200 missing: [ 153, 306, 612, 1600, 3200, 6400 ]
FINISHED
