J2 21
1 1 1
1 2 2
1 3 3
1 4 4
1 5 5
1 6 6
1 7 7
1 8 8
1 9 9
1 10 10
1 11 11
1 12 12
1 13 13
1 14 14
1 15 15
1 16 16
1 17 17
1 18 18
1 19 19
1 20 20
1 21 21
2 1 2
2 2 1,2,5,6,7,8
2 3 3,12,14,15,16
2 4 11,19
2 5 2,5,6,7,8,11,13,14,17,18,19,20,21
2 6 2,5,6,13,14,19,20,21
2 7 2,5,8,18,19,20
2 8 2,5,7,17,19,21
2 9 9,12,13,16,17,18,19,21
2 10 10,12,13,15,17,18,19,20
2 11 4,5,11,12,13,14,15,16,17,18,19,20,21
2 12 3,9,10,11,12,13,14,15,16,17,18,19,20,21
2 13 5,6,9,10,11,12,13,14,15,16,17,18,19,20,21
2 14 3,5,6,11,12,13,14,15,16,17,18,19,20,21
2 15 3,10,11,12,13,14,15,16,17,18,19,20
2 16 3,9,11,12,13,14,15,16,17,18,19,21
2 17 5,8,9,10,11,12,13,14,15,16,17,18,19,20,21
2 18 5,7,9,10,11,12,13,14,15,16,17,18,19,20,21
2 19 4,5,6,7,8,9,10,11,12,13,14,15,16,17,18,19,20,21
2 20 5,6,7,10,11,12,13,14,15,17,18,19,20,21
2 21 5,6,8,9,11,12,13,14,16,17,18,19,20,21
3 1 3
3 2 3,12,14,15,16
3 3 1,2,3,4,5,6,7,8,9,10,11,12,13,15,16,17,18,19,20,21
3 4 3,4,9,10,11,14,17,18
3 5 3,5,9,10,11,12,13,14,15,16,17,18,19,20,21
3 6 3,6,9,10,11,12,13,14,15,16,17,18,20,21
3 7 3,10,11,12,13,14,15,16,17,21
3 8 3,9,11,12,13,14,15,16,18,20
3 9 3,4,5,6,8,10,11,12,13,14,15,17,18,19,20,21
3 10 3,4,5,6,7,9,11,12,13,14,16,17,18,19,20,21
3 11 3,4,5,6,7,8,9,10,11,12,13,14,15,16,17,18,19,20,21
3 12 2,3,5,6,7,8,9,10,11,12,13,14,15,16,17,18,19,20,21
3 13 3,5,6,7,8,9,10,11,12,13,14,15,16,17,18,19,20,21
3 14 2,4,5,6,7,8,9,10,11,12,13,14,15,16,17,18,19,20,21
3 15 2,3,5,6,7,8,9,11,12,13,14,15,16,17,18,19,20,21
3 16 2,3,5,6,7,8,10,11,12,13,14,15,16,17,18,19,20,21
3 17 3,4,5,6,7,9,10,11,12,13,14,15,16,17,18,19,20,21
3 18 3,4,5,6,8,9,10,11,12,13,14,15,16,17,18,19,20,21
3 19 3,5,9,10,11,12,13,14,15,16,17,18,19,20,21
3 20 3,5,6,8,9,10,11,12,13,14,15,16,17,18,19,20,21
3 21 3,5,6,7,9,10,11,12,13,14,15,16,17,18,19,20,21
4 1 4
4 2 11,19
4 3 3,4,9,10,11,14,17,18
4 4 1,3,4,6,9,10,11
4 5 5,12,13,14,15,16,17,18,19,20,21
4 6 4,6,9,10,11,13,14,17,18,19
4 7 7,10,16,17,20,21
4 8 8,9,15,18,20,21
4 9 3,4,6,8,9,10,11,13,14,15,17,18,19,20,21
4 10 3,4,6,7,9,10,11,13,14,16,17,18,19,20,21
4 11 2,3,4,6,9,10,11,13,14,15,16,17,18,19,20,21
4 12 5,12,13,14,15,16,17,18,19,20,21
4 13 5,6,9,10,11,12,13,14,15,16,17,18,19,20,21
4 14 3,5,6,9,10,11,12,13,14,15,16,17,18,19,20,21
4 15 5,8,9,11,12,13,14,15,18,19,20,21
4 16 5,7,10,11,12,13,14,16,17,19,20,21
4 17 3,5,6,7,9,10,11,12,13,14,16,17,18,19,20,21
4 18 3,5,6,8,9,10,11,12,13,14,15,17,18,19,20,21
4 19 2,5,6,9,10,11,12,13,14,15,16,17,18,19,20,21
4 20 5,7,8,9,10,11,12,13,14,15,16,17,18,19,20,21
4 21 5,7,8,9,10,11,12,13,14,15,16,17,18,19,20,21
5 1 5
5 2 2,5,6,7,8,11,13,14,17,18,19,20,21
5 3 3,5,9,10,11,12,13,14,15,16,17,18,19,20,21
5 4 5,12,13,14,15,16,17,18,19,20,21
5 5 1,2,3,4,5,6,7,8,9,10,11,12,13,14,15,16,17,18,19,20,21
5 6 2,5,6,7,8,9,10,11,12,13,14,15,16,17,18,19,20,21
5 7 2,5,6,7,8,9,11,12,13,14,15,16,17,18,19,20,21
5 8 2,5,6,7,8,10,11,12,13,14,15,16,17,18,19,20,21
5 9 3,5,6,7,9,10,11,12,13,14,15,16,17,18,19,20,21
5 10 3,5,6,8,9,10,11,12,13,14,15,16,17,18,19,20,21
5 11 2,3,5,6,7,8,9,10,11,12,13,14,15,16,17,18,19,20,21
5 12 3,4,5,6,7,8,9,10,11,12,13,14,15,16,17,18,19,20,21
5 13 2,3,4,5,6,7,8,9,10,11,12,13,14,15,16,17,18,19,20,21
5 14 2,3,4,5,6,7,8,9,10,11,12,13,14,15,16,17,18,19,20,21
5 15 3,4,5,6,7,8,9,10,11,12,13,14,15,16,17,18,19,20,21
5 16 3,4,5,6,7,8,9,10,11,12,13,14,15,16,17,18,19,20,21
5 17 2,3,4,5,6,7,8,9,10,11,12,13,14,15,16,17,18,19,20,21
5 18 2,3,4,5,6,7,8,9,10,11,12,13,14,15,16,17,18,19,20,21
5 19 2,3,4,5,6,7,8,9,10,11,12,13,14,15,16,17,18,19,20,21
5 20 2,3,4,5,6,7,8,9,10,11,12,13,14,15,16,17,18,19,20,21
5 21 2,3,4,5,6,7,8,9,10,11,12,13,14,15,16,17,18,19,20,21
6 1 6
6 2 2,5,6,13,14,19,20,21
6 3 3,6,9,10,11,12,13,14,15,16,17,18,20,21
6 4 4,6,9,10,11,13,14,17,18,19
6 5 2,5,6,7,8,9,10,11,12,13,14,15,16,17,18,19,20,21
6 6 1,2,3,4,5,6,7,8,9,10,11,12,13,14,15,16,17,18,19,20,21
6 7 5,6,7,10,11,12,13,14,16,17,18,19,20,21
6 8 5,6,8,9,11,12,13,14,15,17,18,19,20,21
6 9 3,4,5,6,8,9,10,11,12,13,14,15,16,17,18,19,20,21
6 10 3,4,5,6,7,9,10,11,12,13,14,15,16,17,18,19,20,21
6 11 3,4,5,6,7,8,9,10,11,12,13,14,15,16,17,18,19,20,21
6 12 3,5,6,7,8,9,10,11,12,13,14,15,16,17,18,19,20,21
6 13 2,3,4,5,6,7,8,9,10,11,12,13,14,15,16,17,18,19,20,21
6 14 2,3,4,5,6,7,8,9,10,11,12,13,14,15,16,17,18,19,20,21
6 15 3,5,6,8,9,10,11,12,13,14,15,16,17,18,19,20,21
6 16 3,5,6,7,9,10,11,12,13,14,15,16,17,18,19,20,21
6 17 3,4,5,6,7,8,9,10,11,12,13,14,15,16,17,18,19,20,21
6 18 3,4,5,6,7,8,9,10,11,12,13,14,15,16,17,18,19,20,21
6 19 2,4,5,6,7,8,9,10,11,12,13,14,15,16,17,18,19,20,21
6 20 2,3,5,6,7,8,9,10,11,12,13,14,15,16,17,18,19,20,21
6 21 2,3,5,6,7,8,9,10,11,12,13,14,15,16,17,18,19,20,21
7 1 7
7 2 2,5,8,18,19,20
7 3 3,10,11,12,13,14,15,16,17,21
7 4 7,10,16,17,20,21
7 5 2,5,6,7,8,9,11,12,13,14,15,16,17,18,19,20,21
7 6 5,6,7,10,11,12,13,14,16,17,18,19,20,21
7 7 1,4,5,6,7,8,9,10,11,13,17,20,21
7 8 2,5,7,8,9,10,12,13,15,16,19,20,21
7 9 5,7,8,9,10,11,12,13,14,16,17,18,19,20,21
7 10 3,4,6,7,8,9,10,11,12,13,14,15,16,17,18,19,20,21
7 11 3,5,6,7,9,10,11,12,13,14,15,16,17,18,19,20,21
7 12 3,5,6,8,9,10,11,12,13,14,15,16,17,18,19,20,21
7 13 3,5,6,7,8,9,10,11,12,13,14,15,16,17,18,19,20,21
7 14 3,5,6,9,10,11,12,13,14,15,16,17,18,19,20,21
7 15 3,5,8,10,11,12,13,14,15,16,17,18,19,20,21
7 16 3,4,5,6,8,9,10,11,12,13,14,15,16,17,18,19,20,21
7 17 3,4,5,6,7,9,10,11,12,13,14,15,16,17,18,19,20,21
7 18 2,5,6,9,10,11,12,13,14,15,16,17,18,19,20,21
7 19 2,5,6,8,9,10,11,12,13,14,15,16,17,18,19,20,21
7 20 2,4,5,6,7,8,9,10,11,12,13,14,15,16,17,18,19,20,21
7 21 3,4,5,6,7,8,9,10,11,12,13,14,15,16,17,18,19,20,21
8 1 8
8 2 2,5,7,17,19,21
8 3 3,9,11,12,13,14,15,16,18,20
8 4 8,9,15,18,20,21
8 5 2,5,6,7,8,10,11,12,13,14,15,16,17,18,19,20,21
8 6 5,6,8,9,11,12,13,14,15,17,18,19,20,21
8 7 2,5,7,8,9,10,12,13,15,16,19,20,21
8 8 1,4,5,6,7,8,9,10,11,13,18,20,21
8 9 3,4,6,7,8,9,10,11,12,13,14,15,16,17,18,19,20,21
8 10 5,7,8,9,10,11,12,13,14,15,17,18,19,20,21
8 11 3,5,6,8,9,10,11,12,13,14,15,16,17,18,19,20,21
8 12 3,5,6,7,9,10,11,12,13,14,15,16,17,18,19,20,21
8 13 3,5,6,7,8,9,10,11,12,13,14,15,16,17,18,19,20,21
8 14 3,5,6,9,10,11,12,13,14,15,16,17,18,19,20,21
8 15 3,4,5,6,7,9,10,11,12,13,14,15,16,17,18,19,20,21
8 16 3,5,7,9,11,12,13,14,15,16,17,18,19,20,21
8 17 2,5,6,9,10,11,12,13,14,15,16,17,18,19,20,21
8 18 3,4,5,6,8,9,10,11,12,13,14,15,16,17,18,19,20,21
8 19 2,5,6,7,9,10,11,12,13,14,15,16,17,18,19,20,21
8 20 3,4,5,6,7,8,9,10,11,12,13,14,15,16,17,18,19,20,21
8 21 2,4,5,6,7,8,9,10,11,12,13,14,15,16,17,18,19,20,21
9 1 9
9 2 9,12,13,16,17,18,19,21
9 3 3,4,5,6,8,10,11,12,13,14,15,17,18,19,20,21
9 4 3,4,6,8,9,10,11,13,14,15,17,18,19,20,21
9 5 3,5,6,7,9,10,11,12,13,14,15,16,17,18,19,20,21
9 6 3,4,5,6,8,9,10,11,12,13,14,15,16,17,18,19,20,21
9 7 5,7,8,9,10,11,12,13,14,16,17,18,19,20,21
9 8 3,4,6,7,8,9,10,11,12,13,14,15,16,17,18,19,20,21
9 9 1,2,4,5,6,7,8,9,10,11,12,13,14,15,16,17,18,19,20,21
9 10 3,4,5,6,7,8,9,10,11,12,13,14,15,16,17,18,19,20,21
9 11 3,4,5,6,7,8,9,10,11,12,13,14,15,16,17,18,19,20,21
9 12 2,3,5,6,7,8,9,10,11,12,13,14,15,16,17,18,19,20,21
9 13 2,3,4,5,6,7,8,9,10,11,12,13,14,15,16,17,18,19,20,21
9 14 3,4,5,6,7,8,9,10,11,12,13,14,15,16,17,18,19,20,21
9 15 3,4,5,6,8,9,10,11,12,13,14,15,16,17,18,19,20,21
9 16 2,5,6,7,8,9,10,11,12,13,14,15,16,17,18,19,20,21
9 17 2,3,4,5,6,7,8,9,10,11,12,13,14,15,16,17,18,19,20,21
9 18 2,3,4,5,6,7,8,9,10,11,12,13,14,15,16,17,18,19,20,21
9 19 2,3,4,5,6,7,8,9,10,11,12,13,14,15,16,17,18,19,20,21
9 20 3,4,5,6,7,8,9,10,11,12,13,14,15,16,17,18,19,20,21
9 21 2,3,4,5,6,7,8,9,10,11,12,13,14,15,16,17,18,19,20,21
10 1 10
10 2 10,12,13,15,17,18,19,20
10 3 3,4,5,6,7,9,11,12,13,14,16,17,18,19,20,21
10 4 3,4,6,7,9,10,11,13,14,16,17,18,19,20,21
10 5 3,5,6,8,9,10,11,12,13,14,15,16,17,18,19,20,21
10 6 3,4,5,6,7,9,10,11,12,13,14,15,16,17,18,19,20,21
10 7 3,4,6,7,8,9,10,11,12,13,14,15,16,17,18,19,20,21
10 8 5,7,8,9,10,11,12,13,14,15,17,18,19,20,21
10 9 3,4,5,6,7,8,9,10,11,12,13,14,15,16,17,18,19,20,21
10 10 1,2,4,5,6,7,8,9,10,11,12,13,14,15,16,17,18,19,20,21
10 11 3,4,5,6,7,8,9,10,11,12,13,14,15,16,17,18,19,20,21
10 12 2,3,5,6,7,8,9,10,11,12,13,14,15,16,17,18,19,20,21
10 13 2,3,4,5,6,7,8,9,10,11,12,13,14,15,16,17,18,19,20,21
10 14 3,4,5,6,7,8,9,10,11,12,13,14,15,16,17,18,19,20,21
10 15 2,5,6,7,8,9,10,11,12,13,14,15,16,17,18,19,20,21
10 16 3,4,5,6,7,9,10,11,12,13,14,15,16,17,18,19,20,21
10 17 2,3,4,5,6,7,8,9,10,11,12,13,14,15,16,17,18,19,20,21
10 18 2,3,4,5,6,7,8,9,10,11,12,13,14,15,16,17,18,19,20,21
10 19 2,3,4,5,6,7,8,9,10,11,12,13,14,15,16,17,18,19,20,21
10 20 2,3,4,5,6,7,8,9,10,11,12,13,14,15,16,17,18,19,20,21
10 21 3,4,5,6,7,8,9,10,11,12,13,14,15,16,17,18,19,20,21
11 1 11
11 2 4,5,11,12,13,14,15,16,17,18,19,20,21
11 3 3,4,5,6,7,8,9,10,11,12,13,14,15,16,17,18,19,20,21
11 4 2,3,4,6,9,10,11,13,14,15,16,17,18,19,20,21
11 5 2,3,5,6,7,8,9,10,11,12,13,14,15,16,17,18,19,20,21
11 6 3,4,5,6,7,8,9,10,11,12,13,14,15,16,17,18,19,20,21
11 7 3,5,6,7,9,10,11,12,13,14,15,16,17,18,19,20,21
11 8 3,5,6,8,9,10,11,12,13,14,15,16,17,18,19,20,21
11 9 3,4,5,6,7,8,9,10,11,12,13,14,15,16,17,18,19,20,21
11 10 3,4,5,6,7,8,9,10,11,12,13,14,15,16,17,18,19,20,21
11 11 1,2,3,4,5,6,7,8,9,10,11,12,13,14,15,16,17,18,19,20,21
11 12 2,3,5,6,7,8,9,10,11,12,13,14,15,16,17,18,19,20,21
11 13 2,3,4,5,6,7,8,9,10,11,12,13,14,15,16,17,18,19,20,21
11 14 2,3,4,5,6,7,8,9,10,11,12,13,14,15,16,17,18,19,20,21
11 15 2,3,4,5,6,7,8,9,10,11,12,13,14,15,16,17,18,19,20,21
11 16 2,3,4,5,6,7,8,9,10,11,12,13,14,15,16,17,18,19,20,21
11 17 2,3,4,5,6,7,8,9,10,11,12,13,14,15,16,17,18,19,20,21
11 18 2,3,4,5,6,7,8,9,10,11,12,13,14,15,16,17,18,19,20,21
11 19 2,3,4,5,6,7,8,9,10,11,12,13,14,15,16,17,18,19,20,21
11 20 2,3,4,5,6,7,8,9,10,11,12,13,14,15,16,17,18,19,20,21
11 21 2,3,4,5,6,7,8,9,10,11,12,13,14,15,16,17,18,19,20,21
12 1 12
12 2 3,9,10,11,12,13,14,15,16,17,18,19,20,21
12 3 2,3,5,6,7,8,9,10,11,12,13,14,15,16,17,18,19,20,21
12 4 5,12,13,14,15,16,17,18,19,20,21
12 5 3,4,5,6,7,8,9,10,11,12,13,14,15,16,17,18,19,20,21
12 6 3,5,6,7,8,9,10,11,12,13,14,15,16,17,18,19,20,21
12 7 3,5,6,8,9,10,11,12,13,14,15,16,17,18,19,20,21
12 8 3,5,6,7,9,10,11,12,13,14,15,16,17,18,19,20,21
12 9 2,3,5,6,7,8,9,10,11,12,13,14,15,16,17,18,19,20,21
12 10 2,3,5,6,7,8,9,10,11,12,13,14,15,16,17,18,19,20,21
12 11 2,3,5,6,7,8,9,10,11,12,13,14,15,16,17,18,19,20,21
12 12 1,2,3,4,5,6,7,8,9,10,11,12,13,14,15,16,17,18,19,20,21
12 13 2,3,4,5,6,7,8,9,10,11,12,13,14,15,16,17,18,19,20,21
12 14 2,3,4,5,6,7,8,9,10,11,12,13,14,15,16,17,18,19,20,21
12 15 2,3,4,5,6,7,8,9,10,11,12,13,14,15,16,17,18,19,20,21
12 16 2,3,4,5,6,7,8,9,10,11,12,13,14,15,16,17,18,19,20,21
12 17 2,3,4,5,6,7,8,9,10,11,12,13,14,15,16,17,18,19,20,21
12 18 2,3,4,5,6,7,8,9,10,11,12,13,14,15,16,17,18,19,20,21
12 19 2,3,4,5,6,7,8,9,10,11,12,13,14,15,16,17,18,19,20,21
12 20 2,3,4,5,6,7,8,9,10,11,12,13,14,15,16,17,18,19,20,21
12 21 2,3,4,5,6,7,8,9,10,11,12,13,14,15,16,17,18,19,20,21
13 1 13
13 2 5,6,9,10,11,12,13,14,15,16,17,18,19,20,21
13 3 3,5,6,7,8,9,10,11,12,13,14,15,16,17,18,19,20,21
13 4 5,6,9,10,11,12,13,14,15,16,17,18,19,20,21
13 5 2,3,4,5,6,7,8,9,10,11,12,13,14,15,16,17,18,19,20,21
13 6 2,3,4,5,6,7,8,9,10,11,12,13,14,15,16,17,18,19,20,21
13 7 3,5,6,7,8,9,10,11,12,13,14,15,16,17,18,19,20,21
13 8 3,5,6,7,8,9,10,11,12,13,14,15,16,17,18,19,20,21
13 9 2,3,4,5,6,7,8,9,10,11,12,13,14,15,16,17,18,19,20,21
13 10 2,3,4,5,6,7,8,9,10,11,12,13,14,15,16,17,18,19,20,21
13 11 2,3,4,5,6,7,8,9,10,11,12,13,14,15,16,17,18,19,20,21
13 12 2,3,4,5,6,7,8,9,10,11,12,13,14,15,16,17,18,19,20,21
13 13 1,2,3,4,5,6,7,8,9,10,11,12,13,14,15,16,17,18,19,20,21
13 14 2,3,4,5,6,7,8,9,10,11,12,13,14,15,16,17,18,19,20,21
13 15 2,3,4,5,6,7,8,9,10,11,12,13,14,15,16,17,18,19,20,21
13 16 2,3,4,5,6,7,8,9,10,11,12,13,14,15,16,17,18,19,20,21
13 17 2,3,4,5,6,7,8,9,10,11,12,13,14,15,16,17,18,19,20,21
13 18 2,3,4,5,6,7,8,9,10,11,12,13,14,15,16,17,18,19,20,21
13 19 2,3,4,5,6,7,8,9,10,11,12,13,14,15,16,17,18,19,20,21
13 20 2,3,4,5,6,7,8,9,10,11,12,13,14,15,16,17,18,19,20,21
13 21 2,3,4,5,6,7,8,9,10,11,12,13,14,15,16,17,18,19,20,21
14 1 14
14 2 3,5,6,11,12,13,14,15,16,17,18,19,20,21
14 3 2,4,5,6,7,8,9,10,11,12,13,14,15,16,17,18,19,20,21
14 4 3,5,6,9,10,11,12,13,14,15,16,17,18,19,20,21
14 5 2,3,4,5,6,7,8,9,10,11,12,13,14,15,16,17,18,19,20,21
14 6 2,3,4,5,6,7,8,9,10,11,12,13,14,15,16,17,18,19,20,21
14 7 3,5,6,9,10,11,12,13,14,15,16,17,18,19,20,21
14 8 3,5,6,9,10,11,12,13,14,15,16,17,18,19,20,21
14 9 3,4,5,6,7,8,9,10,11,12,13,14,15,16,17,18,19,20,21
14 10 3,4,5,6,7,8,9,10,11,12,13,14,15,16,17,18,19,20,21
14 11 2,3,4,5,6,7,8,9,10,11,12,13,14,15,16,17,18,19,20,21
14 12 2,3,4,5,6,7,8,9,10,11,12,13,14,15,16,17,18,19,20,21
14 13 2,3,4,5,6,7,8,9,10,11,12,13,14,15,16,17,18,19,20,21
14 14 1,2,3,4,5,6,7,8,9,10,11,12,13,14,15,16,17,18,19,20,21
14 15 2,3,4,5,6,7,8,9,10,11,12,13,14,15,16,17,18,19,20,21
14 16 2,3,4,5,6,7,8,9,10,11,12,13,14,15,16,17,18,19,20,21
14 17 2,3,4,5,6,7,8,9,10,11,12,13,14,15,16,17,18,19,20,21
14 18 2,3,4,5,6,7,8,9,10,11,12,13,14,15,16,17,18,19,20,21
14 19 2,3,4,5,6,7,8,9,10,11,12,13,14,15,16,17,18,19,20,21
14 20 2,3,4,5,6,7,8,9,10,11,12,13,14,15,16,17,18,19,20,21
14 21 2,3,4,5,6,7,8,9,10,11,12,13,14,15,16,17,18,19,20,21
15 1 15
15 2 3,10,11,12,13,14,15,16,17,18,19,20
15 3 2,3,5,6,7,8,9,11,12,13,14,15,16,17,18,19,20,21
15 4 5,8,9,11,12,13,14,15,18,19,20,21
15 5 3,4,5,6,7,8,9,10,11,12,13,14,15,16,17,18,19,20,21
15 6 3,5,6,8,9,10,11,12,13,14,15,16,17,18,19,20,21
15 7 3,5,8,10,11,12,13,14,15,16,17,18,19,20,21
15 8 3,4,5,6,7,9,10,11,12,13,14,15,16,17,18,19,20,21
15 9 3,4,5,6,8,9,10,11,12,13,14,15,16,17,18,19,20,21
15 10 2,5,6,7,8,9,10,11,12,13,14,15,16,17,18,19,20,21
15 11 2,3,4,5,6,7,8,9,10,11,12,13,14,15,16,17,18,19,20,21
15 12 2,3,4,5,6,7,8,9,10,11,12,13,14,15,16,17,18,19,20,21
15 13 2,3,4,5,6,7,8,9,10,11,12,13,14,15,16,17,18,19,20,21
15 14 2,3,4,5,6,7,8,9,10,11,12,13,14,15,16,17,18,19,20,21
15 15 1,2,3,4,5,6,7,8,9,10,11,12,13,14,15,16,17,18,19,20,21
15 16 2,3,5,6,7,8,9,10,11,12,13,14,15,16,17,18,19,20,21
15 17 2,3,5,6,7,8,9,10,11,12,13,14,15,16,17,18,19,20,21
15 18 2,3,4,5,6,7,8,9,10,11,12,13,14,15,16,17,18,19,20,21
15 19 2,3,4,5,6,7,8,9,10,11,12,13,14,15,16,17,18,19,20,21
15 20 2,3,4,5,6,7,8,9,10,11,12,13,14,15,16,17,18,19,20,21
15 21 3,4,5,6,7,8,9,10,11,12,13,14,15,16,17,18,19,20,21
16 1 16
16 2 3,9,11,12,13,14,15,16,17,18,19,21
16 3 2,3,5,6,7,8,10,11,12,13,14,15,16,17,18,19,20,21
16 4 5,7,10,11,12,13,14,16,17,19,20,21
16 5 3,4,5,6,7,8,9,10,11,12,13,14,15,16,17,18,19,20,21
16 6 3,5,6,7,9,10,11,12,13,14,15,16,17,18,19,20,21
16 7 3,4,5,6,8,9,10,11,12,13,14,15,16,17,18,19,20,21
16 8 3,5,7,9,11,12,13,14,15,16,17,18,19,20,21
16 9 2,5,6,7,8,9,10,11,12,13,14,15,16,17,18,19,20,21
16 10 3,4,5,6,7,9,10,11,12,13,14,15,16,17,18,19,20,21
16 11 2,3,4,5,6,7,8,9,10,11,12,13,14,15,16,17,18,19,20,21
16 12 2,3,4,5,6,7,8,9,10,11,12,13,14,15,16,17,18,19,20,21
16 13 2,3,4,5,6,7,8,9,10,11,12,13,14,15,16,17,18,19,20,21
16 14 2,3,4,5,6,7,8,9,10,11,12,13,14,15,16,17,18,19,20,21
16 15 2,3,5,6,7,8,9,10,11,12,13,14,15,16,17,18,19,20,21
16 16 1,2,3,4,5,6,7,8,9,10,11,12,13,14,15,16,17,18,19,20,21
16 17 2,3,4,5,6,7,8,9,10,11,12,13,14,15,16,17,18,19,20,21
16 18 2,3,5,6,7,8,9,10,11,12,13,14,15,16,17,18,19,20,21
16 19 2,3,4,5,6,7,8,9,10,11,12,13,14,15,16,17,18,19,20,21
16 20 3,4,5,6,7,8,9,10,11,12,13,14,15,16,17,18,19,20,21
16 21 2,3,4,5,6,7,8,9,10,11,12,13,14,15,16,17,18,19,20,21
17 1 17
17 2 5,8,9,10,11,12,13,14,15,16,17,18,19,20,21
17 3 3,4,5,6,7,9,10,11,12,13,14,15,16,17,18,19,20,21
17 4 3,5,6,7,9,10,11,12,13,14,16,17,18,19,20,21
17 5 2,3,4,5,6,7,8,9,10,11,12,13,14,15,16,17,18,19,20,21
17 6 3,4,5,6,7,8,9,10,11,12,13,14,15,16,17,18,19,20,21
17 7 3,4,5,6,7,9,10,11,12,13,14,15,16,17,18,19,20,21
17 8 2,5,6,9,10,11,12,13,14,15,16,17,18,19,20,21
17 9 2,3,4,5,6,7,8,9,10,11,12,13,14,15,16,17,18,19,20,21
17 10 2,3,4,5,6,7,8,9,10,11,12,13,14,15,16,17,18,19,20,21
17 11 2,3,4,5,6,7,8,9,10,11,12,13,14,15,16,17,18,19,20,21
17 12 2,3,4,5,6,7,8,9,10,11,12,13,14,15,16,17,18,19,20,21
17 13 2,3,4,5,6,7,8,9,10,11,12,13,14,15,16,17,18,19,20,21
17 14 2,3,4,5,6,7,8,9,10,11,12,13,14,15,16,17,18,19,20,21
17 15 2,3,5,6,7,8,9,10,11,12,13,14,15,16,17,18,19,20,21
17 16 2,3,4,5,6,7,8,9,10,11,12,13,14,15,16,17,18,19,20,21
17 17 1,2,3,4,5,6,7,8,9,10,11,12,13,14,15,16,17,18,19,20,21
17 18 2,3,4,5,6,7,8,9,10,11,12,13,14,15,16,17,18,19,20,21
17 19 2,3,4,5,6,7,8,9,10,11,12,13,14,15,16,17,18,19,20,21
17 20 2,3,4,5,6,7,8,9,10,11,12,13,14,15,16,17,18,19,20,21
17 21 2,3,4,5,6,7,8,9,10,11,12,13,14,15,16,17,18,19,20,21
18 1 18
18 2 5,7,9,10,11,12,13,14,15,16,17,18,19,20,21
18 3 3,4,5,6,8,9,10,11,12,13,14,15,16,17,18,19,20,21
18 4 3,5,6,8,9,10,11,12,13,14,15,17,18,19,20,21
18 5 2,3,4,5,6,7,8,9,10,11,12,13,14,15,16,17,18,19,20,21
18 6 3,4,5,6,7,8,9,10,11,12,13,14,15,16,17,18,19,20,21
18 7 2,5,6,9,10,11,12,13,14,15,16,17,18,19,20,21
18 8 3,4,5,6,8,9,10,11,12,13,14,15,16,17,18,19,20,21
18 9 2,3,4,5,6,7,8,9,10,11,12,13,14,15,16,17,18,19,20,21
18 10 2,3,4,5,6,7,8,9,10,11,12,13,14,15,16,17,18,19,20,21
18 11 2,3,4,5,6,7,8,9,10,11,12,13,14,15,16,17,18,19,20,21
18 12 2,3,4,5,6,7,8,9,10,11,12,13,14,15,16,17,18,19,20,21
18 13 2,3,4,5,6,7,8,9,10,11,12,13,14,15,16,17,18,19,20,21
18 14 2,3,4,5,6,7,8,9,10,11,12,13,14,15,16,17,18,19,20,21
18 15 2,3,4,5,6,7,8,9,10,11,12,13,14,15,16,17,18,19,20,21
18 16 2,3,5,6,7,8,9,10,11,12,13,14,15,16,17,18,19,20,21
18 17 2,3,4,5,6,7,8,9,10,11,12,13,14,15,16,17,18,19,20,21
18 18 1,2,3,4,5,6,7,8,9,10,11,12,13,14,15,16,17,18,19,20,21
18 19 2,3,4,5,6,7,8,9,10,11,12,13,14,15,16,17,18,19,20,21
18 20 2,3,4,5,6,7,8,9,10,11,12,13,14,15,16,17,18,19,20,21
18 21 2,3,4,5,6,7,8,9,10,11,12,13,14,15,16,17,18,19,20,21
19 1 19
19 2 4,5,6,7,8,9,10,11,12,13,14,15,16,17,18,19,20,21
19 3 3,5,9,10,11,12,13,14,15,16,17,18,19,20,21
19 4 2,5,6,9,10,11,12,13,14,15,16,17,18,19,20,21
19 5 2,3,4,5,6,7,8,9,10,11,12,13,14,15,16,17,18,19,20,21
19 6 2,4,5,6,7,8,9,10,11,12,13,14,15,16,17,18,19,20,21
19 7 2,5,6,8,9,10,11,12,13,14,15,16,17,18,19,20,21
19 8 2,5,6,7,9,10,11,12,13,14,15,16,17,18,19,20,21
19 9 2,3,4,5,6,7,8,9,10,11,12,13,14,15,16,17,18,19,20,21
19 10 2,3,4,5,6,7,8,9,10,11,12,13,14,15,16,17,18,19,20,21
19 11 2,3,4,5,6,7,8,9,10,11,12,13,14,15,16,17,18,19,20,21
19 12 2,3,4,5,6,7,8,9,10,11,12,13,14,15,16,17,18,19,20,21
19 13 2,3,4,5,6,7,8,9,10,11,12,13,14,15,16,17,18,19,20,21
19 14 2,3,4,5,6,7,8,9,10,11,12,13,14,15,16,17,18,19,20,21
19 15 2,3,4,5,6,7,8,9,10,11,12,13,14,15,16,17,18,19,20,21
19 16 2,3,4,5,6,7,8,9,10,11,12,13,14,15,16,17,18,19,20,21
19 17 2,3,4,5,6,7,8,9,10,11,12,13,14,15,16,17,18,19,20,21
19 18 2,3,4,5,6,7,8,9,10,11,12,13,14,15,16,17,18,19,20,21
19 19 1,2,3,4,5,6,7,8,9,10,11,12,13,14,15,16,17,18,19,20,21
19 20 2,3,4,5,6,7,8,9,10,11,12,13,14,15,16,17,18,19,20,21
19 21 2,3,4,5,6,7,8,9,10,11,12,13,14,15,16,17,18,19,20,21
20 1 20
20 2 5,6,7,10,11,12,13,14,15,17,18,19,20,21
20 3 3,5,6,8,9,10,11,12,13,14,15,16,17,18,19,20,21
20 4 5,7,8,9,10,11,12,13,14,15,16,17,18,19,20,21
20 5 2,3,4,5,6,7,8,9,10,11,12,13,14,15,16,17,18,19,20,21
20 6 2,3,5,6,7,8,9,10,11,12,13,14,15,16,17,18,19,20,21
20 7 2,4,5,6,7,8,9,10,11,12,13,14,15,16,17,18,19,20,21
20 8 3,4,5,6,7,8,9,10,11,12,13,14,15,16,17,18,19,20,21
20 9 3,4,5,6,7,8,9,10,11,12,13,14,15,16,17,18,19,20,21
20 10 2,3,4,5,6,7,8,9,10,11,12,13,14,15,16,17,18,19,20,21
20 11 2,3,4,5,6,7,8,9,10,11,12,13,14,15,16,17,18,19,20,21
20 12 2,3,4,5,6,7,8,9,10,11,12,13,14,15,16,17,18,19,20,21
20 13 2,3,4,5,6,7,8,9,10,11,12,13,14,15,16,17,18,19,20,21
20 14 2,3,4,5,6,7,8,9,10,11,12,13,14,15,16,17,18,19,20,21
20 15 2,3,4,5,6,7,8,9,10,11,12,13,14,15,16,17,18,19,20,21
20 16 3,4,5,6,7,8,9,10,11,12,13,14,15,16,17,18,19,20,21
20 17 2,3,4,5,6,7,8,9,10,11,12,13,14,15,16,17,18,19,20,21
20 18 2,3,4,5,6,7,8,9,10,11,12,13,14,15,16,17,18,19,20,21
20 19 2,3,4,5,6,7,8,9,10,11,12,13,14,15,16,17,18,19,20,21
20 20 1,2,3,4,5,6,7,8,9,10,11,12,13,14,15,16,17,18,19,20,21
20 21 2,3,4,5,6,7,8,9,10,11,12,13,14,15,16,17,18,19,20,21
21 1 21
21 2 5,6,8,9,11,12,13,14,16,17,18,19,20,21
21 3 3,5,6,7,9,10,11,12,13,14,15,16,17,18,19,20,21
21 4 5,7,8,9,10,11,12,13,14,15,16,17,18,19,20,21
21 5 2,3,4,5,6,7,8,9,10,11,12,13,14,15,16,17,18,19,20,21
21 6 2,3,5,6,7,8,9,10,11,12,13,14,15,16,17,18,19,20,21
21 7 3,4,5,6,7,8,9,10,11,12,13,14,15,16,17,18,19,20,21
21 8 2,4,5,6,7,8,9,10,11,12,13,14,15,16,17,18,19,20,21
21 9 2,3,4,5,6,7,8,9,10,11,12,13,14,15,16,17,18,19,20,21
21 10 3,4,5,6,7,8,9,10,11,12,13,14,15,16,17,18,19,20,21
21 11 2,3,4,5,6,7,8,9,10,11,12,13,14,15,16,17,18,19,20,21
21 12 2,3,4,5,6,7,8,9,10,11,12,13,14,15,16,17,18,19,20,21
21 13 2,3,4,5,6,7,8,9,10,11,12,13,14,15,16,17,18,19,20,21
21 14 2,3,4,5,6,7,8,9,10,11,12,13,14,15,16,17,18,19,20,21
21 15 3,4,5,6,7,8,9,10,11,12,13,14,15,16,17,18,19,20,21
21 16 2,3,4,5,6,7,8,9,10,11,12,13,14,15,16,17,18,19,20,21
21 17 2,3,4,5,6,7,8,9,10,11,12,13,14,15,16,17,18,19,20,21
21 18 2,3,4,5,6,7,8,9,10,11,12,13,14,15,16,17,18,19,20,21
21 19 2,3,4,5,6,7,8,9,10,11,12,13,14,15,16,17,18,19,20,21
21 20 2,3,4,5,6,7,8,9,10,11,12,13,14,15,16,17,18,19,20,21
21 21 1,2,3,4,5,6,7,8,9,10,11,12,13,14,15,16,17,18,19,20,21
