L2(41) 23
1 1 1
1 2 2
1 3 3
1 4 4
1 5 5
1 6 6
1 7 7
1 8 8
1 9 9
1 10 10
1 11 11
1 12 12
1 13 13
1 14 14
1 15 15
1 16 16
1 17 17
1 18 18
1 19 19
1 20 20
1 21 21
1 22 22
1 23 23
2 1 2
2 2 1,2,3,5,7,9,11,13,14,15,16,17,18,19,20,21,22,23
2 3 2,3,4,6,8,10,12,14,15,16,17,18,19,20,21,22,23
2 4 3,4,5,6,7,8,9,10,11,12,13,14,15,16,17,18,19,20,21,22,23
2 5 2,4,5,6,7,8,9,10,11,12,13,14,15,16,17,18,19,20,21,22,23
2 6 3,4,5,6,7,8,9,10,11,12,13,14,15,16,17,18,19,20,21,22,23
2 7 2,4,5,6,7,8,9,10,11,12,13,14,15,16,17,18,19,20,21,22,23
2 8 3,4,5,6,7,8,9,10,11,12,13,14,15,16,17,18,19,20,21,22,23
2 9 2,4,5,6,7,8,9,10,11,12,13,14,15,16,17,18,19,20,21,22,23
2 10 3,4,5,6,7,8,9,10,11,12,13,14,15,16,17,18,19,20,21,22,23
2 11 2,4,5,6,7,8,9,10,11,12,13,14,15,16,17,18,19,20,21,22,23
2 12 3,4,5,6,7,8,9,10,11,12,13,14,15,16,17,18,19,20,21,22,23
2 13 2,4,5,6,7,8,9,10,11,12,13,14,15,16,17,18,19,20,21,22,23
2 14 2,3,4,5,6,7,8,9,10,11,12,13,14,15,16,17,18,19,20,21,22,23
2 15 2,3,4,5,6,7,8,9,10,11,12,13,14,15,16,17,18,19,20,21,22,23
2 16 2,3,4,5,6,7,8,9,10,11,12,13,14,15,16,17,18,19,20,21,22,23
2 17 2,3,4,5,6,7,8,9,10,11,12,13,14,15,16,17,18,19,20,21,22,23
2 18 2,3,4,5,6,7,8,9,10,11,12,13,14,15,16,17,18,19,20,21,22,23
2 19 2,3,4,5,6,7,8,9,10,11,12,13,14,15,16,17,18,19,20,21,22,23
2 20 2,3,4,5,6,7,8,9,10,11,12,13,14,15,16,17,18,19,20,21,22,23
2 21 2,3,4,5,6,7,8,9,10,11,12,13,14,15,16,17,18,19,20,21,22,23
2 22 2,3,4,5,6,7,8,9,10,11,12,13,14,15,16,17,18,19,20,21,22,23
2 23 2,3,4,5,6,7,8,9,10,11,12,13,14,15,16,17,18,19,20,21,22,23
3 1 3
3 2 2,3,4,6,8,10,12,14,15,16,17,18,19,20,21,22,23
3 3 1,2,3,5,7,9,11,13,14,15,16,17,18,19,20,21,22,23
3 4 2,4,5,6,7,8,9,10,11,12,13,14,15,16,17,18,19,20,21,22,23
3 5 3,4,5,6,7,8,9,10,11,12,13,14,15,16,17,18,19,20,21,22,23
3 6 2,4,5,6,7,8,9,10,11,12,13,14,15,16,17,18,19,20,21,22,23
3 7 3,4,5,6,7,8,9,10,11,12,13,14,15,16,17,18,19,20,21,22,23
3 8 2,4,5,6,7,8,9,10,11,12,13,14,15,16,17,18,19,20,21,22,23
3 9 3,4,5,6,7,8,9,10,11,12,13,14,15,16,17,18,19,20,21,22,23
3 10 2,4,5,6,7,8,9,10,11,12,13,14,15,16,17,18,19,20,21,22,23
3 11 3,4,5,6,7,8,9,10,11,12,13,14,15,16,17,18,19,20,21,22,23
3 12 2,4,5,6,7,8,9,10,11,12,13,14,15,16,17,18,19,20,21,22,23
3 13 3,4,5,6,7,8,9,10,11,12,13,14,15,16,17,18,19,20,21,22,23
3 14 2,3,4,5,6,7,8,9,10,11,12,13,14,15,16,17,18,19,20,21,22,23
3 15 2,3,4,5,6,7,8,9,10,11,12,13,14,15,16,17,18,19,20,21,22,23
3 16 2,3,4,5,6,7,8,9,10,11,12,13,14,15,16,17,18,19,20,21,22,23
3 17 2,3,4,5,6,7,8,9,10,11,12,13,14,15,16,17,18,19,20,21,22,23
3 18 2,3,4,5,6,7,8,9,10,11,12,13,14,15,16,17,18,19,20,21,22,23
3 19 2,3,4,5,6,7,8,9,10,11,12,13,14,15,16,17,18,19,20,21,22,23
3 20 2,3,4,5,6,7,8,9,10,11,12,13,14,15,16,17,18,19,20,21,22,23
3 21 2,3,4,5,6,7,8,9,10,11,12,13,14,15,16,17,18,19,20,21,22,23
3 22 2,3,4,5,6,7,8,9,10,11,12,13,14,15,16,17,18,19,20,21,22,23
3 23 2,3,4,5,6,7,8,9,10,11,12,13,14,15,16,17,18,19,20,21,22,23
4 1 4
4 2 3,4,5,6,7,8,9,10,11,12,13,14,15,16,17,18,19,20,21,22,23
4 3 2,4,5,6,7,8,9,10,11,12,13,14,15,16,17,18,19,20,21,22,23
4 4 1,2,3,4,5,6,7,8,9,10,11,12,13,14,15,16,17,18,19,20,21,22,23
4 5 2,3,4,5,6,7,8,9,10,11,12,13,14,15,16,17,18,19,20,21,22,23
4 6 2,3,4,5,6,7,8,9,10,11,12,13,14,15,16,17,18,19,20,21,22,23
4 7 2,3,4,5,6,7,8,9,10,11,12,13,14,15,16,17,18,19,20,21,22,23
4 8 2,3,4,5,6,7,8,9,10,11,12,13,14,15,16,17,18,19,20,21,22,23
4 9 2,3,4,5,6,7,8,9,10,11,12,13,14,15,16,17,18,19,20,21,22,23
4 10 2,3,4,5,6,7,8,9,10,11,12,13,14,15,16,17,18,19,20,21,22,23
4 11 2,3,4,5,6,7,8,9,10,11,12,13,14,15,16,17,18,19,20,21,22,23
4 12 2,3,4,5,6,7,8,9,10,11,12,13,14,15,16,17,18,19,20,21,22,23
4 13 2,3,4,5,6,7,8,9,10,11,12,13,14,15,16,17,18,19,20,21,22,23
4 14 2,3,4,5,6,7,8,9,10,11,12,13,14,15,16,17,18,19,20,21,22,23
4 15 2,3,4,5,6,7,8,9,10,11,12,13,14,15,16,17,18,19,20,21,22,23
4 16 2,3,4,5,6,7,8,9,10,11,12,13,14,15,16,17,18,19,20,21,22,23
4 17 2,3,4,5,6,7,8,9,10,11,12,13,14,15,16,17,18,19,20,21,22,23
4 18 2,3,4,5,6,7,8,9,10,11,12,13,14,15,16,17,18,19,20,21,22,23
4 19 2,3,4,5,6,7,8,9,10,11,12,13,14,15,16,17,18,19,20,21,22,23
4 20 2,3,4,5,6,7,8,9,10,11,12,13,14,15,16,17,18,19,20,21,22,23
4 21 2,3,4,5,6,7,8,9,10,11,12,13,14,15,16,17,18,19,20,21,22,23
4 22 2,3,4,5,6,7,8,9,10,11,12,13,14,15,16,17,18,19,20,21,22,23
4 23 2,3,4,5,6,7,8,9,10,11,12,13,14,15,16,17,18,19,20,21,22,23
5 1 5
5 2 2,4,5,6,7,8,9,10,11,12,13,14,15,16,17,18,19,20,21,22,23
5 3 3,4,5,6,7,8,9,10,11,12,13,14,15,16,17,18,19,20,21,22,23
5 4 2,3,4,5,6,7,8,9,10,11,12,13,14,15,16,17,18,19,20,21,22,23
5 5 1,2,3,4,5,6,7,8,9,10,11,12,13,14,15,16,17,18,19,20,21,22,23
5 6 2,3,4,5,6,7,8,9,10,11,12,13,14,15,16,17,18,19,20,21,22,23
5 7 2,3,4,5,6,7,8,9,10,11,12,13,14,15,16,17,18,19,20,21,22,23
5 8 2,3,4,5,6,7,8,9,10,11,12,13,14,15,16,17,18,19,20,21,22,23
5 9 2,3,4,5,6,7,8,9,10,11,12,13,14,15,16,17,18,19,20,21,22,23
5 10 2,3,4,5,6,7,8,9,10,11,12,13,14,15,16,17,18,19,20,21,22,23
5 11 2,3,4,5,6,7,8,9,10,11,12,13,14,15,16,17,18,19,20,21,22,23
5 12 2,3,4,5,6,7,8,9,10,11,12,13,14,15,16,17,18,19,20,21,22,23
5 13 2,3,4,5,6,7,8,9,10,11,12,13,14,15,16,17,18,19,20,21,22,23
5 14 2,3,4,5,6,7,8,9,10,11,12,13,14,15,16,17,18,19,20,21,22,23
5 15 2,3,4,5,6,7,8,9,10,11,12,13,14,15,16,17,18,19,20,21,22,23
5 16 2,3,4,5,6,7,8,9,10,11,12,13,14,15,16,17,18,19,20,21,22,23
5 17 2,3,4,5,6,7,8,9,10,11,12,13,14,15,16,17,18,19,20,21,22,23
5 18 2,3,4,5,6,7,8,9,10,11,12,13,14,15,16,17,18,19,20,21,22,23
5 19 2,3,4,5,6,7,8,9,10,11,12,13,14,15,16,17,18,19,20,21,22,23
5 20 2,3,4,5,6,7,8,9,10,11,12,13,14,15,16,17,18,19,20,21,22,23
5 21 2,3,4,5,6,7,8,9,10,11,12,13,14,15,16,17,18,19,20,21,22,23
5 22 2,3,4,5,6,7,8,9,10,11,12,13,14,15,16,17,18,19,20,21,22,23
5 23 2,3,4,5,6,7,8,9,10,11,12,13,14,15,16,17,18,19,20,21,22,23
6 1 6
6 2 3,4,5,6,7,8,9,10,11,12,13,14,15,16,17,18,19,20,21,22,23
6 3 2,4,5,6,7,8,9,10,11,12,13,14,15,16,17,18,19,20,21,22,23
6 4 2,3,4,5,6,7,8,9,10,11,12,13,14,15,16,17,18,19,20,21,22,23
6 5 2,3,4,5,6,7,8,9,10,11,12,13,14,15,16,17,18,19,20,21,22,23
6 6 1,2,3,4,5,6,7,8,9,10,11,12,13,14,15,16,17,18,19,20,21,22,23
6 7 2,3,4,5,6,7,8,9,10,11,12,13,14,15,16,17,18,19,20,21,22,23
6 8 2,3,4,5,6,7,8,9,10,11,12,13,14,15,16,17,18,19,20,21,22,23
6 9 2,3,4,5,6,7,8,9,10,11,12,13,14,15,16,17,18,19,20,21,22,23
6 10 2,3,4,5,6,7,8,9,10,11,12,13,14,15,16,17,18,19,20,21,22,23
6 11 2,3,4,5,6,7,8,9,10,11,12,13,14,15,16,17,18,19,20,21,22,23
6 12 2,3,4,5,6,7,8,9,10,11,12,13,14,15,16,17,18,19,20,21,22,23
6 13 2,3,4,5,6,7,8,9,10,11,12,13,14,15,16,17,18,19,20,21,22,23
6 14 2,3,4,5,6,7,8,9,10,11,12,13,14,15,16,17,18,19,20,21,22,23
6 15 2,3,4,5,6,7,8,9,10,11,12,13,14,15,16,17,18,19,20,21,22,23
6 16 2,3,4,5,6,7,8,9,10,11,12,13,14,15,16,17,18,19,20,21,22,23
6 17 2,3,4,5,6,7,8,9,10,11,12,13,14,15,16,17,18,19,20,21,22,23
6 18 2,3,4,5,6,7,8,9,10,11,12,13,14,15,16,17,18,19,20,21,22,23
6 19 2,3,4,5,6,7,8,9,10,11,12,13,14,15,16,17,18,19,20,21,22,23
6 20 2,3,4,5,6,7,8,9,10,11,12,13,14,15,16,17,18,19,20,21,22,23
6 21 2,3,4,5,6,7,8,9,10,11,12,13,14,15,16,17,18,19,20,21,22,23
6 22 2,3,4,5,6,7,8,9,10,11,12,13,14,15,16,17,18,19,20,21,22,23
6 23 2,3,4,5,6,7,8,9,10,11,12,13,14,15,16,17,18,19,20,21,22,23
7 1 7
7 2 2,4,5,6,7,8,9,10,11,12,13,14,15,16,17,18,19,20,21,22,23
7 3 3,4,5,6,7,8,9,10,11,12,13,14,15,16,17,18,19,20,21,22,23
7 4 2,3,4,5,6,7,8,9,10,11,12,13,14,15,16,17,18,19,20,21,22,23
7 5 2,3,4,5,6,7,8,9,10,11,12,13,14,15,16,17,18,19,20,21,22,23
7 6 2,3,4,5,6,7,8,9,10,11,12,13,14,15,16,17,18,19,20,21,22,23
7 7 1,2,3,4,5,6,7,8,9,10,11,12,13,14,15,16,17,18,19,20,21,22,23
7 8 2,3,4,5,6,7,8,9,10,11,12,13,14,15,16,17,18,19,20,21,22,23
7 9 2,3,4,5,6,7,8,9,10,11,12,13,14,15,16,17,18,19,20,21,22,23
7 10 2,3,4,5,6,7,8,9,10,11,12,13,14,15,16,17,18,19,20,21,22,23
7 11 2,3,4,5,6,7,8,9,10,11,12,13,14,15,16,17,18,19,20,21,22,23
7 12 2,3,4,5,6,7,8,9,10,11,12,13,14,15,16,17,18,19,20,21,22,23
7 13 2,3,4,5,6,7,8,9,10,11,12,13,14,15,16,17,18,19,20,21,22,23
7 14 2,3,4,5,6,7,8,9,10,11,12,13,14,15,16,17,18,19,20,21,22,23
7 15 2,3,4,5,6,7,8,9,10,11,12,13,14,15,16,17,18,19,20,21,22,23
7 16 2,3,4,5,6,7,8,9,10,11,12,13,14,15,16,17,18,19,20,21,22,23
7 17 2,3,4,5,6,7,8,9,10,11,12,13,14,15,16,17,18,19,20,21,22,23
7 18 2,3,4,5,6,7,8,9,10,11,12,13,14,15,16,17,18,19,20,21,22,23
7 19 2,3,4,5,6,7,8,9,10,11,12,13,14,15,16,17,18,19,20,21,22,23
7 20 2,3,4,5,6,7,8,9,10,11,12,13,14,15,16,17,18,19,20,21,22,23
7 21 2,3,4,5,6,7,8,9,10,11,12,13,14,15,16,17,18,19,20,21,22,23
7 22 2,3,4,5,6,7,8,9,10,11,12,13,14,15,16,17,18,19,20,21,22,23
7 23 2,3,4,5,6,7,8,9,10,11,12,13,14,15,16,17,18,19,20,21,22,23
8 1 8
8 2 3,4,5,6,7,8,9,10,11,12,13,14,15,16,17,18,19,20,21,22,23
8 3 2,4,5,6,7,8,9,10,11,12,13,14,15,16,17,18,19,20,21,22,23
8 4 2,3,4,5,6,7,8,9,10,11,12,13,14,15,16,17,18,19,20,21,22,23
8 5 2,3,4,5,6,7,8,9,10,11,12,13,14,15,16,17,18,19,20,21,22,23
8 6 2,3,4,5,6,7,8,9,10,11,12,13,14,15,16,17,18,19,20,21,22,23
8 7 2,3,4,5,6,7,8,9,10,11,12,13,14,15,16,17,18,19,20,21,22,23
8 8 1,2,3,4,5,6,7,8,9,10,11,12,13,14,15,16,17,18,19,20,21,22,23
8 9 2,3,4,5,6,7,8,9,10,11,12,13,14,15,16,17,18,19,20,21,22,23
8 10 2,3,4,5,6,7,8,9,10,11,12,13,14,15,16,17,18,19,20,21,22,23
8 11 2,3,4,5,6,7,8,9,10,11,12,13,14,15,16,17,18,19,20,21,22,23
8 12 2,3,4,5,6,7,8,9,10,11,12,13,14,15,16,17,18,19,20,21,22,23
8 13 2,3,4,5,6,7,8,9,10,11,12,13,14,15,16,17,18,19,20,21,22,23
8 14 2,3,4,5,6,7,8,9,10,11,12,13,14,15,16,17,18,19,20,21,22,23
8 15 2,3,4,5,6,7,8,9,10,11,12,13,14,15,16,17,18,19,20,21,22,23
8 16 2,3,4,5,6,7,8,9,10,11,12,13,14,15,16,17,18,19,20,21,22,23
8 17 2,3,4,5,6,7,8,9,10,11,12,13,14,15,16,17,18,19,20,21,22,23
8 18 2,3,4,5,6,7,8,9,10,11,12,13,14,15,16,17,18,19,20,21,22,23
8 19 2,3,4,5,6,7,8,9,10,11,12,13,14,15,16,17,18,19,20,21,22,23
8 20 2,3,4,5,6,7,8,9,10,11,12,13,14,15,16,17,18,19,20,21,22,23
8 21 2,3,4,5,6,7,8,9,10,11,12,13,14,15,16,17,18,19,20,21,22,23
8 22 2,3,4,5,6,7,8,9,10,11,12,13,14,15,16,17,18,19,20,21,22,23
8 23 2,3,4,5,6,7,8,9,10,11,12,13,14,15,16,17,18,19,20,21,22,23
9 1 9
9 2 2,4,5,6,7,8,9,10,11,12,13,14,15,16,17,18,19,20,21,22,23
9 3 3,4,5,6,7,8,9,10,11,12,13,14,15,16,17,18,19,20,21,22,23
9 4 2,3,4,5,6,7,8,9,10,11,12,13,14,15,16,17,18,19,20,21,22,23
9 5 2,3,4,5,6,7,8,9,10,11,12,13,14,15,16,17,18,19,20,21,22,23
9 6 2,3,4,5,6,7,8,9,10,11,12,13,14,15,16,17,18,19,20,21,22,23
9 7 2,3,4,5,6,7,8,9,10,11,12,13,14,15,16,17,18,19,20,21,22,23
9 8 2,3,4,5,6,7,8,9,10,11,12,13,14,15,16,17,18,19,20,21,22,23
9 9 1,2,3,4,5,6,7,8,9,10,11,12,13,14,15,16,17,18,19,20,21,22,23
9 10 2,3,4,5,6,7,8,9,10,11,12,13,14,15,16,17,18,19,20,21,22,23
9 11 2,3,4,5,6,7,8,9,10,11,12,13,14,15,16,17,18,19,20,21,22,23
9 12 2,3,4,5,6,7,8,9,10,11,12,13,14,15,16,17,18,19,20,21,22,23
9 13 2,3,4,5,6,7,8,9,10,11,12,13,14,15,16,17,18,19,20,21,22,23
9 14 2,3,4,5,6,7,8,9,10,11,12,13,14,15,16,17,18,19,20,21,22,23
9 15 2,3,4,5,6,7,8,9,10,11,12,13,14,15,16,17,18,19,20,21,22,23
9 16 2,3,4,5,6,7,8,9,10,11,12,13,14,15,16,17,18,19,20,21,22,23
9 17 2,3,4,5,6,7,8,9,10,11,12,13,14,15,16,17,18,19,20,21,22,23
9 18 2,3,4,5,6,7,8,9,10,11,12,13,14,15,16,17,18,19,20,21,22,23
9 19 2,3,4,5,6,7,8,9,10,11,12,13,14,15,16,17,18,19,20,21,22,23
9 20 2,3,4,5,6,7,8,9,10,11,12,13,14,15,16,17,18,19,20,21,22,23
9 21 2,3,4,5,6,7,8,9,10,11,12,13,14,15,16,17,18,19,20,21,22,23
9 22 2,3,4,5,6,7,8,9,10,11,12,13,14,15,16,17,18,19,20,21,22,23
9 23 2,3,4,5,6,7,8,9,10,11,12,13,14,15,16,17,18,19,20,21,22,23
10 1 10
10 2 3,4,5,6,7,8,9,10,11,12,13,14,15,16,17,18,19,20,21,22,23
10 3 2,4,5,6,7,8,9,10,11,12,13,14,15,16,17,18,19,20,21,22,23
10 4 2,3,4,5,6,7,8,9,10,11,12,13,14,15,16,17,18,19,20,21,22,23
10 5 2,3,4,5,6,7,8,9,10,11,12,13,14,15,16,17,18,19,20,21,22,23
10 6 2,3,4,5,6,7,8,9,10,11,12,13,14,15,16,17,18,19,20,21,22,23
10 7 2,3,4,5,6,7,8,9,10,11,12,13,14,15,16,17,18,19,20,21,22,23
10 8 2,3,4,5,6,7,8,9,10,11,12,13,14,15,16,17,18,19,20,21,22,23
10 9 2,3,4,5,6,7,8,9,10,11,12,13,14,15,16,17,18,19,20,21,22,23
10 10 1,2,3,4,5,6,7,8,9,10,11,12,13,14,15,16,17,18,19,20,21,22,23
10 11 2,3,4,5,6,7,8,9,10,11,12,13,14,15,16,17,18,19,20,21,22,23
10 12 2,3,4,5,6,7,8,9,10,11,12,13,14,15,16,17,18,19,20,21,22,23
10 13 2,3,4,5,6,7,8,9,10,11,12,13,14,15,16,17,18,19,20,21,22,23
10 14 2,3,4,5,6,7,8,9,10,11,12,13,14,15,16,17,18,19,20,21,22,23
10 15 2,3,4,5,6,7,8,9,10,11,12,13,14,15,16,17,18,19,20,21,22,23
10 16 2,3,4,5,6,7,8,9,10,11,12,13,14,15,16,17,18,19,20,21,22,23
10 17 2,3,4,5,6,7,8,9,10,11,12,13,14,15,16,17,18,19,20,21,22,23
10 18 2,3,4,5,6,7,8,9,10,11,12,13,14,15,16,17,18,19,20,21,22,23
10 19 2,3,4,5,6,7,8,9,10,11,12,13,14,15,16,17,18,19,20,21,22,23
10 20 2,3,4,5,6,7,8,9,10,11,12,13,14,15,16,17,18,19,20,21,22,23
10 21 2,3,4,5,6,7,8,9,10,11,12,13,14,15,16,17,18,19,20,21,22,23
10 22 2,3,4,5,6,7,8,9,10,11,12,13,14,15,16,17,18,19,20,21,22,23
10 23 2,3,4,5,6,7,8,9,10,11,12,13,14,15,16,17,18,19,20,21,22,23
11 1 11
11 2 2,4,5,6,7,8,9,10,11,12,13,14,15,16,17,18,19,20,21,22,23
11 3 3,4,5,6,7,8,9,10,11,12,13,14,15,16,17,18,19,20,21,22,23
11 4 2,3,4,5,6,7,8,9,10,11,12,13,14,15,16,17,18,19,20,21,22,23
11 5 2,3,4,5,6,7,8,9,10,11,12,13,14,15,16,17,18,19,20,21,22,23
11 6 2,3,4,5,6,7,8,9,10,11,12,13,14,15,16,17,18,19,20,21,22,23
11 7 2,3,4,5,6,7,8,9,10,11,12,13,14,15,16,17,18,19,20,21,22,23
11 8 2,3,4,5,6,7,8,9,10,11,12,13,14,15,16,17,18,19,20,21,22,23
11 9 2,3,4,5,6,7,8,9,10,11,12,13,14,15,16,17,18,19,20,21,22,23
11 10 2,3,4,5,6,7,8,9,10,11,12,13,14,15,16,17,18,19,20,21,22,23
11 11 1,2,3,4,5,6,7,8,9,10,11,12,13,14,15,16,17,18,19,20,21,22,23
11 12 2,3,4,5,6,7,8,9,10,11,12,13,14,15,16,17,18,19,20,21,22,23
11 13 2,3,4,5,6,7,8,9,10,11,12,13,14,15,16,17,18,19,20,21,22,23
11 14 2,3,4,5,6,7,8,9,10,11,12,13,14,15,16,17,18,19,20,21,22,23
11 15 2,3,4,5,6,7,8,9,10,11,12,13,14,15,16,17,18,19,20,21,22,23
11 16 2,3,4,5,6,7,8,9,10,11,12,13,14,15,16,17,18,19,20,21,22,23
11 17 2,3,4,5,6,7,8,9,10,11,12,13,14,15,16,17,18,19,20,21,22,23
11 18 2,3,4,5,6,7,8,9,10,11,12,13,14,15,16,17,18,19,20,21,22,23
11 19 2,3,4,5,6,7,8,9,10,11,12,13,14,15,16,17,18,19,20,21,22,23
11 20 2,3,4,5,6,7,8,9,10,11,12,13,14,15,16,17,18,19,20,21,22,23
11 21 2,3,4,5,6,7,8,9,10,11,12,13,14,15,16,17,18,19,20,21,22,23
11 22 2,3,4,5,6,7,8,9,10,11,12,13,14,15,16,17,18,19,20,21,22,23
11 23 2,3,4,5,6,7,8,9,10,11,12,13,14,15,16,17,18,19,20,21,22,23
12 1 12
12 2 3,4,5,6,7,8,9,10,11,12,13,14,15,16,17,18,19,20,21,22,23
12 3 2,4,5,6,7,8,9,10,11,12,13,14,15,16,17,18,19,20,21,22,23
12 4 2,3,4,5,6,7,8,9,10,11,12,13,14,15,16,17,18,19,20,21,22,23
12 5 2,3,4,5,6,7,8,9,10,11,12,13,14,15,16,17,18,19,20,21,22,23
12 6 2,3,4,5,6,7,8,9,10,11,12,13,14,15,16,17,18,19,20,21,22,23
12 7 2,3,4,5,6,7,8,9,10,11,12,13,14,15,16,17,18,19,20,21,22,23
12 8 2,3,4,5,6,7,8,9,10,11,12,13,14,15,16,17,18,19,20,21,22,23
12 9 2,3,4,5,6,7,8,9,10,11,12,13,14,15,16,17,18,19,20,21,22,23
12 10 2,3,4,5,6,7,8,9,10,11,12,13,14,15,16,17,18,19,20,21,22,23
12 11 2,3,4,5,6,7,8,9,10,11,12,13,14,15,16,17,18,19,20,21,22,23
12 12 1,2,3,4,5,6,7,8,9,10,11,12,13,14,15,16,17,18,19,20,21,22,23
12 13 2,3,4,5,6,7,8,9,10,11,12,13,14,15,16,17,18,19,20,21,22,23
12 14 2,3,4,5,6,7,8,9,10,11,12,13,14,15,16,17,18,19,20,21,22,23
12 15 2,3,4,5,6,7,8,9,10,11,12,13,14,15,16,17,18,19,20,21,22,23
12 16 2,3,4,5,6,7,8,9,10,11,12,13,14,15,16,17,18,19,20,21,22,23
12 17 2,3,4,5,6,7,8,9,10,11,12,13,14,15,16,17,18,19,20,21,22,23
12 18 2,3,4,5,6,7,8,9,10,11,12,13,14,15,16,17,18,19,20,21,22,23
12 19 2,3,4,5,6,7,8,9,10,11,12,13,14,15,16,17,18,19,20,21,22,23
12 20 2,3,4,5,6,7,8,9,10,11,12,13,14,15,16,17,18,19,20,21,22,23
12 21 2,3,4,5,6,7,8,9,10,11,12,13,14,15,16,17,18,19,20,21,22,23
12 22 2,3,4,5,6,7,8,9,10,11,12,13,14,15,16,17,18,19,20,21,22,23
12 23 2,3,4,5,6,7,8,9,10,11,12,13,14,15,16,17,18,19,20,21,22,23
13 1 13
13 2 2,4,5,6,7,8,9,10,11,12,13,14,15,16,17,18,19,20,21,22,23
13 3 3,4,5,6,7,8,9,10,11,12,13,14,15,16,17,18,19,20,21,22,23
13 4 2,3,4,5,6,7,8,9,10,11,12,13,14,15,16,17,18,19,20,21,22,23
13 5 2,3,4,5,6,7,8,9,10,11,12,13,14,15,16,17,18,19,20,21,22,23
13 6 2,3,4,5,6,7,8,9,10,11,12,13,14,15,16,17,18,19,20,21,22,23
13 7 2,3,4,5,6,7,8,9,10,11,12,13,14,15,16,17,18,19,20,21,22,23
13 8 2,3,4,5,6,7,8,9,10,11,12,13,14,15,16,17,18,19,20,21,22,23
13 9 2,3,4,5,6,7,8,9,10,11,12,13,14,15,16,17,18,19,20,21,22,23
13 10 2,3,4,5,6,7,8,9,10,11,12,13,14,15,16,17,18,19,20,21,22,23
13 11 2,3,4,5,6,7,8,9,10,11,12,13,14,15,16,17,18,19,20,21,22,23
13 12 2,3,4,5,6,7,8,9,10,11,12,13,14,15,16,17,18,19,20,21,22,23
13 13 1,2,3,4,5,6,7,8,9,10,11,12,13,14,15,16,17,18,19,20,21,22,23
13 14 2,3,4,5,6,7,8,9,10,11,12,13,14,15,16,17,18,19,20,21,22,23
13 15 2,3,4,5,6,7,8,9,10,11,12,13,14,15,16,17,18,19,20,21,22,23
13 16 2,3,4,5,6,7,8,9,10,11,12,13,14,15,16,17,18,19,20,21,22,23
13 17 2,3,4,5,6,7,8,9,10,11,12,13,14,15,16,17,18,19,20,21,22,23
13 18 2,3,4,5,6,7,8,9,10,11,12,13,14,15,16,17,18,19,20,21,22,23
13 19 2,3,4,5,6,7,8,9,10,11,12,13,14,15,16,17,18,19,20,21,22,23
13 20 2,3,4,5,6,7,8,9,10,11,12,13,14,15,16,17,18,19,20,21,22,23
13 21 2,3,4,5,6,7,8,9,10,11,12,13,14,15,16,17,18,19,20,21,22,23
13 22 2,3,4,5,6,7,8,9,10,11,12,13,14,15,16,17,18,19,20,21,22,23
13 23 2,3,4,5,6,7,8,9,10,11,12,13,14,15,16,17,18,19,20,21,22,23
14 1 14
14 2 2,3,4,5,6,7,8,9,10,11,12,13,14,15,16,17,18,19,20,21,22,23
14 3 2,3,4,5,6,7,8,9,10,11,12,13,14,15,16,17,18,19,20,21,22,23
14 4 2,3,4,5,6,7,8,9,10,11,12,13,14,15,16,17,18,19,20,21,22,23
14 5 2,3,4,5,6,7,8,9,10,11,12,13,14,15,16,17,18,19,20,21,22,23
14 6 2,3,4,5,6,7,8,9,10,11,12,13,14,15,16,17,18,19,20,21,22,23
14 7 2,3,4,5,6,7,8,9,10,11,12,13,14,15,16,17,18,19,20,21,22,23
14 8 2,3,4,5,6,7,8,9,10,11,12,13,14,15,16,17,18,19,20,21,22,23
14 9 2,3,4,5,6,7,8,9,10,11,12,13,14,15,16,17,18,19,20,21,22,23
14 10 2,3,4,5,6,7,8,9,10,11,12,13,14,15,16,17,18,19,20,21,22,23
14 11 2,3,4,5,6,7,8,9,10,11,12,13,14,15,16,17,18,19,20,21,22,23
14 12 2,3,4,5,6,7,8,9,10,11,12,13,14,15,16,17,18,19,20,21,22,23
14 13 2,3,4,5,6,7,8,9,10,11,12,13,14,15,16,17,18,19,20,21,22,23
14 14 1,2,3,4,5,6,7,8,9,10,11,12,13,14,15,16,17,18,19,20,21,22,23
14 15 2,3,4,5,6,7,8,9,10,11,12,13,14,15,16,17,18,19,20,21,22,23
14 16 2,3,4,5,6,7,8,9,10,11,12,13,14,15,16,17,18,19,20,21,22,23
14 17 2,3,4,5,6,7,8,9,10,11,12,13,14,15,16,17,18,19,20,21,22,23
14 18 2,3,4,5,6,7,8,9,10,11,12,13,14,15,16,17,18,19,20,21,22,23
14 19 2,3,4,5,6,7,8,9,10,11,12,13,14,15,16,17,18,19,20,21,22,23
14 20 2,3,4,5,6,7,8,9,10,11,12,13,14,15,16,17,18,19,20,21,22,23
14 21 2,3,4,5,6,7,8,9,10,11,12,13,14,15,16,17,18,19,20,21,22,23
14 22 2,3,4,5,6,7,8,9,10,11,12,13,14,15,16,17,18,19,20,21,22,23
14 23 2,3,4,5,6,7,8,9,10,11,12,13,14,15,16,17,18,19,20,21,22,23
15 1 15
15 2 2,3,4,5,6,7,8,9,10,11,12,13,14,15,16,17,18,19,20,21,22,23
15 3 2,3,4,5,6,7,8,9,10,11,12,13,14,15,16,17,18,19,20,21,22,23
15 4 2,3,4,5,6,7,8,9,10,11,12,13,14,15,16,17,18,19,20,21,22,23
15 5 2,3,4,5,6,7,8,9,10,11,12,13,14,15,16,17,18,19,20,21,22,23
15 6 2,3,4,5,6,7,8,9,10,11,12,13,14,15,16,17,18,19,20,21,22,23
15 7 2,3,4,5,6,7,8,9,10,11,12,13,14,15,16,17,18,19,20,21,22,23
15 8 2,3,4,5,6,7,8,9,10,11,12,13,14,15,16,17,18,19,20,21,22,23
15 9 2,3,4,5,6,7,8,9,10,11,12,13,14,15,16,17,18,19,20,21,22,23
15 10 2,3,4,5,6,7,8,9,10,11,12,13,14,15,16,17,18,19,20,21,22,23
15 11 2,3,4,5,6,7,8,9,10,11,12,13,14,15,16,17,18,19,20,21,22,23
15 12 2,3,4,5,6,7,8,9,10,11,12,13,14,15,16,17,18,19,20,21,22,23
15 13 2,3,4,5,6,7,8,9,10,11,12,13,14,15,16,17,18,19,20,21,22,23
15 14 2,3,4,5,6,7,8,9,10,11,12,13,14,15,16,17,18,19,20,21,22,23
15 15 1,2,3,4,5,6,7,8,9,10,11,12,13,14,15,16,17,18,19,20,21,22,23
15 16 2,3,4,5,6,7,8,9,10,11,12,13,14,15,16,17,18,19,20,21,22,23
15 17 2,3,4,5,6,7,8,9,10,11,12,13,14,15,16,17,18,19,20,21,22,23
15 18 2,3,4,5,6,7,8,9,10,11,12,13,14,15,16,17,18,19,20,21,22,23
15 19 2,3,4,5,6,7,8,9,10,11,12,13,14,15,16,17,18,19,20,21,22,23
15 20 2,3,4,5,6,7,8,9,10,11,12,13,14,15,16,17,18,19,20,21,22,23
15 21 2,3,4,5,6,7,8,9,10,11,12,13,14,15,16,17,18,19,20,21,22,23
15 22 2,3,4,5,6,7,8,9,10,11,12,13,14,15,16,17,18,19,20,21,22,23
15 23 2,3,4,5,6,7,8,9,10,11,12,13,14,15,16,17,18,19,20,21,22,23
16 1 16
16 2 2,3,4,5,6,7,8,9,10,11,12,13,14,15,16,17,18,19,20,21,22,23
16 3 2,3,4,5,6,7,8,9,10,11,12,13,14,15,16,17,18,19,20,21,22,23
16 4 2,3,4,5,6,7,8,9,10,11,12,13,14,15,16,17,18,19,20,21,22,23
16 5 2,3,4,5,6,7,8,9,10,11,12,13,14,15,16,17,18,19,20,21,22,23
16 6 2,3,4,5,6,7,8,9,10,11,12,13,14,15,16,17,18,19,20,21,22,23
16 7 2,3,4,5,6,7,8,9,10,11,12,13,14,15,16,17,18,19,20,21,22,23
16 8 2,3,4,5,6,7,8,9,10,11,12,13,14,15,16,17,18,19,20,21,22,23
16 9 2,3,4,5,6,7,8,9,10,11,12,13,14,15,16,17,18,19,20,21,22,23
16 10 2,3,4,5,6,7,8,9,10,11,12,13,14,15,16,17,18,19,20,21,22,23
16 11 2,3,4,5,6,7,8,9,10,11,12,13,14,15,16,17,18,19,20,21,22,23
16 12 2,3,4,5,6,7,8,9,10,11,12,13,14,15,16,17,18,19,20,21,22,23
16 13 2,3,4,5,6,7,8,9,10,11,12,13,14,15,16,17,18,19,20,21,22,23
16 14 2,3,4,5,6,7,8,9,10,11,12,13,14,15,16,17,18,19,20,21,22,23
16 15 2,3,4,5,6,7,8,9,10,11,12,13,14,15,16,17,18,19,20,21,22,23
16 16 1,2,3,4,5,6,7,8,9,10,11,12,13,14,15,16,17,18,19,20,21,22,23
16 17 2,3,4,5,6,7,8,9,10,11,12,13,14,15,16,17,18,19,20,21,22,23
16 18 2,3,4,5,6,7,8,9,10,11,12,13,14,15,16,17,18,19,20,21,22,23
16 19 2,3,4,5,6,7,8,9,10,11,12,13,14,15,16,17,18,19,20,21,22,23
16 20 2,3,4,5,6,7,8,9,10,11,12,13,14,15,16,17,18,19,20,21,22,23
16 21 2,3,4,5,6,7,8,9,10,11,12,13,14,15,16,17,18,19,20,21,22,23
16 22 2,3,4,5,6,7,8,9,10,11,12,13,14,15,16,17,18,19,20,21,22,23
16 23 2,3,4,5,6,7,8,9,10,11,12,13,14,15,16,17,18,19,20,21,22,23
17 1 17
17 2 2,3,4,5,6,7,8,9,10,11,12,13,14,15,16,17,18,19,20,21,22,23
17 3 2,3,4,5,6,7,8,9,10,11,12,13,14,15,16,17,18,19,20,21,22,23
17 4 2,3,4,5,6,7,8,9,10,11,12,13,14,15,16,17,18,19,20,21,22,23
17 5 2,3,4,5,6,7,8,9,10,11,12,13,14,15,16,17,18,19,20,21,22,23
17 6 2,3,4,5,6,7,8,9,10,11,12,13,14,15,16,17,18,19,20,21,22,23
17 7 2,3,4,5,6,7,8,9,10,11,12,13,14,15,16,17,18,19,20,21,22,23
17 8 2,3,4,5,6,7,8,9,10,11,12,13,14,15,16,17,18,19,20,21,22,23
17 9 2,3,4,5,6,7,8,9,10,11,12,13,14,15,16,17,18,19,20,21,22,23
17 10 2,3,4,5,6,7,8,9,10,11,12,13,14,15,16,17,18,19,20,21,22,23
17 11 2,3,4,5,6,7,8,9,10,11,12,13,14,15,16,17,18,19,20,21,22,23
17 12 2,3,4,5,6,7,8,9,10,11,12,13,14,15,16,17,18,19,20,21,22,23
17 13 2,3,4,5,6,7,8,9,10,11,12,13,14,15,16,17,18,19,20,21,22,23
17 14 2,3,4,5,6,7,8,9,10,11,12,13,14,15,16,17,18,19,20,21,22,23
17 15 2,3,4,5,6,7,8,9,10,11,12,13,14,15,16,17,18,19,20,21,22,23
17 16 2,3,4,5,6,7,8,9,10,11,12,13,14,15,16,17,18,19,20,21,22,23
17 17 1,2,3,4,5,6,7,8,9,10,11,12,13,14,15,16,17,18,19,20,21,22,23
17 18 2,3,4,5,6,7,8,9,10,11,12,13,14,15,16,17,18,19,20,21,22,23
17 19 2,3,4,5,6,7,8,9,10,11,12,13,14,15,16,17,18,19,20,21,22,23
17 20 2,3,4,5,6,7,8,9,10,11,12,13,14,15,16,17,18,19,20,21,22,23
17 21 2,3,4,5,6,7,8,9,10,11,12,13,14,15,16,17,18,19,20,21,22,23
17 22 2,3,4,5,6,7,8,9,10,11,12,13,14,15,16,17,18,19,20,21,22,23
17 23 2,3,4,5,6,7,8,9,10,11,12,13,14,15,16,17,18,19,20,21,22,23
18 1 18
18 2 2,3,4,5,6,7,8,9,10,11,12,13,14,15,16,17,18,19,20,21,22,23
18 3 2,3,4,5,6,7,8,9,10,11,12,13,14,15,16,17,18,19,20,21,22,23
18 4 2,3,4,5,6,7,8,9,10,11,12,13,14,15,16,17,18,19,20,21,22,23
18 5 2,3,4,5,6,7,8,9,10,11,12,13,14,15,16,17,18,19,20,21,22,23
18 6 2,3,4,5,6,7,8,9,10,11,12,13,14,15,16,17,18,19,20,21,22,23
18 7 2,3,4,5,6,7,8,9,10,11,12,13,14,15,16,17,18,19,20,21,22,23
18 8 2,3,4,5,6,7,8,9,10,11,12,13,14,15,16,17,18,19,20,21,22,23
18 9 2,3,4,5,6,7,8,9,10,11,12,13,14,15,16,17,18,19,20,21,22,23
18 10 2,3,4,5,6,7,8,9,10,11,12,13,14,15,16,17,18,19,20,21,22,23
18 11 2,3,4,5,6,7,8,9,10,11,12,13,14,15,16,17,18,19,20,21,22,23
18 12 2,3,4,5,6,7,8,9,10,11,12,13,14,15,16,17,18,19,20,21,22,23
18 13 2,3,4,5,6,7,8,9,10,11,12,13,14,15,16,17,18,19,20,21,22,23
18 14 2,3,4,5,6,7,8,9,10,11,12,13,14,15,16,17,18,19,20,21,22,23
18 15 2,3,4,5,6,7,8,9,10,11,12,13,14,15,16,17,18,19,20,21,22,23
18 16 2,3,4,5,6,7,8,9,10,11,12,13,14,15,16,17,18,19,20,21,22,23
18 17 2,3,4,5,6,7,8,9,10,11,12,13,14,15,16,17,18,19,20,21,22,23
18 18 1,2,3,4,5,6,7,8,9,10,11,12,13,14,15,16,17,18,19,20,21,22,23
18 19 2,3,4,5,6,7,8,9,10,11,12,13,14,15,16,17,18,19,20,21,22,23
18 20 2,3,4,5,6,7,8,9,10,11,12,13,14,15,16,17,18,19,20,21,22,23
18 21 2,3,4,5,6,7,8,9,10,11,12,13,14,15,16,17,18,19,20,21,22,23
18 22 2,3,4,5,6,7,8,9,10,11,12,13,14,15,16,17,18,19,20,21,22,23
18 23 2,3,4,5,6,7,8,9,10,11,12,13,14,15,16,17,18,19,20,21,22,23
19 1 19
19 2 2,3,4,5,6,7,8,9,10,11,12,13,14,15,16,17,18,19,20,21,22,23
19 3 2,3,4,5,6,7,8,9,10,11,12,13,14,15,16,17,18,19,20,21,22,23
19 4 2,3,4,5,6,7,8,9,10,11,12,13,14,15,16,17,18,19,20,21,22,23
19 5 2,3,4,5,6,7,8,9,10,11,12,13,14,15,16,17,18,19,20,21,22,23
19 6 2,3,4,5,6,7,8,9,10,11,12,13,14,15,16,17,18,19,20,21,22,23
19 7 2,3,4,5,6,7,8,9,10,11,12,13,14,15,16,17,18,19,20,21,22,23
19 8 2,3,4,5,6,7,8,9,10,11,12,13,14,15,16,17,18,19,20,21,22,23
19 9 2,3,4,5,6,7,8,9,10,11,12,13,14,15,16,17,18,19,20,21,22,23
19 10 2,3,4,5,6,7,8,9,10,11,12,13,14,15,16,17,18,19,20,21,22,23
19 11 2,3,4,5,6,7,8,9,10,11,12,13,14,15,16,17,18,19,20,21,22,23
19 12 2,3,4,5,6,7,8,9,10,11,12,13,14,15,16,17,18,19,20,21,22,23
19 13 2,3,4,5,6,7,8,9,10,11,12,13,14,15,16,17,18,19,20,21,22,23
19 14 2,3,4,5,6,7,8,9,10,11,12,13,14,15,16,17,18,19,20,21,22,23
19 15 2,3,4,5,6,7,8,9,10,11,12,13,14,15,16,17,18,19,20,21,22,23
19 16 2,3,4,5,6,7,8,9,10,11,12,13,14,15,16,17,18,19,20,21,22,23
19 17 2,3,4,5,6,7,8,9,10,11,12,13,14,15,16,17,18,19,20,21,22,23
19 18 2,3,4,5,6,7,8,9,10,11,12,13,14,15,16,17,18,19,20,21,22,23
19 19 1,2,3,4,5,6,7,8,9,10,11,12,13,14,15,16,17,18,19,20,21,22,23
19 20 2,3,4,5,6,7,8,9,10,11,12,13,14,15,16,17,18,19,20,21,22,23
19 21 2,3,4,5,6,7,8,9,10,11,12,13,14,15,16,17,18,19,20,21,22,23
19 22 2,3,4,5,6,7,8,9,10,11,12,13,14,15,16,17,18,19,20,21,22,23
19 23 2,3,4,5,6,7,8,9,10,11,12,13,14,15,16,17,18,19,20,21,22,23
20 1 20
20 2 2,3,4,5,6,7,8,9,10,11,12,13,14,15,16,17,18,19,20,21,22,23
20 3 2,3,4,5,6,7,8,9,10,11,12,13,14,15,16,17,18,19,20,21,22,23
20 4 2,3,4,5,6,7,8,9,10,11,12,13,14,15,16,17,18,19,20,21,22,23
20 5 2,3,4,5,6,7,8,9,10,11,12,13,14,15,16,17,18,19,20,21,22,23
20 6 2,3,4,5,6,7,8,9,10,11,12,13,14,15,16,17,18,19,20,21,22,23
20 7 2,3,4,5,6,7,8,9,10,11,12,13,14,15,16,17,18,19,20,21,22,23
20 8 2,3,4,5,6,7,8,9,10,11,12,13,14,15,16,17,18,19,20,21,22,23
20 9 2,3,4,5,6,7,8,9,10,11,12,13,14,15,16,17,18,19,20,21,22,23
20 10 2,3,4,5,6,7,8,9,10,11,12,13,14,15,16,17,18,19,20,21,22,23
20 11 2,3,4,5,6,7,8,9,10,11,12,13,14,15,16,17,18,19,20,21,22,23
20 12 2,3,4,5,6,7,8,9,10,11,12,13,14,15,16,17,18,19,20,21,22,23
20 13 2,3,4,5,6,7,8,9,10,11,12,13,14,15,16,17,18,19,20,21,22,23
20 14 2,3,4,5,6,7,8,9,10,11,12,13,14,15,16,17,18,19,20,21,22,23
20 15 2,3,4,5,6,7,8,9,10,11,12,13,14,15,16,17,18,19,20,21,22,23
20 16 2,3,4,5,6,7,8,9,10,11,12,13,14,15,16,17,18,19,20,21,22,23
20 17 2,3,4,5,6,7,8,9,10,11,12,13,14,15,16,17,18,19,20,21,22,23
20 18 2,3,4,5,6,7,8,9,10,11,12,13,14,15,16,17,18,19,20,21,22,23
20 19 2,3,4,5,6,7,8,9,10,11,12,13,14,15,16,17,18,19,20,21,22,23
20 20 1,2,3,4,5,6,7,8,9,10,11,12,13,14,15,16,17,18,19,20,21,22,23
20 21 2,3,4,5,6,7,8,9,10,11,12,13,14,15,16,17,18,19,20,21,22,23
20 22 2,3,4,5,6,7,8,9,10,11,12,13,14,15,16,17,18,19,20,21,22,23
20 23 2,3,4,5,6,7,8,9,10,11,12,13,14,15,16,17,18,19,20,21,22,23
21 1 21
21 2 2,3,4,5,6,7,8,9,10,11,12,13,14,15,16,17,18,19,20,21,22,23
21 3 2,3,4,5,6,7,8,9,10,11,12,13,14,15,16,17,18,19,20,21,22,23
21 4 2,3,4,5,6,7,8,9,10,11,12,13,14,15,16,17,18,19,20,21,22,23
21 5 2,3,4,5,6,7,8,9,10,11,12,13,14,15,16,17,18,19,20,21,22,23
21 6 2,3,4,5,6,7,8,9,10,11,12,13,14,15,16,17,18,19,20,21,22,23
21 7 2,3,4,5,6,7,8,9,10,11,12,13,14,15,16,17,18,19,20,21,22,23
21 8 2,3,4,5,6,7,8,9,10,11,12,13,14,15,16,17,18,19,20,21,22,23
21 9 2,3,4,5,6,7,8,9,10,11,12,13,14,15,16,17,18,19,20,21,22,23
21 10 2,3,4,5,6,7,8,9,10,11,12,13,14,15,16,17,18,19,20,21,22,23
21 11 2,3,4,5,6,7,8,9,10,11,12,13,14,15,16,17,18,19,20,21,22,23
21 12 2,3,4,5,6,7,8,9,10,11,12,13,14,15,16,17,18,19,20,21,22,23
21 13 2,3,4,5,6,7,8,9,10,11,12,13,14,15,16,17,18,19,20,21,22,23
21 14 2,3,4,5,6,7,8,9,10,11,12,13,14,15,16,17,18,19,20,21,22,23
21 15 2,3,4,5,6,7,8,9,10,11,12,13,14,15,16,17,18,19,20,21,22,23
21 16 2,3,4,5,6,7,8,9,10,11,12,13,14,15,16,17,18,19,20,21,22,23
21 17 2,3,4,5,6,7,8,9,10,11,12,13,14,15,16,17,18,19,20,21,22,23
21 18 2,3,4,5,6,7,8,9,10,11,12,13,14,15,16,17,18,19,20,21,22,23
21 19 2,3,4,5,6,7,8,9,10,11,12,13,14,15,16,17,18,19,20,21,22,23
21 20 2,3,4,5,6,7,8,9,10,11,12,13,14,15,16,17,18,19,20,21,22,23
21 21 1,2,3,4,5,6,7,8,9,10,11,12,13,14,15,16,17,18,19,20,21,22,23
21 22 2,3,4,5,6,7,8,9,10,11,12,13,14,15,16,17,18,19,20,21,22,23
21 23 2,3,4,5,6,7,8,9,10,11,12,13,14,15,16,17,18,19,20,21,22,23
22 1 22
22 2 2,3,4,5,6,7,8,9,10,11,12,13,14,15,16,17,18,19,20,21,22,23
22 3 2,3,4,5,6,7,8,9,10,11,12,13,14,15,16,17,18,19,20,21,22,23
22 4 2,3,4,5,6,7,8,9,10,11,12,13,14,15,16,17,18,19,20,21,22,23
22 5 2,3,4,5,6,7,8,9,10,11,12,13,14,15,16,17,18,19,20,21,22,23
22 6 2,3,4,5,6,7,8,9,10,11,12,13,14,15,16,17,18,19,20,21,22,23
22 7 2,3,4,5,6,7,8,9,10,11,12,13,14,15,16,17,18,19,20,21,22,23
22 8 2,3,4,5,6,7,8,9,10,11,12,13,14,15,16,17,18,19,20,21,22,23
22 9 2,3,4,5,6,7,8,9,10,11,12,13,14,15,16,17,18,19,20,21,22,23
22 10 2,3,4,5,6,7,8,9,10,11,12,13,14,15,16,17,18,19,20,21,22,23
22 11 2,3,4,5,6,7,8,9,10,11,12,13,14,15,16,17,18,19,20,21,22,23
22 12 2,3,4,5,6,7,8,9,10,11,12,13,14,15,16,17,18,19,20,21,22,23
22 13 2,3,4,5,6,7,8,9,10,11,12,13,14,15,16,17,18,19,20,21,22,23
22 14 2,3,4,5,6,7,8,9,10,11,12,13,14,15,16,17,18,19,20,21,22,23
22 15 2,3,4,5,6,7,8,9,10,11,12,13,14,15,16,17,18,19,20,21,22,23
22 16 2,3,4,5,6,7,8,9,10,11,12,13,14,15,16,17,18,19,20,21,22,23
22 17 2,3,4,5,6,7,8,9,10,11,12,13,14,15,16,17,18,19,20,21,22,23
22 18 2,3,4,5,6,7,8,9,10,11,12,13,14,15,16,17,18,19,20,21,22,23
22 19 2,3,4,5,6,7,8,9,10,11,12,13,14,15,16,17,18,19,20,21,22,23
22 20 2,3,4,5,6,7,8,9,10,11,12,13,14,15,16,17,18,19,20,21,22,23
22 21 2,3,4,5,6,7,8,9,10,11,12,13,14,15,16,17,18,19,20,21,22,23
22 22 1,2,3,4,5,6,7,8,9,10,11,12,13,14,15,16,17,18,19,20,21,22,23
22 23 2,3,4,5,6,7,8,9,10,11,12,13,14,15,16,17,18,19,20,21,22,23
23 1 23
23 2 2,3,4,5,6,7,8,9,10,11,12,13,14,15,16,17,18,19,20,21,22,23
23 3 2,3,4,5,6,7,8,9,10,11,12,13,14,15,16,17,18,19,20,21,22,23
23 4 2,3,4,5,6,7,8,9,10,11,12,13,14,15,16,17,18,19,20,21,22,23
23 5 2,3,4,5,6,7,8,9,10,11,12,13,14,15,16,17,18,19,20,21,22,23
23 6 2,3,4,5,6,7,8,9,10,11,12,13,14,15,16,17,18,19,20,21,22,23
23 7 2,3,4,5,6,7,8,9,10,11,12,13,14,15,16,17,18,19,20,21,22,23
23 8 2,3,4,5,6,7,8,9,10,11,12,13,14,15,16,17,18,19,20,21,22,23
23 9 2,3,4,5,6,7,8,9,10,11,12,13,14,15,16,17,18,19,20,21,22,23
23 10 2,3,4,5,6,7,8,9,10,11,12,13,14,15,16,17,18,19,20,21,22,23
23 11 2,3,4,5,6,7,8,9,10,11,12,13,14,15,16,17,18,19,20,21,22,23
23 12 2,3,4,5,6,7,8,9,10,11,12,13,14,15,16,17,18,19,20,21,22,23
23 13 2,3,4,5,6,7,8,9,10,11,12,13,14,15,16,17,18,19,20,21,22,23
23 14 2,3,4,5,6,7,8,9,10,11,12,13,14,15,16,17,18,19,20,21,22,23
23 15 2,3,4,5,6,7,8,9,10,11,12,13,14,15,16,17,18,19,20,21,22,23
23 16 2,3,4,5,6,7,8,9,10,11,12,13,14,15,16,17,18,19,20,21,22,23
23 17 2,3,4,5,6,7,8,9,10,11,12,13,14,15,16,17,18,19,20,21,22,23
23 18 2,3,4,5,6,7,8,9,10,11,12,13,14,15,16,17,18,19,20,21,22,23
23 19 2,3,4,5,6,7,8,9,10,11,12,13,14,15,16,17,18,19,20,21,22,23
23 20 2,3,4,5,6,7,8,9,10,11,12,13,14,15,16,17,18,19,20,21,22,23
23 21 2,3,4,5,6,7,8,9,10,11,12,13,14,15,16,17,18,19,20,21,22,23
23 22 2,3,4,5,6,7,8,9,10,11,12,13,14,15,16,17,18,19,20,21,22,23
23 23 1,2,3,4,5,6,7,8,9,10,11,12,13,14,15,16,17,18,19,20,21,22,23
