L3(7) 22
1 1 1
1 2 2
1 3 3
1 4 4
1 5 5
1 6 6
1 7 7
1 8 8
1 9 9
1 10 10
1 11 11
1 12 12
1 13 13
1 14 14
1 15 15
1 16 16
1 17 17
1 18 18
1 19 19
1 20 20
1 21 21
1 22 22
2 1 2
2 2 1,2,3,4,5,6,7,8,9,10,11,12
2 3 2,3,4,5,7,8,9,10,11,12,13,14,15,16,17,18,19,20,21,22
2 4 2,3,4,5,7,8,9,10,11,12,13,14,15,16,17,18,19,20,21,22
2 5 2,3,4,5,6,7,8,9,10,11,12,13,14,15,16,17,18,19,20,21,22
2 6 2,5,12,13,14,15,16
2 7 2,3,4,5,7,10,11,12,13,14,15,16,17,18,19,20,21,22
2 8 2,3,4,5,8,10,11,12,13,14,15,16,17,18,19,20,21,22
2 9 2,3,4,5,9,10,11,12,13,14,15,16,17,18,19,20,21,22
2 10 2,3,4,5,7,8,9,10,11,12,13,14,15,16,17,18,19,20,21,22
2 11 2,3,4,5,7,8,9,10,11,12,13,14,15,16,17,18,19,20,21,22
2 12 2,3,4,5,6,7,8,9,10,11,12,13,14,15,16,17,18,19,20,21,22
2 13 3,4,5,6,7,8,9,10,11,12,13,14,15,16,17,18,19,20,21,22
2 14 3,4,5,6,7,8,9,10,11,12,13,14,15,16,17,18,19,20,21,22
2 15 3,4,5,6,7,8,9,10,11,12,13,14,15,16,17,18,19,20,21,22
2 16 3,4,5,6,7,8,9,10,11,12,13,14,15,16,17,18,19,20,21,22
2 17 3,4,5,7,8,9,10,11,12,13,14,15,16,17,18,19,20,21,22
2 18 3,4,5,7,8,9,10,11,12,13,14,15,16,17,18,19,20,21,22
2 19 3,4,5,7,8,9,10,11,12,13,14,15,16,17,18,19,20,21,22
2 20 3,4,5,7,8,9,10,11,12,13,14,15,16,17,18,19,20,21,22
2 21 3,4,5,7,8,9,10,11,12,13,14,15,16,17,18,19,20,21,22
2 22 3,4,5,7,8,9,10,11,12,13,14,15,16,17,18,19,20,21,22
3 1 3
3 2 2,3,4,5,7,8,9,10,11,12,13,14,15,16,17,18,19,20,21,22
3 3 1,2,3,4,5,6,7,8,9,10,11,12,13,14,15,16,17,18,19,20,21,22
3 4 2,3,4,5,6,7,8,9,10,11,12,13,14,15,16,17,18,19,20,21,22
3 5 2,3,4,5,6,7,8,9,10,11,12,13,14,15,16,17,18,19,20,21,22
3 6 3,4,5,6,7,8,9,10,11,12,13,14,15,16,17,18,19,20,21,22
3 7 2,3,4,5,6,7,8,9,10,11,12,13,14,15,16,17,18,19,20,21,22
3 8 2,3,4,5,6,7,8,9,10,11,12,13,14,15,16,17,18,19,20,21,22
3 9 2,3,4,5,6,7,8,9,10,11,12,13,14,15,16,17,18,19,20,21,22
3 10 2,3,4,5,6,7,8,9,10,11,12,13,14,15,16,17,18,19,20,21,22
3 11 2,3,4,5,6,7,8,9,10,11,12,13,14,15,16,17,18,19,20,21,22
3 12 2,3,4,5,6,7,8,9,10,11,12,13,14,15,16,17,18,19,20,21,22
3 13 2,3,4,5,6,7,8,9,10,11,12,13,14,15,16,17,18,19,20,21,22
3 14 2,3,4,5,6,7,8,9,10,11,12,13,14,15,16,17,18,19,20,21,22
3 15 2,3,4,5,6,7,8,9,10,11,12,13,14,15,16,17,18,19,20,21,22
3 16 2,3,4,5,6,7,8,9,10,11,12,13,14,15,16,17,18,19,20,21,22
3 17 2,3,4,5,6,7,8,9,10,11,12,13,14,15,16,17,18,19,20,21,22
3 18 2,3,4,5,6,7,8,9,10,11,12,13,14,15,16,17,18,19,20,21,22
3 19 2,3,4,5,6,7,8,9,10,11,12,13,14,15,16,17,18,19,20,21,22
3 20 2,3,4,5,6,7,8,9,10,11,12,13,14,15,16,17,18,19,20,21,22
3 21 2,3,4,5,6,7,8,9,10,11,12,13,14,15,16,17,18,19,20,21,22
3 22 2,3,4,5,6,7,8,9,10,11,12,13,14,15,16,17,18,19,20,21,22
4 1 4
4 2 2,3,4,5,7,8,9,10,11,12,13,14,15,16,17,18,19,20,21,22
4 3 2,3,4,5,6,7,8,9,10,11,12,13,14,15,16,17,18,19,20,21,22
4 4 1,2,3,4,5,6,7,8,9,10,11,12,13,14,15,16,17,18,19,20,21,22
4 5 2,3,4,5,6,7,8,9,10,11,12,13,14,15,16,17,18,19,20,21,22
4 6 3,4,5,6,7,8,9,10,11,12,13,14,15,16,17,18,19,20,21,22
4 7 2,3,4,5,6,7,8,9,10,11,12,13,14,15,16,17,18,19,20,21,22
4 8 2,3,4,5,6,7,8,9,10,11,12,13,14,15,16,17,18,19,20,21,22
4 9 2,3,4,5,6,7,8,9,10,11,12,13,14,15,16,17,18,19,20,21,22
4 10 2,3,4,5,6,7,8,9,10,11,12,13,14,15,16,17,18,19,20,21,22
4 11 2,3,4,5,6,7,8,9,10,11,12,13,14,15,16,17,18,19,20,21,22
4 12 2,3,4,5,6,7,8,9,10,11,12,13,14,15,16,17,18,19,20,21,22
4 13 2,3,4,5,6,7,8,9,10,11,12,13,14,15,16,17,18,19,20,21,22
4 14 2,3,4,5,6,7,8,9,10,11,12,13,14,15,16,17,18,19,20,21,22
4 15 2,3,4,5,6,7,8,9,10,11,12,13,14,15,16,17,18,19,20,21,22
4 16 2,3,4,5,6,7,8,9,10,11,12,13,14,15,16,17,18,19,20,21,22
4 17 2,3,4,5,6,7,8,9,10,11,12,13,14,15,16,17,18,19,20,21,22
4 18 2,3,4,5,6,7,8,9,10,11,12,13,14,15,16,17,18,19,20,21,22
4 19 2,3,4,5,6,7,8,9,10,11,12,13,14,15,16,17,18,19,20,21,22
4 20 2,3,4,5,6,7,8,9,10,11,12,13,14,15,16,17,18,19,20,21,22
4 21 2,3,4,5,6,7,8,9,10,11,12,13,14,15,16,17,18,19,20,21,22
4 22 2,3,4,5,6,7,8,9,10,11,12,13,14,15,16,17,18,19,20,21,22
5 1 5
5 2 2,3,4,5,6,7,8,9,10,11,12,13,14,15,16,17,18,19,20,21,22
5 3 2,3,4,5,6,7,8,9,10,11,12,13,14,15,16,17,18,19,20,21,22
5 4 2,3,4,5,6,7,8,9,10,11,12,13,14,15,16,17,18,19,20,21,22
5 5 1,2,3,4,5,6,7,8,9,10,11,12,13,14,15,16,17,18,19,20,21,22
5 6 2,3,4,5,6,7,8,9,10,11,12,13,14,15,16,17,18,19,20,21,22
5 7 2,3,4,5,6,7,8,9,10,11,12,13,14,15,16,17,18,19,20,21,22
5 8 2,3,4,5,6,7,8,9,10,11,12,13,14,15,16,17,18,19,20,21,22
5 9 2,3,4,5,6,7,8,9,10,11,12,13,14,15,16,17,18,19,20,21,22
5 10 2,3,4,5,6,7,8,9,10,11,12,13,14,15,16,17,18,19,20,21,22
5 11 2,3,4,5,6,7,8,9,10,11,12,13,14,15,16,17,18,19,20,21,22
5 12 2,3,4,5,6,7,8,9,10,11,12,13,14,15,16,17,18,19,20,21,22
5 13 2,3,4,5,6,7,8,9,10,11,12,13,14,15,16,17,18,19,20,21,22
5 14 2,3,4,5,6,7,8,9,10,11,12,13,14,15,16,17,18,19,20,21,22
5 15 2,3,4,5,6,7,8,9,10,11,12,13,14,15,16,17,18,19,20,21,22
5 16 2,3,4,5,6,7,8,9,10,11,12,13,14,15,16,17,18,19,20,21,22
5 17 2,3,4,5,6,7,8,9,10,11,12,13,14,15,16,17,18,19,20,21,22
5 18 2,3,4,5,6,7,8,9,10,11,12,13,14,15,16,17,18,19,20,21,22
5 19 2,3,4,5,6,7,8,9,10,11,12,13,14,15,16,17,18,19,20,21,22
5 20 2,3,4,5,6,7,8,9,10,11,12,13,14,15,16,17,18,19,20,21,22
5 21 2,3,4,5,6,7,8,9,10,11,12,13,14,15,16,17,18,19,20,21,22
5 22 2,3,4,5,6,7,8,9,10,11,12,13,14,15,16,17,18,19,20,21,22
6 1 6
6 2 2,5,12,13,14,15,16
6 3 3,4,5,6,7,8,9,10,11,12,13,14,15,16,17,18,19,20,21,22
6 4 3,4,5,6,7,8,9,10,11,12,13,14,15,16,17,18,19,20,21,22
6 5 2,3,4,5,6,7,8,9,10,11,12,13,14,15,16,17,18,19,20,21,22
6 6 1,3,4,5,6,7,8,9,10,11,12
6 7 3,4,5,6,7,8,9,10,11,12,13,14,15,16,17,18,19,20,21,22
6 8 3,4,5,6,7,8,9,10,11,12,13,14,15,16,17,18,19,20,21,22
6 9 3,4,5,6,7,8,9,10,11,12,13,14,15,16,17,18,19,20,21,22
6 10 3,4,5,6,7,8,9,10,11,12,13,14,15,16,17,18,19,20,21,22
6 11 3,4,5,6,7,8,9,10,11,12,13,14,15,16,17,18,19,20,21,22
6 12 2,3,4,5,6,7,8,9,10,11,12,13,14,15,16,17,18,19,20,21,22
6 13 2,3,4,5,7,8,9,10,11,12,13,14,15,16,17,18,19,20,21,22
6 14 2,3,4,5,7,8,9,10,11,12,13,14,15,16,17,18,19,20,21,22
6 15 2,3,4,5,7,8,9,10,11,12,13,14,15,16,17,18,19,20,21,22
6 16 2,3,4,5,7,8,9,10,11,12,13,14,15,16,17,18,19,20,21,22
6 17 3,4,5,7,8,9,10,11,12,13,14,15,16,17,18,19,20,21,22
6 18 3,4,5,7,8,9,10,11,12,13,14,15,16,17,18,19,20,21,22
6 19 3,4,5,7,8,9,10,11,12,13,14,15,16,17,18,19,20,21,22
6 20 3,4,5,7,8,9,10,11,12,13,14,15,16,17,18,19,20,21,22
6 21 3,4,5,7,8,9,10,11,12,13,14,15,16,17,18,19,20,21,22
6 22 3,4,5,7,8,9,10,11,12,13,14,15,16,17,18,19,20,21,22
7 1 7
7 2 2,3,4,5,7,10,11,12,13,14,15,16,17,18,19,20,21,22
7 3 2,3,4,5,6,7,8,9,10,11,12,13,14,15,16,17,18,19,20,21,22
7 4 2,3,4,5,6,7,8,9,10,11,12,13,14,15,16,17,18,19,20,21,22
7 5 2,3,4,5,6,7,8,9,10,11,12,13,14,15,16,17,18,19,20,21,22
7 6 3,4,5,6,7,8,9,10,11,12,13,14,15,16,17,18,19,20,21,22
7 7 1,2,3,4,5,6,7,8,9,10,11,12,13,14,15,16,17,18,19,20,21,22
7 8 3,4,5,6,7,8,9,10,11,12,13,14,15,16,17,18,19,20,21,22
7 9 3,4,5,6,7,8,9,10,11,12,13,14,15,16,17,18,19,20,21,22
7 10 2,3,4,5,6,7,8,9,10,11,12,13,14,15,16,17,18,19,20,21,22
7 11 2,3,4,5,6,7,8,9,10,11,12,13,14,15,16,17,18,19,20,21,22
7 12 2,3,4,5,6,7,8,9,10,11,12,13,14,15,16,17,18,19,20,21,22
7 13 2,3,4,5,6,7,8,9,10,11,12,13,14,15,16,17,18,19,20,21,22
7 14 2,3,4,5,6,7,8,9,10,11,12,13,14,15,16,17,18,19,20,21,22
7 15 2,3,4,5,6,7,8,9,10,11,12,13,14,15,16,17,18,19,20,21,22
7 16 2,3,4,5,6,7,8,9,10,11,12,13,14,15,16,17,18,19,20,21,22
7 17 2,3,4,5,6,7,8,9,10,11,12,13,14,15,16,17,18,19,20,21,22
7 18 2,3,4,5,6,7,8,9,10,11,12,13,14,15,16,17,18,19,20,21,22
7 19 2,3,4,5,6,7,8,9,10,11,12,13,14,15,16,17,18,19,20,21,22
7 20 2,3,4,5,6,7,8,9,10,11,12,13,14,15,16,17,18,19,20,21,22
7 21 2,3,4,5,6,7,8,9,10,11,12,13,14,15,16,17,18,19,20,21,22
7 22 2,3,4,5,6,7,8,9,10,11,12,13,14,15,16,17,18,19,20,21,22
8 1 8
8 2 2,3,4,5,8,10,11,12,13,14,15,16,17,18,19,20,21,22
8 3 2,3,4,5,6,7,8,9,10,11,12,13,14,15,16,17,18,19,20,21,22
8 4 2,3,4,5,6,7,8,9,10,11,12,13,14,15,16,17,18,19,20,21,22
8 5 2,3,4,5,6,7,8,9,10,11,12,13,14,15,16,17,18,19,20,21,22
8 6 3,4,5,6,7,8,9,10,11,12,13,14,15,16,17,18,19,20,21,22
8 7 3,4,5,6,7,8,9,10,11,12,13,14,15,16,17,18,19,20,21,22
8 8 1,2,3,4,5,6,7,8,9,10,11,12,13,14,15,16,17,18,19,20,21,22
8 9 3,4,5,6,7,8,9,10,11,12,13,14,15,16,17,18,19,20,21,22
8 10 2,3,4,5,6,7,8,9,10,11,12,13,14,15,16,17,18,19,20,21,22
8 11 2,3,4,5,6,7,8,9,10,11,12,13,14,15,16,17,18,19,20,21,22
8 12 2,3,4,5,6,7,8,9,10,11,12,13,14,15,16,17,18,19,20,21,22
8 13 2,3,4,5,6,7,8,9,10,11,12,13,14,15,16,17,18,19,20,21,22
8 14 2,3,4,5,6,7,8,9,10,11,12,13,14,15,16,17,18,19,20,21,22
8 15 2,3,4,5,6,7,8,9,10,11,12,13,14,15,16,17,18,19,20,21,22
8 16 2,3,4,5,6,7,8,9,10,11,12,13,14,15,16,17,18,19,20,21,22
8 17 2,3,4,5,6,7,8,9,10,11,12,13,14,15,16,17,18,19,20,21,22
8 18 2,3,4,5,6,7,8,9,10,11,12,13,14,15,16,17,18,19,20,21,22
8 19 2,3,4,5,6,7,8,9,10,11,12,13,14,15,16,17,18,19,20,21,22
8 20 2,3,4,5,6,7,8,9,10,11,12,13,14,15,16,17,18,19,20,21,22
8 21 2,3,4,5,6,7,8,9,10,11,12,13,14,15,16,17,18,19,20,21,22
8 22 2,3,4,5,6,7,8,9,10,11,12,13,14,15,16,17,18,19,20,21,22
9 1 9
9 2 2,3,4,5,9,10,11,12,13,14,15,16,17,18,19,20,21,22
9 3 2,3,4,5,6,7,8,9,10,11,12,13,14,15,16,17,18,19,20,21,22
9 4 2,3,4,5,6,7,8,9,10,11,12,13,14,15,16,17,18,19,20,21,22
9 5 2,3,4,5,6,7,8,9,10,11,12,13,14,15,16,17,18,19,20,21,22
9 6 3,4,5,6,7,8,9,10,11,12,13,14,15,16,17,18,19,20,21,22
9 7 3,4,5,6,7,8,9,10,11,12,13,14,15,16,17,18,19,20,21,22
9 8 3,4,5,6,7,8,9,10,11,12,13,14,15,16,17,18,19,20,21,22
9 9 1,2,3,4,5,6,7,8,9,10,11,12,13,14,15,16,17,18,19,20,21,22
9 10 2,3,4,5,6,7,8,9,10,11,12,13,14,15,16,17,18,19,20,21,22
9 11 2,3,4,5,6,7,8,9,10,11,12,13,14,15,16,17,18,19,20,21,22
9 12 2,3,4,5,6,7,8,9,10,11,12,13,14,15,16,17,18,19,20,21,22
9 13 2,3,4,5,6,7,8,9,10,11,12,13,14,15,16,17,18,19,20,21,22
9 14 2,3,4,5,6,7,8,9,10,11,12,13,14,15,16,17,18,19,20,21,22
9 15 2,3,4,5,6,7,8,9,10,11,12,13,14,15,16,17,18,19,20,21,22
9 16 2,3,4,5,6,7,8,9,10,11,12,13,14,15,16,17,18,19,20,21,22
9 17 2,3,4,5,6,7,8,9,10,11,12,13,14,15,16,17,18,19,20,21,22
9 18 2,3,4,5,6,7,8,9,10,11,12,13,14,15,16,17,18,19,20,21,22
9 19 2,3,4,5,6,7,8,9,10,11,12,13,14,15,16,17,18,19,20,21,22
9 20 2,3,4,5,6,7,8,9,10,11,12,13,14,15,16,17,18,19,20,21,22
9 21 2,3,4,5,6,7,8,9,10,11,12,13,14,15,16,17,18,19,20,21,22
9 22 2,3,4,5,6,7,8,9,10,11,12,13,14,15,16,17,18,19,20,21,22
10 1 10
10 2 2,3,4,5,7,8,9,10,11,12,13,14,15,16,17,18,19,20,21,22
10 3 2,3,4,5,6,7,8,9,10,11,12,13,14,15,16,17,18,19,20,21,22
10 4 2,3,4,5,6,7,8,9,10,11,12,13,14,15,16,17,18,19,20,21,22
10 5 2,3,4,5,6,7,8,9,10,11,12,13,14,15,16,17,18,19,20,21,22
10 6 3,4,5,6,7,8,9,10,11,12,13,14,15,16,17,18,19,20,21,22
10 7 2,3,4,5,6,7,8,9,10,11,12,13,14,15,16,17,18,19,20,21,22
10 8 2,3,4,5,6,7,8,9,10,11,12,13,14,15,16,17,18,19,20,21,22
10 9 2,3,4,5,6,7,8,9,10,11,12,13,14,15,16,17,18,19,20,21,22
10 10 1,2,3,4,5,6,7,8,9,10,11,12,13,14,15,16,17,18,19,20,21,22
10 11 2,3,4,5,6,7,8,9,10,11,12,13,14,15,16,17,18,19,20,21,22
10 12 2,3,4,5,6,7,8,9,10,11,12,13,14,15,16,17,18,19,20,21,22
10 13 2,3,4,5,6,7,8,9,10,11,12,13,14,15,16,17,18,19,20,21,22
10 14 2,3,4,5,6,7,8,9,10,11,12,13,14,15,16,17,18,19,20,21,22
10 15 2,3,4,5,6,7,8,9,10,11,12,13,14,15,16,17,18,19,20,21,22
10 16 2,3,4,5,6,7,8,9,10,11,12,13,14,15,16,17,18,19,20,21,22
10 17 2,3,4,5,6,7,8,9,10,11,12,13,14,15,16,17,18,19,20,21,22
10 18 2,3,4,5,6,7,8,9,10,11,12,13,14,15,16,17,18,19,20,21,22
10 19 2,3,4,5,6,7,8,9,10,11,12,13,14,15,16,17,18,19,20,21,22
10 20 2,3,4,5,6,7,8,9,10,11,12,13,14,15,16,17,18,19,20,21,22
10 21 2,3,4,5,6,7,8,9,10,11,12,13,14,15,16,17,18,19,20,21,22
10 22 2,3,4,5,6,7,8,9,10,11,12,13,14,15,16,17,18,19,20,21,22
11 1 11
11 2 2,3,4,5,7,8,9,10,11,12,13,14,15,16,17,18,19,20,21,22
11 3 2,3,4,5,6,7,8,9,10,11,12,13,14,15,16,17,18,19,20,21,22
11 4 2,3,4,5,6,7,8,9,10,11,12,13,14,15,16,17,18,19,20,21,22
11 5 2,3,4,5,6,7,8,9,10,11,12,13,14,15,16,17,18,19,20,21,22
11 6 3,4,5,6,7,8,9,10,11,12,13,14,15,16,17,18,19,20,21,22
11 7 2,3,4,5,6,7,8,9,10,11,12,13,14,15,16,17,18,19,20,21,22
11 8 2,3,4,5,6,7,8,9,10,11,12,13,14,15,16,17,18,19,20,21,22
11 9 2,3,4,5,6,7,8,9,10,11,12,13,14,15,16,17,18,19,20,21,22
11 10 2,3,4,5,6,7,8,9,10,11,12,13,14,15,16,17,18,19,20,21,22
11 11 1,2,3,4,5,6,7,8,9,10,11,12,13,14,15,16,17,18,19,20,21,22
11 12 2,3,4,5,6,7,8,9,10,11,12,13,14,15,16,17,18,19,20,21,22
11 13 2,3,4,5,6,7,8,9,10,11,12,13,14,15,16,17,18,19,20,21,22
11 14 2,3,4,5,6,7,8,9,10,11,12,13,14,15,16,17,18,19,20,21,22
11 15 2,3,4,5,6,7,8,9,10,11,12,13,14,15,16,17,18,19,20,21,22
11 16 2,3,4,5,6,7,8,9,10,11,12,13,14,15,16,17,18,19,20,21,22
11 17 2,3,4,5,6,7,8,9,10,11,12,13,14,15,16,17,18,19,20,21,22
11 18 2,3,4,5,6,7,8,9,10,11,12,13,14,15,16,17,18,19,20,21,22
11 19 2,3,4,5,6,7,8,9,10,11,12,13,14,15,16,17,18,19,20,21,22
11 20 2,3,4,5,6,7,8,9,10,11,12,13,14,15,16,17,18,19,20,21,22
11 21 2,3,4,5,6,7,8,9,10,11,12,13,14,15,16,17,18,19,20,21,22
11 22 2,3,4,5,6,7,8,9,10,11,12,13,14,15,16,17,18,19,20,21,22
12 1 12
12 2 2,3,4,5,6,7,8,9,10,11,12,13,14,15,16,17,18,19,20,21,22
12 3 2,3,4,5,6,7,8,9,10,11,12,13,14,15,16,17,18,19,20,21,22
12 4 2,3,4,5,6,7,8,9,10,11,12,13,14,15,16,17,18,19,20,21,22
12 5 2,3,4,5,6,7,8,9,10,11,12,13,14,15,16,17,18,19,20,21,22
12 6 2,3,4,5,6,7,8,9,10,11,12,13,14,15,16,17,18,19,20,21,22
12 7 2,3,4,5,6,7,8,9,10,11,12,13,14,15,16,17,18,19,20,21,22
12 8 2,3,4,5,6,7,8,9,10,11,12,13,14,15,16,17,18,19,20,21,22
12 9 2,3,4,5,6,7,8,9,10,11,12,13,14,15,16,17,18,19,20,21,22
12 10 2,3,4,5,6,7,8,9,10,11,12,13,14,15,16,17,18,19,20,21,22
12 11 2,3,4,5,6,7,8,9,10,11,12,13,14,15,16,17,18,19,20,21,22
12 12 1,2,3,4,5,6,7,8,9,10,11,12,13,14,15,16,17,18,19,20,21,22
12 13 2,3,4,5,6,7,8,9,10,11,12,13,14,15,16,17,18,19,20,21,22
12 14 2,3,4,5,6,7,8,9,10,11,12,13,14,15,16,17,18,19,20,21,22
12 15 2,3,4,5,6,7,8,9,10,11,12,13,14,15,16,17,18,19,20,21,22
12 16 2,3,4,5,6,7,8,9,10,11,12,13,14,15,16,17,18,19,20,21,22
12 17 2,3,4,5,6,7,8,9,10,11,12,13,14,15,16,17,18,19,20,21,22
12 18 2,3,4,5,6,7,8,9,10,11,12,13,14,15,16,17,18,19,20,21,22
12 19 2,3,4,5,6,7,8,9,10,11,12,13,14,15,16,17,18,19,20,21,22
12 20 2,3,4,5,6,7,8,9,10,11,12,13,14,15,16,17,18,19,20,21,22
12 21 2,3,4,5,6,7,8,9,10,11,12,13,14,15,16,17,18,19,20,21,22
12 22 2,3,4,5,6,7,8,9,10,11,12,13,14,15,16,17,18,19,20,21,22
13 1 13
13 2 3,4,5,6,7,8,9,10,11,12,13,14,15,16,17,18,19,20,21,22
13 3 2,3,4,5,6,7,8,9,10,11,12,13,14,15,16,17,18,19,20,21,22
13 4 2,3,4,5,6,7,8,9,10,11,12,13,14,15,16,17,18,19,20,21,22
13 5 2,3,4,5,6,7,8,9,10,11,12,13,14,15,16,17,18,19,20,21,22
13 6 2,3,4,5,7,8,9,10,11,12,13,14,15,16,17,18,19,20,21,22
13 7 2,3,4,5,6,7,8,9,10,11,12,13,14,15,16,17,18,19,20,21,22
13 8 2,3,4,5,6,7,8,9,10,11,12,13,14,15,16,17,18,19,20,21,22
13 9 2,3,4,5,6,7,8,9,10,11,12,13,14,15,16,17,18,19,20,21,22
13 10 2,3,4,5,6,7,8,9,10,11,12,13,14,15,16,17,18,19,20,21,22
13 11 2,3,4,5,6,7,8,9,10,11,12,13,14,15,16,17,18,19,20,21,22
13 12 2,3,4,5,6,7,8,9,10,11,12,13,14,15,16,17,18,19,20,21,22
13 13 2,3,4,5,6,7,8,9,10,11,12,13,14,15,16,17,18,19,20,21,22
13 14 1,2,3,4,5,6,7,8,9,10,11,12,13,14,15,16,17,18,19,20,21,22
13 15 2,3,4,5,6,7,8,9,10,11,12,13,14,15,16,17,18,19,20,21,22
13 16 2,3,4,5,6,7,8,9,10,11,12,13,14,15,16,17,18,19,20,21,22
13 17 2,3,4,5,6,7,8,9,10,11,12,13,14,15,16,17,18,19,20,21,22
13 18 2,3,4,5,6,7,8,9,10,11,12,13,14,15,16,17,18,19,20,21,22
13 19 2,3,4,5,6,7,8,9,10,11,12,13,14,15,16,17,18,19,20,21,22
13 20 2,3,4,5,6,7,8,9,10,11,12,13,14,15,16,17,18,19,20,21,22
13 21 2,3,4,5,6,7,8,9,10,11,12,13,14,15,16,17,18,19,20,21,22
13 22 2,3,4,5,6,7,8,9,10,11,12,13,14,15,16,17,18,19,20,21,22
14 1 14
14 2 3,4,5,6,7,8,9,10,11,12,13,14,15,16,17,18,19,20,21,22
14 3 2,3,4,5,6,7,8,9,10,11,12,13,14,15,16,17,18,19,20,21,22
14 4 2,3,4,5,6,7,8,9,10,11,12,13,14,15,16,17,18,19,20,21,22
14 5 2,3,4,5,6,7,8,9,10,11,12,13,14,15,16,17,18,19,20,21,22
14 6 2,3,4,5,7,8,9,10,11,12,13,14,15,16,17,18,19,20,21,22
14 7 2,3,4,5,6,7,8,9,10,11,12,13,14,15,16,17,18,19,20,21,22
14 8 2,3,4,5,6,7,8,9,10,11,12,13,14,15,16,17,18,19,20,21,22
14 9 2,3,4,5,6,7,8,9,10,11,12,13,14,15,16,17,18,19,20,21,22
14 10 2,3,4,5,6,7,8,9,10,11,12,13,14,15,16,17,18,19,20,21,22
14 11 2,3,4,5,6,7,8,9,10,11,12,13,14,15,16,17,18,19,20,21,22
14 12 2,3,4,5,6,7,8,9,10,11,12,13,14,15,16,17,18,19,20,21,22
14 13 1,2,3,4,5,6,7,8,9,10,11,12,13,14,15,16,17,18,19,20,21,22
14 14 2,3,4,5,6,7,8,9,10,11,12,13,14,15,16,17,18,19,20,21,22
14 15 2,3,4,5,6,7,8,9,10,11,12,13,14,15,16,17,18,19,20,21,22
14 16 2,3,4,5,6,7,8,9,10,11,12,13,14,15,16,17,18,19,20,21,22
14 17 2,3,4,5,6,7,8,9,10,11,12,13,14,15,16,17,18,19,20,21,22
14 18 2,3,4,5,6,7,8,9,10,11,12,13,14,15,16,17,18,19,20,21,22
14 19 2,3,4,5,6,7,8,9,10,11,12,13,14,15,16,17,18,19,20,21,22
14 20 2,3,4,5,6,7,8,9,10,11,12,13,14,15,16,17,18,19,20,21,22
14 21 2,3,4,5,6,7,8,9,10,11,12,13,14,15,16,17,18,19,20,21,22
14 22 2,3,4,5,6,7,8,9,10,11,12,13,14,15,16,17,18,19,20,21,22
15 1 15
15 2 3,4,5,6,7,8,9,10,11,12,13,14,15,16,17,18,19,20,21,22
15 3 2,3,4,5,6,7,8,9,10,11,12,13,14,15,16,17,18,19,20,21,22
15 4 2,3,4,5,6,7,8,9,10,11,12,13,14,15,16,17,18,19,20,21,22
15 5 2,3,4,5,6,7,8,9,10,11,12,13,14,15,16,17,18,19,20,21,22
15 6 2,3,4,5,7,8,9,10,11,12,13,14,15,16,17,18,19,20,21,22
15 7 2,3,4,5,6,7,8,9,10,11,12,13,14,15,16,17,18,19,20,21,22
15 8 2,3,4,5,6,7,8,9,10,11,12,13,14,15,16,17,18,19,20,21,22
15 9 2,3,4,5,6,7,8,9,10,11,12,13,14,15,16,17,18,19,20,21,22
15 10 2,3,4,5,6,7,8,9,10,11,12,13,14,15,16,17,18,19,20,21,22
15 11 2,3,4,5,6,7,8,9,10,11,12,13,14,15,16,17,18,19,20,21,22
15 12 2,3,4,5,6,7,8,9,10,11,12,13,14,15,16,17,18,19,20,21,22
15 13 2,3,4,5,6,7,8,9,10,11,12,13,14,15,16,17,18,19,20,21,22
15 14 2,3,4,5,6,7,8,9,10,11,12,13,14,15,16,17,18,19,20,21,22
15 15 2,3,4,5,6,7,8,9,10,11,12,13,14,15,16,17,18,19,20,21,22
15 16 1,2,3,4,5,6,7,8,9,10,11,12,13,14,15,16,17,18,19,20,21,22
15 17 2,3,4,5,6,7,8,9,10,11,12,13,14,15,16,17,18,19,20,21,22
15 18 2,3,4,5,6,7,8,9,10,11,12,13,14,15,16,17,18,19,20,21,22
15 19 2,3,4,5,6,7,8,9,10,11,12,13,14,15,16,17,18,19,20,21,22
15 20 2,3,4,5,6,7,8,9,10,11,12,13,14,15,16,17,18,19,20,21,22
15 21 2,3,4,5,6,7,8,9,10,11,12,13,14,15,16,17,18,19,20,21,22
15 22 2,3,4,5,6,7,8,9,10,11,12,13,14,15,16,17,18,19,20,21,22
16 1 16
16 2 3,4,5,6,7,8,9,10,11,12,13,14,15,16,17,18,19,20,21,22
16 3 2,3,4,5,6,7,8,9,10,11,12,13,14,15,16,17,18,19,20,21,22
16 4 2,3,4,5,6,7,8,9,10,11,12,13,14,15,16,17,18,19,20,21,22
16 5 2,3,4,5,6,7,8,9,10,11,12,13,14,15,16,17,18,19,20,21,22
16 6 2,3,4,5,7,8,9,10,11,12,13,14,15,16,17,18,19,20,21,22
16 7 2,3,4,5,6,7,8,9,10,11,12,13,14,15,16,17,18,19,20,21,22
16 8 2,3,4,5,6,7,8,9,10,11,12,13,14,15,16,17,18,19,20,21,22
16 9 2,3,4,5,6,7,8,9,10,11,12,13,14,15,16,17,18,19,20,21,22
16 10 2,3,4,5,6,7,8,9,10,11,12,13,14,15,16,17,18,19,20,21,22
16 11 2,3,4,5,6,7,8,9,10,11,12,13,14,15,16,17,18,19,20,21,22
16 12 2,3,4,5,6,7,8,9,10,11,12,13,14,15,16,17,18,19,20,21,22
16 13 2,3,4,5,6,7,8,9,10,11,12,13,14,15,16,17,18,19,20,21,22
16 14 2,3,4,5,6,7,8,9,10,11,12,13,14,15,16,17,18,19,20,21,22
16 15 1,2,3,4,5,6,7,8,9,10,11,12,13,14,15,16,17,18,19,20,21,22
16 16 2,3,4,5,6,7,8,9,10,11,12,13,14,15,16,17,18,19,20,21,22
16 17 2,3,4,5,6,7,8,9,10,11,12,13,14,15,16,17,18,19,20,21,22
16 18 2,3,4,5,6,7,8,9,10,11,12,13,14,15,16,17,18,19,20,21,22
16 19 2,3,4,5,6,7,8,9,10,11,12,13,14,15,16,17,18,19,20,21,22
16 20 2,3,4,5,6,7,8,9,10,11,12,13,14,15,16,17,18,19,20,21,22
16 21 2,3,4,5,6,7,8,9,10,11,12,13,14,15,16,17,18,19,20,21,22
16 22 2,3,4,5,6,7,8,9,10,11,12,13,14,15,16,17,18,19,20,21,22
17 1 17
17 2 3,4,5,7,8,9,10,11,12,13,14,15,16,17,18,19,20,21,22
17 3 2,3,4,5,6,7,8,9,10,11,12,13,14,15,16,17,18,19,20,21,22
17 4 2,3,4,5,6,7,8,9,10,11,12,13,14,15,16,17,18,19,20,21,22
17 5 2,3,4,5,6,7,8,9,10,11,12,13,14,15,16,17,18,19,20,21,22
17 6 3,4,5,7,8,9,10,11,12,13,14,15,16,17,18,19,20,21,22
17 7 2,3,4,5,6,7,8,9,10,11,12,13,14,15,16,17,18,19,20,21,22
17 8 2,3,4,5,6,7,8,9,10,11,12,13,14,15,16,17,18,19,20,21,22
17 9 2,3,4,5,6,7,8,9,10,11,12,13,14,15,16,17,18,19,20,21,22
17 10 2,3,4,5,6,7,8,9,10,11,12,13,14,15,16,17,18,19,20,21,22
17 11 2,3,4,5,6,7,8,9,10,11,12,13,14,15,16,17,18,19,20,21,22
17 12 2,3,4,5,6,7,8,9,10,11,12,13,14,15,16,17,18,19,20,21,22
17 13 2,3,4,5,6,7,8,9,10,11,12,13,14,15,16,17,18,19,20,21,22
17 14 2,3,4,5,6,7,8,9,10,11,12,13,14,15,16,17,18,19,20,21,22
17 15 2,3,4,5,6,7,8,9,10,11,12,13,14,15,16,17,18,19,20,21,22
17 16 2,3,4,5,6,7,8,9,10,11,12,13,14,15,16,17,18,19,20,21,22
17 17 2,3,4,5,6,7,8,9,10,11,12,13,14,15,16,17,18,19,20,21,22
17 18 1,2,3,4,5,6,7,8,9,10,11,12,13,14,15,16,17,18,19,20,21,22
17 19 2,3,4,5,6,7,8,9,10,11,12,13,14,15,16,17,18,19,20,21,22
17 20 2,3,4,5,6,7,8,9,10,11,12,13,14,15,16,17,18,19,20,21,22
17 21 2,3,4,5,6,7,8,9,10,11,12,13,14,15,16,17,18,19,20,21,22
17 22 2,3,4,5,6,7,8,9,10,11,12,13,14,15,16,17,18,19,20,21,22
18 1 18
18 2 3,4,5,7,8,9,10,11,12,13,14,15,16,17,18,19,20,21,22
18 3 2,3,4,5,6,7,8,9,10,11,12,13,14,15,16,17,18,19,20,21,22
18 4 2,3,4,5,6,7,8,9,10,11,12,13,14,15,16,17,18,19,20,21,22
18 5 2,3,4,5,6,7,8,9,10,11,12,13,14,15,16,17,18,19,20,21,22
18 6 3,4,5,7,8,9,10,11,12,13,14,15,16,17,18,19,20,21,22
18 7 2,3,4,5,6,7,8,9,10,11,12,13,14,15,16,17,18,19,20,21,22
18 8 2,3,4,5,6,7,8,9,10,11,12,13,14,15,16,17,18,19,20,21,22
18 9 2,3,4,5,6,7,8,9,10,11,12,13,14,15,16,17,18,19,20,21,22
18 10 2,3,4,5,6,7,8,9,10,11,12,13,14,15,16,17,18,19,20,21,22
18 11 2,3,4,5,6,7,8,9,10,11,12,13,14,15,16,17,18,19,20,21,22
18 12 2,3,4,5,6,7,8,9,10,11,12,13,14,15,16,17,18,19,20,21,22
18 13 2,3,4,5,6,7,8,9,10,11,12,13,14,15,16,17,18,19,20,21,22
18 14 2,3,4,5,6,7,8,9,10,11,12,13,14,15,16,17,18,19,20,21,22
18 15 2,3,4,5,6,7,8,9,10,11,12,13,14,15,16,17,18,19,20,21,22
18 16 2,3,4,5,6,7,8,9,10,11,12,13,14,15,16,17,18,19,20,21,22
18 17 1,2,3,4,5,6,7,8,9,10,11,12,13,14,15,16,17,18,19,20,21,22
18 18 2,3,4,5,6,7,8,9,10,11,12,13,14,15,16,17,18,19,20,21,22
18 19 2,3,4,5,6,7,8,9,10,11,12,13,14,15,16,17,18,19,20,21,22
18 20 2,3,4,5,6,7,8,9,10,11,12,13,14,15,16,17,18,19,20,21,22
18 21 2,3,4,5,6,7,8,9,10,11,12,13,14,15,16,17,18,19,20,21,22
18 22 2,3,4,5,6,7,8,9,10,11,12,13,14,15,16,17,18,19,20,21,22
19 1 19
19 2 3,4,5,7,8,9,10,11,12,13,14,15,16,17,18,19,20,21,22
19 3 2,3,4,5,6,7,8,9,10,11,12,13,14,15,16,17,18,19,20,21,22
19 4 2,3,4,5,6,7,8,9,10,11,12,13,14,15,16,17,18,19,20,21,22
19 5 2,3,4,5,6,7,8,9,10,11,12,13,14,15,16,17,18,19,20,21,22
19 6 3,4,5,7,8,9,10,11,12,13,14,15,16,17,18,19,20,21,22
19 7 2,3,4,5,6,7,8,9,10,11,12,13,14,15,16,17,18,19,20,21,22
19 8 2,3,4,5,6,7,8,9,10,11,12,13,14,15,16,17,18,19,20,21,22
19 9 2,3,4,5,6,7,8,9,10,11,12,13,14,15,16,17,18,19,20,21,22
19 10 2,3,4,5,6,7,8,9,10,11,12,13,14,15,16,17,18,19,20,21,22
19 11 2,3,4,5,6,7,8,9,10,11,12,13,14,15,16,17,18,19,20,21,22
19 12 2,3,4,5,6,7,8,9,10,11,12,13,14,15,16,17,18,19,20,21,22
19 13 2,3,4,5,6,7,8,9,10,11,12,13,14,15,16,17,18,19,20,21,22
19 14 2,3,4,5,6,7,8,9,10,11,12,13,14,15,16,17,18,19,20,21,22
19 15 2,3,4,5,6,7,8,9,10,11,12,13,14,15,16,17,18,19,20,21,22
19 16 2,3,4,5,6,7,8,9,10,11,12,13,14,15,16,17,18,19,20,21,22
19 17 2,3,4,5,6,7,8,9,10,11,12,13,14,15,16,17,18,19,20,21,22
19 18 2,3,4,5,6,7,8,9,10,11,12,13,14,15,16,17,18,19,20,21,22
19 19 2,3,4,5,6,7,8,9,10,11,12,13,14,15,16,17,18,19,20,21,22
19 20 1,2,3,4,5,6,7,8,9,10,11,12,13,14,15,16,17,18,19,20,21,22
19 21 2,3,4,5,6,7,8,9,10,11,12,13,14,15,16,17,18,19,20,21,22
19 22 2,3,4,5,6,7,8,9,10,11,12,13,14,15,16,17,18,19,20,21,22
20 1 20
20 2 3,4,5,7,8,9,10,11,12,13,14,15,16,17,18,19,20,21,22
20 3 2,3,4,5,6,7,8,9,10,11,12,13,14,15,16,17,18,19,20,21,22
20 4 2,3,4,5,6,7,8,9,10,11,12,13,14,15,16,17,18,19,20,21,22
20 5 2,3,4,5,6,7,8,9,10,11,12,13,14,15,16,17,18,19,20,21,22
20 6 3,4,5,7,8,9,10,11,12,13,14,15,16,17,18,19,20,21,22
20 7 2,3,4,5,6,7,8,9,10,11,12,13,14,15,16,17,18,19,20,21,22
20 8 2,3,4,5,6,7,8,9,10,11,12,13,14,15,16,17,18,19,20,21,22
20 9 2,3,4,5,6,7,8,9,10,11,12,13,14,15,16,17,18,19,20,21,22
20 10 2,3,4,5,6,7,8,9,10,11,12,13,14,15,16,17,18,19,20,21,22
20 11 2,3,4,5,6,7,8,9,10,11,12,13,14,15,16,17,18,19,20,21,22
20 12 2,3,4,5,6,7,8,9,10,11,12,13,14,15,16,17,18,19,20,21,22
20 13 2,3,4,5,6,7,8,9,10,11,12,13,14,15,16,17,18,19,20,21,22
20 14 2,3,4,5,6,7,8,9,10,11,12,13,14,15,16,17,18,19,20,21,22
20 15 2,3,4,5,6,7,8,9,10,11,12,13,14,15,16,17,18,19,20,21,22
20 16 2,3,4,5,6,7,8,9,10,11,12,13,14,15,16,17,18,19,20,21,22
20 17 2,3,4,5,6,7,8,9,10,11,12,13,14,15,16,17,18,19,20,21,22
20 18 2,3,4,5,6,7,8,9,10,11,12,13,14,15,16,17,18,19,20,21,22
20 19 1,2,3,4,5,6,7,8,9,10,11,12,13,14,15,16,17,18,19,20,21,22
20 20 2,3,4,5,6,7,8,9,10,11,12,13,14,15,16,17,18,19,20,21,22
20 21 2,3,4,5,6,7,8,9,10,11,12,13,14,15,16,17,18,19,20,21,22
20 22 2,3,4,5,6,7,8,9,10,11,12,13,14,15,16,17,18,19,20,21,22
21 1 21
21 2 3,4,5,7,8,9,10,11,12,13,14,15,16,17,18,19,20,21,22
21 3 2,3,4,5,6,7,8,9,10,11,12,13,14,15,16,17,18,19,20,21,22
21 4 2,3,4,5,6,7,8,9,10,11,12,13,14,15,16,17,18,19,20,21,22
21 5 2,3,4,5,6,7,8,9,10,11,12,13,14,15,16,17,18,19,20,21,22
21 6 3,4,5,7,8,9,10,11,12,13,14,15,16,17,18,19,20,21,22
21 7 2,3,4,5,6,7,8,9,10,11,12,13,14,15,16,17,18,19,20,21,22
21 8 2,3,4,5,6,7,8,9,10,11,12,13,14,15,16,17,18,19,20,21,22
21 9 2,3,4,5,6,7,8,9,10,11,12,13,14,15,16,17,18,19,20,21,22
21 10 2,3,4,5,6,7,8,9,10,11,12,13,14,15,16,17,18,19,20,21,22
21 11 2,3,4,5,6,7,8,9,10,11,12,13,14,15,16,17,18,19,20,21,22
21 12 2,3,4,5,6,7,8,9,10,11,12,13,14,15,16,17,18,19,20,21,22
21 13 2,3,4,5,6,7,8,9,10,11,12,13,14,15,16,17,18,19,20,21,22
21 14 2,3,4,5,6,7,8,9,10,11,12,13,14,15,16,17,18,19,20,21,22
21 15 2,3,4,5,6,7,8,9,10,11,12,13,14,15,16,17,18,19,20,21,22
21 16 2,3,4,5,6,7,8,9,10,11,12,13,14,15,16,17,18,19,20,21,22
21 17 2,3,4,5,6,7,8,9,10,11,12,13,14,15,16,17,18,19,20,21,22
21 18 2,3,4,5,6,7,8,9,10,11,12,13,14,15,16,17,18,19,20,21,22
21 19 2,3,4,5,6,7,8,9,10,11,12,13,14,15,16,17,18,19,20,21,22
21 20 2,3,4,5,6,7,8,9,10,11,12,13,14,15,16,17,18,19,20,21,22
21 21 2,3,4,5,6,7,8,9,10,11,12,13,14,15,16,17,18,19,20,21,22
21 22 1,2,3,4,5,6,7,8,9,10,11,12,13,14,15,16,17,18,19,20,21,22
22 1 22
22 2 3,4,5,7,8,9,10,11,12,13,14,15,16,17,18,19,20,21,22
22 3 2,3,4,5,6,7,8,9,10,11,12,13,14,15,16,17,18,19,20,21,22
22 4 2,3,4,5,6,7,8,9,10,11,12,13,14,15,16,17,18,19,20,21,22
22 5 2,3,4,5,6,7,8,9,10,11,12,13,14,15,16,17,18,19,20,21,22
22 6 3,4,5,7,8,9,10,11,12,13,14,15,16,17,18,19,20,21,22
22 7 2,3,4,5,6,7,8,9,10,11,12,13,14,15,16,17,18,19,20,21,22
22 8 2,3,4,5,6,7,8,9,10,11,12,13,14,15,16,17,18,19,20,21,22
22 9 2,3,4,5,6,7,8,9,10,11,12,13,14,15,16,17,18,19,20,21,22
22 10 2,3,4,5,6,7,8,9,10,11,12,13,14,15,16,17,18,19,20,21,22
22 11 2,3,4,5,6,7,8,9,10,11,12,13,14,15,16,17,18,19,20,21,22
22 12 2,3,4,5,6,7,8,9,10,11,12,13,14,15,16,17,18,19,20,21,22
22 13 2,3,4,5,6,7,8,9,10,11,12,13,14,15,16,17,18,19,20,21,22
22 14 2,3,4,5,6,7,8,9,10,11,12,13,14,15,16,17,18,19,20,21,22
22 15 2,3,4,5,6,7,8,9,10,11,12,13,14,15,16,17,18,19,20,21,22
22 16 2,3,4,5,6,7,8,9,10,11,12,13,14,15,16,17,18,19,20,21,22
22 17 2,3,4,5,6,7,8,9,10,11,12,13,14,15,16,17,18,19,20,21,22
22 18 2,3,4,5,6,7,8,9,10,11,12,13,14,15,16,17,18,19,20,21,22
22 19 2,3,4,5,6,7,8,9,10,11,12,13,14,15,16,17,18,19,20,21,22
22 20 2,3,4,5,6,7,8,9,10,11,12,13,14,15,16,17,18,19,20,21,22
22 21 1,2,3,4,5,6,7,8,9,10,11,12,13,14,15,16,17,18,19,20,21,22
22 22 2,3,4,5,6,7,8,9,10,11,12,13,14,15,16,17,18,19,20,21,22
