A5 |S|=60 f=7 Ord=[ 1, 2, 3, 4, 5, 6, 10, 12, 60 ]
PSL(2,7) |S|=168 f=9 Ord=[ 1, 2, 3, 4, 6, 7, 8, 12, 21, 24, 168 ]
A6 |S|=360 f=13 Ord=[ 1, 2, 3, 4, 5, 6, 8, 9, 10, 12, 18, 24, 36, 60, 360 ]
PSL(2,8) |S|=504 f=10 Ord=[ 1, 2, 3, 4, 6, 7, 8, 9, 14, 18, 56, 504 ]
PSL(2,11) |S|=660 f=10 Ord=[ 1, 2, 3, 4, 5, 6, 10, 11, 12, 55, 60, 660 ]
PSL(2,13) |S|=1092 f=11 Ord=[ 1, 2, 3, 4, 6, 7, 12, 13, 14, 26, 39, 78, 1092 ]
PSL(2,17) |S|=2448 f=14 Ord=[ 1, 2, 3, 4, 6, 8, 9, 12, 16, 17, 18, 24, 34, 
  68, 136, 2448 ]
A7 |S|=2520 f=20 Ord=[ 1, 2, 3, 4, 5, 6, 7, 8, 9, 10, 12, 18, 20, 21, 24, 36, 
  60, 72, 120, 168, 360, 2520 ]
PSL(2,19) |S|=3420 f=14 Ord=[ 1, 2, 3, 4, 5, 6, 9, 10, 12, 18, 19, 20, 57, 
  60, 171, 3420 ]
PSL(2,16) |S|=4080 f=17 Ord=[ 1, 2, 3, 4, 5, 6, 8, 10, 12, 15, 16, 17, 30, 
  34, 48, 60, 80, 240, 4080 ]
PSL(3,3) |S|=5616 f=21 Ord=[ 1, 2, 3, 4, 6, 8, 9, 12, 13, 16, 18, 24, 27, 36, 
  39, 48, 54, 72, 108, 144, 216, 432, 5616 ]
PSU(3,3) |S|=6048 f=20 Ord=[ 1, 2, 3, 4, 6, 7, 8, 9, 12, 16, 18, 21, 24, 27, 
  32, 48, 54, 96, 108, 168, 216, 6048 ]
PSL(2,23) |S|=6072 f=11 Ord=[ 1, 2, 3, 4, 6, 8, 11, 12, 22, 23, 24, 253, 6072 
 ]
PSL(2,25) |S|=7800 f=20 Ord=[ 1, 2, 3, 4, 5, 6, 8, 10, 12, 13, 20, 24, 25, 
  26, 50, 60, 75, 100, 120, 150, 300, 7800 ]
M11 |S|=7920 f=24 Ord=[ 1, 2, 3, 4, 5, 6, 8, 9, 10, 11, 12, 16, 18, 20, 24, 
  36, 48, 55, 60, 72, 120, 144, 360, 660, 720, 7920 ]
PSL(2,27) |S|=9828 f=12 Ord=[ 1, 2, 3, 4, 7, 9, 12, 13, 14, 26, 27, 28, 351, 
  9828 ]
PSL(2,29) |S|=12180 f=17 Ord=[ 1, 2, 3, 4, 5, 6, 7, 10, 12, 14, 15, 28, 29, 
  30, 58, 60, 203, 406, 12180 ]
PSL(2,31) |S|=14880 f=18 Ord=[ 1, 2, 3, 4, 5, 6, 8, 10, 12, 15, 16, 24, 30, 
  31, 32, 60, 93, 155, 465, 14880 ]
FINISHED
