169
1 2 3 4 5 6 7 8 9 10 11 12 13 14 15 16 17 18 19 20 21 22 23 24 25 26 27 28 29 30 31 32 33 34 35 36 37 38 39 40 41 42 43 44 45 46 47 48 49 50 51 52 53 54 55 56 57 58 59 60 61 62 63 64 65 66 67 68 69 70 71 72 73 74 75 76 77 78 79 80 81 82 83 84 85 86 87 88 89 90 91 92 93 94 95 96 97 98 99 100 101 102 103 104 105 106 107 108 109 110 111 112 113 114 115 116 117 118 119 120 121 122 123 124 125 126 127 128 129 130 131 132 133 134 135 136 137 138 139 140 141 142 143 144 145 146 147 148 149 150 151 152 153 154 155 156 157 158 159 160 161 162 163 164 165 166 167 168 169
2 4 5 7 8 9 11 12 13 14 16 17 18 19 20 22 23 24 25 26 27 29 30 31 32 33 34 35 37 38 39 40 41 42 43 44 46 47 48 49 50 51 52 53 54 56 57 58 59 60 61 62 63 64 65 67 68 69 70 71 72 73 74 75 76 77 79 80 81 82 83 84 85 86 87 88 89 90 3 92 93 94 95 96 97 98 99 100 101 102 103 6 104 105 106 107 108 109 110 111 112 113 114 10 115 116 117 118 119 120 121 122 123 124 15 125 126 127 128 129 130 131 132 133 21 134 135 136 137 138 139 140 141 28 142 143 144 145 146 147 148 36 149 150 151 152 153 154 45 155 156 157 158 159 55 160 161 162 163 66 164 165 166 78 167 168 91 169 1
3 5 6 8 9 10 12 13 14 15 17 18 19 20 21 23 24 25 26 27 28 30 31 32 33 34 35 36 38 39 40 41 42 43 44 45 47 48 49 50 51 52 53 54 55 57 58 59 60 61 62 63 64 65 66 68 69 70 71 72 73 74 75 76 77 78 80 81 82 83 84 85 86 87 88 89 90 91 92 93 94 95 96 97 98 99 100 101 102 103 1 104 105 106 107 108 109 110 111 112 113 114 2 115 116 117 118 119 120 121 122 123 124 4 125 126 127 128 129 130 131 132 133 7 134 135 136 137 138 139 140 141 11 142 143 144 145 146 147 148 16 149 150 151 152 153 154 22 155 156 157 158 159 29 160 161 162 163 37 164 165 166 46 167 168 56 169 67 79
4 7 8 11 12 13 16 17 18 19 22 23 24 25 26 29 30 31 32 33 34 37 38 39 40 41 42 43 46 47 48 49 50 51 52 53 56 57 58 59 60 61 62 63 64 67 68 69 70 71 72 73 74 75 76 79 80 81 82 83 84 85 86 87 88 89 3 92 93 94 95 96 97 98 99 100 101 102 5 6 104 105 106 107 108 109 110 111 112 113 114 9 10 115 116 117 118 119 120 121 122 123 124 14 15 125 126 127 128 129 130 131 132 133 20 21 134 135 136 137 138 139 140 141 27 28 142 143 144 145 146 147 148 35 36 149 150 151 152 153 154 44 45 155 156 157 158 159 54 55 160 161 162 163 65 66 164 165 166 77 78 167 168 90 91 169 103 1 2
5 8 9 12 13 14 17 18 19 20 23 24 25 26 27 30 31 32 33 34 35 38 39 40 41 42 43 44 47 48 49 50 51 52 53 54 57 58 59 60 61 62 63 64 65 68 69 70 71 72 73 74 75 76 77 80 81 82 83 84 85 86 87 88 89 90 92 93 94 95 96 97 98 99 100 101 102 103 6 104 105 106 107 108 109 110 111 112 113 114 2 10 115 116 117 118 119 120 121 122 123 124 4 15 125 126 127 128 129 130 131 132 133 7 21 134 135 136 137 138 139 140 141 11 28 142 143 144 145 146 147 148 16 36 149 150 151 152 153 154 22 45 155 156 157 158 159 29 55 160 161 162 163 37 66 164 165 166 46 78 167 168 56 91 169 67 1 79 3
6 9 10 13 14 15 18 19 20 21 24 25 26 27 28 31 32 33 34 35 36 39 40 41 42 43 44 45 48 49 50 51 52 53 54 55 58 59 60 61 62 63 64 65 66 69 70 71 72 73 74 75 76 77 78 81 82 83 84 85 86 87 88 89 90 91 93 94 95 96 97 98 99 100 101 102 103 1 104 105 106 107 108 109 110 111 112 113 114 2 3 115 116 117 118 119 120 121 122 123 124 4 5 125 126 127 128 129 130 131 132 133 7 8 134 135 136 137 138 139 140 141 11 12 142 143 144 145 146 147 148 16 17 149 150 151 152 153 154 22 23 155 156 157 158 159 29 30 160 161 162 163 37 38 164 165 166 46 47 167 168 56 57 169 67 68 79 80 92
7 11 12 16 17 18 22 23 24 25 29 30 31 32 33 37 38 39 40 41 42 46 47 48 49 50 51 52 56 57 58 59 60 61 62 63 67 68 69 70 71 72 73 74 75 79 80 81 82 83 84 85 86 87 88 3 92 93 94 95 96 97 98 99 100 101 5 6 104 105 106 107 108 109 110 111 112 113 8 9 10 115 116 117 118 119 120 121 122 123 124 13 14 15 125 126 127 128 129 130 131 132 133 19 20 21 134 135 136 137 138 139 140 141 26 27 28 142 143 144 145 146 147 148 34 35 36 149 150 151 152 153 154 43 44 45 155 156 157 158 159 53 54 55 160 161 162 163 64 65 66 164 165 166 76 77 78 167 168 89 90 91 169 102 103 1 114 2 4
8 12 13 17 18 19 23 24 25 26 30 31 32 33 34 38 39 40 41 42 43 47 48 49 50 51 52 53 57 58 59 60 61 62 63 64 68 69 70 71 72 73 74 75 76 80 81 82 83 84 85 86 87 88 89 92 93 94 95 96 97 98 99 100 101 102 6 104 105 106 107 108 109 110 111 112 113 114 9 10 115 116 117 118 119 120 121 122 123 124 4 14 15 125 126 127 128 129 130 131 132 133 7 20 21 134 135 136 137 138 139 140 141 11 27 28 142 143 144 145 146 147 148 16 35 36 149 150 151 152 153 154 22 44 45 155 156 157 158 159 29 54 55 160 161 162 163 37 65 66 164 165 166 46 77 78 167 168 56 90 91 169 67 103 1 79 2 3 5
9 13 14 18 19 20 24 25 26 27 31 32 33 34 35 39 40 41 42 43 44 48 49 50 51 52 53 54 58 59 60 61 62 63 64 65 69 70 71 72 73 74 75 76 77 81 82 83 84 85 86 87 88 89 90 93 94 95 96 97 98 99 100 101 102 103 104 105 106 107 108 109 110 111 112 113 114 2 10 115 116 117 118 119 120 121 122 123 124 4 5 15 125 126 127 128 129 130 131 132 133 7 8 21 134 135 136 137 138 139 140 141 11 12 28 142 143 144 145 146 147 148 16 17 36 149 150 151 152 153 154 22 23 45 155 156 157 158 159 29 30 55 160 161 162 163 37 38 66 164 165 166 46 47 78 167 168 56 57 91 169 67 68 1 79 80 3 92 6
10 14 15 19 20 21 25 26 27 28 32 33 34 35 36 40 41 42 43 44 45 49 50 51 52 53 54 55 59 60 61 62 63 64 65 66 70 71 72 73 74 75 76 77 78 82 83 84 85 86 87 88 89 90 91 94 95 96 97 98 99 100 101 102 103 1 105 106 107 108 109 110 111 112 113 114 2 3 115 116 117 118 119 120 121 122 123 124 4 5 6 125 126 127 128 129 130 131 132 133 7 8 9 134 135 136 137 138 139 140 141 11 12 13 142 143 144 145 146 147 148 16 17 18 149 150 151 152 153 154 22 23 24 155 156 157 158 159 29 30 31 160 161 162 163 37 38 39 164 165 166 46 47 48 167 168 56 57 58 169 67 68 69 79 80 81 92 93 104
11 16 17 22 23 24 29 30 31 32 37 38 39 40 41 46 47 48 49 50 51 56 57 58 59 60 61 62 67 68 69 70 71 72 73 74 79 80 81 82 83 84 85 86 87 3 92 93 94 95 96 97 98 99 100 5 6 104 105 106 107 108 109 110 111 112 8 9 10 115 116 117 118 119 120 121 122 123 12 13 14 15 125 126 127 128 129 130 131 132 133 18 19 20 21 134 135 136 137 138 139 140 141 25 26 27 28 142 143 144 145 146 147 148 33 34 35 36 149 150 151 152 153 154 42 43 44 45 155 156 157 158 159 52 53 54 55 160 161 162 163 63 64 65 66 164 165 166 75 76 77 78 167 168 88 89 90 91 169 101 102 103 1 113 114 2 124 4 7
12 17 18 23 24 25 30 31 32 33 38 39 40 41 42 47 48 49 50 51 52 57 58 59 60 61 62 63 68 69 70 71 72 73 74 75 80 81 82 83 84 85 86 87 88 92 93 94 95 96 97 98 99 100 101 6 104 105 106 107 108 109 110 111 112 113 9 10 115 116 117 118 119 120 121 122 123 124 13 14 15 125 126 127 128 129 130 131 132 133 7 19 20 21 134 135 136 137 138 139 140 141 11 26 27 28 142 143 144 145 146 147 148 16 34 35 36 149 150 151 152 153 154 22 43 44 45 155 156 157 158 159 29 53 54 55 160 161 162 163 37 64 65 66 164 165 166 46 76 77 78 167 168 56 89 90 91 169 67 102 103 1 79 114 2 3 4 5 8
13 18 19 24 25 26 31 32 33 34 39 40 41 42 43 48 49 50 51 52 53 58 59 60 61 62 63 64 69 70 71 72 73 74 75 76 81 82 83 84 85 86 87 88 89 93 94 95 96 97 98 99 100 101 102 104 105 106 107 108 109 110 111 112 113 114 10 115 116 117 118 119 120 121 122 123 124 4 14 15 125 126 127 128 129 130 131 132 133 7 8 20 21 134 135 136 137 138 139 140 141 11 12 27 28 142 143 144 145 146 147 148 16 17 35 36 149 150 151 152 153 154 22 23 44 45 155 156 157 158 159 29 30 54 55 160 161 162 163 37 38 65 66 164 165 166 46 47 77 78 167 168 56 57 90 91 169 67 68 103 1 79 80 2 3 92 5 6 9
14 19 20 25 26 27 32 33 34 35 40 41 42 43 44 49 50 51 52 53 54 59 60 61 62 63 64 65 70 71 72 73 74 75 76 77 82 83 84 85 86 87 88 89 90 94 95 96 97 98 99 100 101 102 103 105 106 107 108 109 110 111 112 113 114 2 115 116 117 118 119 120 121 122 123 124 4 5 15 125 126 127 128 129 130 131 132 133 7 8 9 21 134 135 136 137 138 139 140 141 11 12 13 28 142 143 144 145 146 147 148 16 17 18 36 149 150 151 152 153 154 22 23 24 45 155 156 157 158 159 29 30 31 55 160 161 162 163 37 38 39 66 164 165 166 46 47 48 78 167 168 56 57 58 91 169 67 68 69 1 79 80 81 3 92 93 6 104 10
15 20 21 26 27 28 33 34 35 36 41 42 43 44 45 50 51 52 53 54 55 60 61 62 63 64 65 66 71 72 73 74 75 76 77 78 83 84 85 86 87 88 89 90 91 95 96 97 98 99 100 101 102 103 1 106 107 108 109 110 111 112 113 114 2 3 116 117 118 119 120 121 122 123 124 4 5 6 125 126 127 128 129 130 131 132 133 7 8 9 10 134 135 136 137 138 139 140 141 11 12 13 14 142 143 144 145 146 147 148 16 17 18 19 149 150 151 152 153 154 22 23 24 25 155 156 157 158 159 29 30 31 32 160 161 162 163 37 38 39 40 164 165 166 46 47 48 49 167 168 56 57 58 59 169 67 68 69 70 79 80 81 82 92 93 94 104 105 115
16 22 23 29 30 31 37 38 39 40 46 47 48 49 50 56 57 58 59 60 61 67 68 69 70 71 72 73 79 80 81 82 83 84 85 86 3 92 93 94 95 96 97 98 99 5 6 104 105 106 107 108 109 110 111 8 9 10 115 116 117 118 119 120 121 122 12 13 14 15 125 126 127 128 129 130 131 132 17 18 19 20 21 134 135 136 137 138 139 140 141 24 25 26 27 28 142 143 144 145 146 147 148 32 33 34 35 36 149 150 151 152 153 154 41 42 43 44 45 155 156 157 158 159 51 52 53 54 55 160 161 162 163 62 63 64 65 66 164 165 166 74 75 76 77 78 167 168 87 88 89 90 91 169 100 101 102 103 1 112 113 114 2 123 124 4 133 7 11
17 23 24 30 31 32 38 39 40 41 47 48 49 50 51 57 58 59 60 61 62 68 69 70 71 72 73 74 80 81 82 83 84 85 86 87 92 93 94 95 96 97 98 99 100 6 104 105 106 107 108 109 110 111 112 9 10 115 116 117 118 119 120 121 122 123 13 14 15 125 126 127 128 129 130 131 132 133 18 19 20 21 134 135 136 137 138 139 140 141 11 25 26 27 28 142 143 144 145 146 147 148 16 33 34 35 36 149 150 151 152 153 154 22 42 43 44 45 155 156 157 158 159 29 52 53 54 55 160 161 162 163 37 63 64 65 66 164 165 166 46 75 76 77 78 167 168 56 88 89 90 91 169 67 101 102 103 1 79 113 114 2 3 124 4 5 7 8 12
18 24 25 31 32 33 39 40 41 42 48 49 50 51 52 58 59 60 61 62 63 69 70 71 72 73 74 75 81 82 83 84 85 86 87 88 93 94 95 96 97 98 99 100 101 104 105 106 107 108 109 110 111 112 113 10 115 116 117 118 119 120 121 122 123 124 14 15 125 126 127 128 129 130 131 132 133 7 19 20 21 134 135 136 137 138 139 140 141 11 12 26 27 28 142 143 144 145 146 147 148 16 17 34 35 36 149 150 151 152 153 154 22 23 43 44 45 155 156 157 158 159 29 30 53 54 55 160 161 162 163 37 38 64 65 66 164 165 166 46 47 76 77 78 167 168 56 57 89 90 91 169 67 68 102 103 1 79 80 114 2 3 92 4 5 6 8 9 13
19 25 26 32 33 34 40 41 42 43 49 50 51 52 53 59 60 61 62 63 64 70 71 72 73 74 75 76 82 83 84 85 86 87 88 89 94 95 96 97 98 99 100 101 102 105 106 107 108 109 110 111 112 113 114 115 116 117 118 119 120 121 122 123 124 4 15 125 126 127 128 129 130 131 132 133 7 8 20 21 134 135 136 137 138 139 140 141 11 12 13 27 28 142 143 144 145 146 147 148 16 17 18 35 36 149 150 151 152 153 154 22 23 24 44 45 155 156 157 158 159 29 30 31 54 55 160 161 162 163 37 38 39 65 66 164 165 166 46 47 48 77 78 167 168 56 57 58 90 91 169 67 68 69 103 1 79 80 81 2 3 92 93 5 6 104 9 10 14
20 26 27 33 34 35 41 42 43 44 50 51 52 53 54 60 61 62 63 64 65 71 72 73 74 75 76 77 83 84 85 86 87 88 89 90 95 96 97 98 99 100 101 102 103 106 107 108 109 110 111 112 113 114 2 116 117 118 119 120 121 122 123 124 4 5 125 126 127 128 129 130 131 132 133 7 8 9 21 134 135 136 137 138 139 140 141 11 12 13 14 28 142 143 144 145 146 147 148 16 17 18 19 36 149 150 151 152 153 154 22 23 24 25 45 155 156 157 158 159 29 30 31 32 55 160 161 162 163 37 38 39 40 66 164 165 166 46 47 48 49 78 167 168 56 57 58 59 91 169 67 68 69 70 1 79 80 81 82 3 92 93 94 6 104 105 10 115 15
21 27 28 34 35 36 42 43 44 45 51 52 53 54 55 61 62 63 64 65 66 72 73 74 75 76 77 78 84 85 86 87 88 89 90 91 96 97 98 99 100 101 102 103 1 107 108 109 110 111 112 113 114 2 3 117 118 119 120 121 122 123 124 4 5 6 126 127 128 129 130 131 132 133 7 8 9 10 134 135 136 137 138 139 140 141 11 12 13 14 15 142 143 144 145 146 147 148 16 17 18 19 20 149 150 151 152 153 154 22 23 24 25 26 155 156 157 158 159 29 30 31 32 33 160 161 162 163 37 38 39 40 41 164 165 166 46 47 48 49 50 167 168 56 57 58 59 60 169 67 68 69 70 71 79 80 81 82 83 92 93 94 95 104 105 106 115 116 125
22 29 30 37 38 39 46 47 48 49 56 57 58 59 60 67 68 69 70 71 72 79 80 81 82 83 84 85 3 92 93 94 95 96 97 98 5 6 104 105 106 107 108 109 110 8 9 10 115 116 117 118 119 120 121 12 13 14 15 125 126 127 128 129 130 131 17 18 19 20 21 134 135 136 137 138 139 140 23 24 25 26 27 28 142 143 144 145 146 147 148 31 32 33 34 35 36 149 150 151 152 153 154 40 41 42 43 44 45 155 156 157 158 159 50 51 52 53 54 55 160 161 162 163 61 62 63 64 65 66 164 165 166 73 74 75 76 77 78 167 168 86 87 88 89 90 91 169 99 100 101 102 103 1 111 112 113 114 2 122 123 124 4 132 133 7 141 11 16
23 30 31 38 39 40 47 48 49 50 57 58 59 60 61 68 69 70 71 72 73 80 81 82 83 84 85 86 92 93 94 95 96 97 98 99 6 104 105 106 107 108 109 110 111 9 10 115 116 117 118 119 120 121 122 13 14 15 125 126 127 128 129 130 131 132 18 19 20 21 134 135 136 137 138 139 140 141 24 25 26 27 28 142 143 144 145 146 147 148 16 32 33 34 35 36 149 150 151 152 153 154 22 41 42 43 44 45 155 156 157 158 159 29 51 52 53 54 55 160 161 162 163 37 62 63 64 65 66 164 165 166 46 74 75 76 77 78 167 168 56 87 88 89 90 91 169 67 100 101 102 103 1 79 112 113 114 2 3 123 124 4 5 133 7 8 11 12 17
24 31 32 39 40 41 48 49 50 51 58 59 60 61 62 69 70 71 72 73 74 81 82 83 84 85 86 87 93 94 95 96 97 98 99 100 104 105 106 107 108 109 110 111 112 10 115 116 117 118 119 120 121 122 123 14 15 125 126 127 128 129 130 131 132 133 19 20 21 134 135 136 137 138 139 140 141 11 25 26 27 28 142 143 144 145 146 147 148 16 17 33 34 35 36 149 150 151 152 153 154 22 23 42 43 44 45 155 156 157 158 159 29 30 52 53 54 55 160 161 162 163 37 38 63 64 65 66 164 165 166 46 47 75 76 77 78 167 168 56 57 88 89 90 91 169 67 68 101 102 103 1 79 80 113 114 2 3 92 124 4 5 6 7 8 9 12 13 18
25 32 33 40 41 42 49 50 51 52 59 60 61 62 63 70 71 72 73 74 75 82 83 84 85 86 87 88 94 95 96 97 98 99 100 101 105 106 107 108 109 110 111 112 113 115 116 117 118 119 120 121 122 123 124 15 125 126 127 128 129 130 131 132 133 7 20 21 134 135 136 137 138 139 140 141 11 12 26 27 28 142 143 144 145 146 147 148 16 17 18 34 35 36 149 150 151 152 153 154 22 23 24 43 44 45 155 156 157 158 159 29 30 31 53 54 55 160 161 162 163 37 38 39 64 65 66 164 165 166 46 47 48 76 77 78 167 168 56 57 58 89 90 91 169 67 68 69 102 103 1 79 80 81 114 2 3 92 93 4 5 6 104 8 9 10 13 14 19
26 33 34 41 42 43 50 51 52 53 60 61 62 63 64 71 72 73 74 75 76 83 84 85 86 87 88 89 95 96 97 98 99 100 101 102 106 107 108 109 110 111 112 113 114 116 117 118 119 120 121 122 123 124 4 125 126 127 128 129 130 131 132 133 7 8 21 134 135 136 137 138 139 140 141 11 12 13 27 28 142 143 144 145 146 147 148 16 17 18 19 35 36 149 150 151 152 153 154 22 23 24 25 44 45 155 156 157 158 159 29 30 31 32 54 55 160 161 162 163 37 38 39 40 65 66 164 165 166 46 47 48 49 77 78 167 168 56 57 58 59 90 91 169 67 68 69 70 103 1 79 80 81 82 2 3 92 93 94 5 6 104 105 9 10 115 14 15 20
27 34 35 42 43 44 51 52 53 54 61 62 63 64 65 72 73 74 75 76 77 84 85 86 87 88 89 90 96 97 98 99 100 101 102 103 107 108 109 110 111 112 113 114 2 117 118 119 120 121 122 123 124 4 5 126 127 128 129 130 131 132 133 7 8 9 134 135 136 137 138 139 140 141 11 12 13 14 28 142 143 144 145 146 147 148 16 17 18 19 20 36 149 150 151 152 153 154 22 23 24 25 26 45 155 156 157 158 159 29 30 31 32 33 55 160 161 162 163 37 38 39 40 41 66 164 165 166 46 47 48 49 50 78 167 168 56 57 58 59 60 91 169 67 68 69 70 71 1 79 80 81 82 83 3 92 93 94 95 6 104 105 106 10 115 116 15 125 21
28 35 36 43 44 45 52 53 54 55 62 63 64 65 66 73 74 75 76 77 78 85 86 87 88 89 90 91 97 98 99 100 101 102 103 1 108 109 110 111 112 113 114 2 3 118 119 120 121 122 123 124 4 5 6 127 128 129 130 131 132 133 7 8 9 10 135 136 137 138 139 140 141 11 12 13 14 15 142 143 144 145 146 147 148 16 17 18 19 20 21 149 150 151 152 153 154 22 23 24 25 26 27 155 156 157 158 159 29 30 31 32 33 34 160 161 162 163 37 38 39 40 41 42 164 165 166 46 47 48 49 50 51 167 168 56 57 58 59 60 61 169 67 68 69 70 71 72 79 80 81 82 83 84 92 93 94 95 96 104 105 106 107 115 116 117 125 126 134
29 37 38 46 47 48 56 57 58 59 67 68 69 70 71 79 80 81 82 83 84 3 92 93 94 95 96 97 5 6 104 105 106 107 108 109 8 9 10 115 116 117 118 119 120 12 13 14 15 125 126 127 128 129 130 17 18 19 20 21 134 135 136 137 138 139 23 24 25 26 27 28 142 143 144 145 146 147 30 31 32 33 34 35 36 149 150 151 152 153 154 39 40 41 42 43 44 45 155 156 157 158 159 49 50 51 52 53 54 55 160 161 162 163 60 61 62 63 64 65 66 164 165 166 72 73 74 75 76 77 78 167 168 85 86 87 88 89 90 91 169 98 99 100 101 102 103 1 110 111 112 113 114 2 121 122 123 124 4 131 132 133 7 140 141 11 148 16 22
30 38 39 47 48 49 57 58 59 60 68 69 70 71 72 80 81 82 83 84 85 92 93 94 95 96 97 98 6 104 105 106 107 108 109 110 9 10 115 116 117 118 119 120 121 13 14 15 125 126 127 128 129 130 131 18 19 20 21 134 135 136 137 138 139 140 24 25 26 27 28 142 143 144 145 146 147 148 31 32 33 34 35 36 149 150 151 152 153 154 22 40 41 42 43 44 45 155 156 157 158 159 29 50 51 52 53 54 55 160 161 162 163 37 61 62 63 64 65 66 164 165 166 46 73 74 75 76 77 78 167 168 56 86 87 88 89 90 91 169 67 99 100 101 102 103 1 79 111 112 113 114 2 3 122 123 124 4 5 132 133 7 8 141 11 12 16 17 23
31 39 40 48 49 50 58 59 60 61 69 70 71 72 73 81 82 83 84 85 86 93 94 95 96 97 98 99 104 105 106 107 108 109 110 111 10 115 116 117 118 119 120 121 122 14 15 125 126 127 128 129 130 131 132 19 20 21 134 135 136 137 138 139 140 141 25 26 27 28 142 143 144 145 146 147 148 16 32 33 34 35 36 149 150 151 152 153 154 22 23 41 42 43 44 45 155 156 157 158 159 29 30 51 52 53 54 55 160 161 162 163 37 38 62 63 64 65 66 164 165 166 46 47 74 75 76 77 78 167 168 56 57 87 88 89 90 91 169 67 68 100 101 102 103 1 79 80 112 113 114 2 3 92 123 124 4 5 6 133 7 8 9 11 12 13 17 18 24
32 40 41 49 50 51 59 60 61 62 70 71 72 73 74 82 83 84 85 86 87 94 95 96 97 98 99 100 105 106 107 108 109 110 111 112 115 116 117 118 119 120 121 122 123 15 125 126 127 128 129 130 131 132 133 20 21 134 135 136 137 138 139 140 141 11 26 27 28 142 143 144 145 146 147 148 16 17 33 34 35 36 149 150 151 152 153 154 22 23 24 42 43 44 45 155 156 157 158 159 29 30 31 52 53 54 55 160 161 162 163 37 38 39 63 64 65 66 164 165 166 46 47 48 75 76 77 78 167 168 56 57 58 88 89 90 91 169 67 68 69 101 102 103 1 79 80 81 113 114 2 3 92 93 124 4 5 6 104 7 8 9 10 12 13 14 18 19 25
33 41 42 50 51 52 60 61 62 63 71 72 73 74 75 83 84 85 86 87 88 95 96 97 98 99 100 101 106 107 108 109 110 111 112 113 116 117 118 119 120 121 122 123 124 125 126 127 128 129 130 131 132 133 7 21 134 135 136 137 138 139 140 141 11 12 27 28 142 143 144 145 146 147 148 16 17 18 34 35 36 149 150 151 152 153 154 22 23 24 25 43 44 45 155 156 157 158 159 29 30 31 32 53 54 55 160 161 162 163 37 38 39 40 64 65 66 164 165 166 46 47 48 49 76 77 78 167 168 56 57 58 59 89 90 91 169 67 68 69 70 102 103 1 79 80 81 82 114 2 3 92 93 94 4 5 6 104 105 8 9 10 115 13 14 15 19 20 26
34 42 43 51 52 53 61 62 63 64 72 73 74 75 76 84 85 86 87 88 89 96 97 98 99 100 101 102 107 108 109 110 111 112 113 114 117 118 119 120 121 122 123 124 4 126 127 128 129 130 131 132 133 7 8 134 135 136 137 138 139 140 141 11 12 13 28 142 143 144 145 146 147 148 16 17 18 19 35 36 149 150 151 152 153 154 22 23 24 25 26 44 45 155 156 157 158 159 29 30 31 32 33 54 55 160 161 162 163 37 38 39 40 41 65 66 164 165 166 46 47 48 49 50 77 78 167 168 56 57 58 59 60 90 91 169 67 68 69 70 71 103 1 79 80 81 82 83 2 3 92 93 94 95 5 6 104 105 106 9 10 115 116 14 15 125 20 21 27
35 43 44 52 53 54 62 63 64 65 73 74 75 76 77 85 86 87 88 89 90 97 98 99 100 101 102 103 108 109 110 111 112 113 114 2 118 119 120 121 122 123 124 4 5 127 128 129 130 131 132 133 7 8 9 135 136 137 138 139 140 141 11 12 13 14 142 143 144 145 146 147 148 16 17 18 19 20 36 149 150 151 152 153 154 22 23 24 25 26 27 45 155 156 157 158 159 29 30 31 32 33 34 55 160 161 162 163 37 38 39 40 41 42 66 164 165 166 46 47 48 49 50 51 78 167 168 56 57 58 59 60 61 91 169 67 68 69 70 71 72 1 79 80 81 82 83 84 3 92 93 94 95 96 6 104 105 106 107 10 115 116 117 15 125 126 21 134 28
36 44 45 53 54 55 63 64 65 66 74 75 76 77 78 86 87 88 89 90 91 98 99 100 101 102 103 1 109 110 111 112 113 114 2 3 119 120 121 122 123 124 4 5 6 128 129 130 131 132 133 7 8 9 10 136 137 138 139 140 141 11 12 13 14 15 143 144 145 146 147 148 16 17 18 19 20 21 149 150 151 152 153 154 22 23 24 25 26 27 28 155 156 157 158 159 29 30 31 32 33 34 35 160 161 162 163 37 38 39 40 41 42 43 164 165 166 46 47 48 49 50 51 52 167 168 56 57 58 59 60 61 62 169 67 68 69 70 71 72 73 79 80 81 82 83 84 85 92 93 94 95 96 97 104 105 106 107 108 115 116 117 118 125 126 127 134 135 142
37 46 47 56 57 58 67 68 69 70 79 80 81 82 83 3 92 93 94 95 96 5 6 104 105 106 107 108 8 9 10 115 116 117 118 119 12 13 14 15 125 126 127 128 129 17 18 19 20 21 134 135 136 137 138 23 24 25 26 27 28 142 143 144 145 146 30 31 32 33 34 35 36 149 150 151 152 153 38 39 40 41 42 43 44 45 155 156 157 158 159 48 49 50 51 52 53 54 55 160 161 162 163 59 60 61 62 63 64 65 66 164 165 166 71 72 73 74 75 76 77 78 167 168 84 85 86 87 88 89 90 91 169 97 98 99 100 101 102 103 1 109 110 111 112 113 114 2 120 121 122 123 124 4 130 131 132 133 7 139 140 141 11 147 148 16 154 22 29
38 47 48 57 58 59 68 69 70 71 80 81 82 83 84 92 93 94 95 96 97 6 104 105 106 107 108 109 9 10 115 116 117 118 119 120 13 14 15 125 126 127 128 129 130 18 19 20 21 134 135 136 137 138 139 24 25 26 27 28 142 143 144 145 146 147 31 32 33 34 35 36 149 150 151 152 153 154 39 40 41 42 43 44 45 155 156 157 158 159 29 49 50 51 52 53 54 55 160 161 162 163 37 60 61 62 63 64 65 66 164 165 166 46 72 73 74 75 76 77 78 167 168 56 85 86 87 88 89 90 91 169 67 98 99 100 101 102 103 1 79 110 111 112 113 114 2 3 121 122 123 124 4 5 131 132 133 7 8 140 141 11 12 148 16 17 22 23 30
39 48 49 58 59 60 69 70 71 72 81 82 83 84 85 93 94 95 96 97 98 104 105 106 107 108 109 110 10 115 116 117 118 119 120 121 14 15 125 126 127 128 129 130 131 19 20 21 134 135 136 137 138 139 140 25 26 27 28 142 143 144 145 146 147 148 32 33 34 35 36 149 150 151 152 153 154 22 40 41 42 43 44 45 155 156 157 158 159 29 30 50 51 52 53 54 55 160 161 162 163 37 38 61 62 63 64 65 66 164 165 166 46 47 73 74 75 76 77 78 167 168 56 57 86 87 88 89 90 91 169 67 68 99 100 101 102 103 1 79 80 111 112 113 114 2 3 92 122 123 124 4 5 6 132 133 7 8 9 141 11 12 13 16 17 18 23 24 31
40 49 50 59 60 61 70 71 72 73 82 83 84 85 86 94 95 96 97 98 99 105 106 107 108 109 110 111 115 116 117 118 119 120 121 122 15 125 126 127 128 129 130 131 132 20 21 134 135 136 137 138 139 140 141 26 27 28 142 143 144 145 146 147 148 16 33 34 35 36 149 150 151 152 153 154 22 23 41 42 43 44 45 155 156 157 158 159 29 30 31 51 52 53 54 55 160 161 162 163 37 38 39 62 63 64 65 66 164 165 166 46 47 48 74 75 76 77 78 167 168 56 57 58 87 88 89 90 91 169 67 68 69 100 101 102 103 1 79 80 81 112 113 114 2 3 92 93 123 124 4 5 6 104 133 7 8 9 10 11 12 13 14 17 18 19 24 25 32
41 50 51 60 61 62 71 72 73 74 83 84 85 86 87 95 96 97 98 99 100 106 107 108 109 110 111 112 116 117 118 119 120 121 122 123 125 126 127 128 129 130 131 132 133 21 134 135 136 137 138 139 140 141 11 27 28 142 143 144 145 146 147 148 16 17 34 35 36 149 150 151 152 153 154 22 23 24 42 43 44 45 155 156 157 158 159 29 30 31 32 52 53 54 55 160 161 162 163 37 38 39 40 63 64 65 66 164 165 166 46 47 48 49 75 76 77 78 167 168 56 57 58 59 88 89 90 91 169 67 68 69 70 101 102 103 1 79 80 81 82 113 114 2 3 92 93 94 124 4 5 6 104 105 7 8 9 10 115 12 13 14 15 18 19 20 25 26 33
42 51 52 61 62 63 72 73 74 75 84 85 86 87 88 96 97 98 99 100 101 107 108 109 110 111 112 113 117 118 119 120 121 122 123 124 126 127 128 129 130 131 132 133 7 134 135 136 137 138 139 140 141 11 12 28 142 143 144 145 146 147 148 16 17 18 35 36 149 150 151 152 153 154 22 23 24 25 43 44 45 155 156 157 158 159 29 30 31 32 33 53 54 55 160 161 162 163 37 38 39 40 41 64 65 66 164 165 166 46 47 48 49 50 76 77 78 167 168 56 57 58 59 60 89 90 91 169 67 68 69 70 71 102 103 1 79 80 81 82 83 114 2 3 92 93 94 95 4 5 6 104 105 106 8 9 10 115 116 13 14 15 125 19 20 21 26 27 34
43 52 53 62 63 64 73 74 75 76 85 86 87 88 89 97 98 99 100 101 102 108 109 110 111 112 113 114 118 119 120 121 122 123 124 4 127 128 129 130 131 132 133 7 8 135 136 137 138 139 140 141 11 12 13 142 143 144 145 146 147 148 16 17 18 19 36 149 150 151 152 153 154 22 23 24 25 26 44 45 155 156 157 158 159 29 30 31 32 33 34 54 55 160 161 162 163 37 38 39 40 41 42 65 66 164 165 166 46 47 48 49 50 51 77 78 167 168 56 57 58 59 60 61 90 91 169 67 68 69 70 71 72 103 1 79 80 81 82 83 84 2 3 92 93 94 95 96 5 6 104 105 106 107 9 10 115 116 117 14 15 125 126 20 21 134 27 28 35
44 53 54 63 64 65 74 75 76 77 86 87 88 89 90 98 99 100 101 102 103 109 110 111 112 113 114 2 119 120 121 122 123 124 4 5 128 129 130 131 132 133 7 8 9 136 137 138 139 140 141 11 12 13 14 143 144 145 146 147 148 16 17 18 19 20 149 150 151 152 153 154 22 23 24 25 26 27 45 155 156 157 158 159 29 30 31 32 33 34 35 55 160 161 162 163 37 38 39 40 41 42 43 66 164 165 166 46 47 48 49 50 51 52 78 167 168 56 57 58 59 60 61 62 91 169 67 68 69 70 71 72 73 1 79 80 81 82 83 84 85 3 92 93 94 95 96 97 6 104 105 106 107 108 10 115 116 117 118 15 125 126 127 21 134 135 28 142 36
45 54 55 64 65 66 75 76 77 78 87 88 89 90 91 99 100 101 102 103 1 110 111 112 113 114 2 3 120 121 122 123 124 4 5 6 129 130 131 132 133 7 8 9 10 137 138 139 140 141 11 12 13 14 15 144 145 146 147 148 16 17 18 19 20 21 150 151 152 153 154 22 23 24 25 26 27 28 155 156 157 158 159 29 30 31 32 33 34 35 36 160 161 162 163 37 38 39 40 41 42 43 44 164 165 166 46 47 48 49 50 51 52 53 167 168 56 57 58 59 60 61 62 63 169 67 68 69 70 71 72 73 74 79 80 81 82 83 84 85 86 92 93 94 95 96 97 98 104 105 106 107 108 109 115 116 117 118 119 125 126 127 128 134 135 136 142 143 149
46 56 57 67 68 69 79 80 81 82 3 92 93 94 95 5 6 104 105 106 107 8 9 10 115 116 117 118 12 13 14 15 125 126 127 128 17 18 19 20 21 134 135 136 137 23 24 25 26 27 28 142 143 144 145 30 31 32 33 34 35 36 149 150 151 152 38 39 40 41 42 43 44 45 155 156 157 158 47 48 49 50 51 52 53 54 55 160 161 162 163 58 59 60 61 62 63 64 65 66 164 165 166 70 71 72 73 74 75 76 77 78 167 168 83 84 85 86 87 88 89 90 91 169 96 97 98 99 100 101 102 103 1 108 109 110 111 112 113 114 2 119 120 121 122 123 124 4 129 130 131 132 133 7 138 139 140 141 11 146 147 148 16 153 154 22 159 29 37
47 57 58 68 69 70 80 81 82 83 92 93 94 95 96 6 104 105 106 107 108 9 10 115 116 117 118 119 13 14 15 125 126 127 128 129 18 19 20 21 134 135 136 137 138 24 25 26 27 28 142 143 144 145 146 31 32 33 34 35 36 149 150 151 152 153 39 40 41 42 43 44 45 155 156 157 158 159 48 49 50 51 52 53 54 55 160 161 162 163 37 59 60 61 62 63 64 65 66 164 165 166 46 71 72 73 74 75 76 77 78 167 168 56 84 85 86 87 88 89 90 91 169 67 97 98 99 100 101 102 103 1 79 109 110 111 112 113 114 2 3 120 121 122 123 124 4 5 130 131 132 133 7 8 139 140 141 11 12 147 148 16 17 154 22 23 29 30 38
48 58 59 69 70 71 81 82 83 84 93 94 95 96 97 104 105 106 107 108 109 10 115 116 117 118 119 120 14 15 125 126 127 128 129 130 19 20 21 134 135 136 137 138 139 25 26 27 28 142 143 144 145 146 147 32 33 34 35 36 149 150 151 152 153 154 40 41 42 43 44 45 155 156 157 158 159 29 49 50 51 52 53 54 55 160 161 162 163 37 38 60 61 62 63 64 65 66 164 165 166 46 47 72 73 74 75 76 77 78 167 168 56 57 85 86 87 88 89 90 91 169 67 68 98 99 100 101 102 103 1 79 80 110 111 112 113 114 2 3 92 121 122 123 124 4 5 6 131 132 133 7 8 9 140 141 11 12 13 148 16 17 18 22 23 24 30 31 39
49 59 60 70 71 72 82 83 84 85 94 95 96 97 98 105 106 107 108 109 110 115 116 117 118 119 120 121 15 125 126 127 128 129 130 131 20 21 134 135 136 137 138 139 140 26 27 28 142 143 144 145 146 147 148 33 34 35 36 149 150 151 152 153 154 22 41 42 43 44 45 155 156 157 158 159 29 30 50 51 52 53 54 55 160 161 162 163 37 38 39 61 62 63 64 65 66 164 165 166 46 47 48 73 74 75 76 77 78 167 168 56 57 58 86 87 88 89 90 91 169 67 68 69 99 100 101 102 103 1 79 80 81 111 112 113 114 2 3 92 93 122 123 124 4 5 6 104 132 133 7 8 9 10 141 11 12 13 14 16 17 18 19 23 24 25 31 32 40
50 60 61 71 72 73 83 84 85 86 95 96 97 98 99 106 107 108 109 110 111 116 117 118 119 120 121 122 125 126 127 128 129 130 131 132 21 134 135 136 137 138 139 140 141 27 28 142 143 144 145 146 147 148 16 34 35 36 149 150 151 152 153 154 22 23 42 43 44 45 155 156 157 158 159 29 30 31 51 52 53 54 55 160 161 162 163 37 38 39 40 62 63 64 65 66 164 165 166 46 47 48 49 74 75 76 77 78 167 168 56 57 58 59 87 88 89 90 91 169 67 68 69 70 100 101 102 103 1 79 80 81 82 112 113 114 2 3 92 93 94 123 124 4 5 6 104 105 133 7 8 9 10 115 11 12 13 14 15 17 18 19 20 24 25 26 32 33 41
51 61 62 72 73 74 84 85 86 87 96 97 98 99 100 107 108 109 110 111 112 117 118 119 120 121 122 123 126 127 128 129 130 131 132 133 134 135 136 137 138 139 140 141 11 28 142 143 144 145 146 147 148 16 17 35 36 149 150 151 152 153 154 22 23 24 43 44 45 155 156 157 158 159 29 30 31 32 52 53 54 55 160 161 162 163 37 38 39 40 41 63 64 65 66 164 165 166 46 47 48 49 50 75 76 77 78 167 168 56 57 58 59 60 88 89 90 91 169 67 68 69 70 71 101 102 103 1 79 80 81 82 83 113 114 2 3 92 93 94 95 124 4 5 6 104 105 106 7 8 9 10 115 116 12 13 14 15 125 18 19 20 21 25 26 27 33 34 42
52 62 63 73 74 75 85 86 87 88 97 98 99 100 101 108 109 110 111 112 113 118 119 120 121 122 123 124 127 128 129 130 131 132 133 7 135 136 137 138 139 140 141 11 12 142 143 144 145 146 147 148 16 17 18 36 149 150 151 152 153 154 22 23 24 25 44 45 155 156 157 158 159 29 30 31 32 33 53 54 55 160 161 162 163 37 38 39 40 41 42 64 65 66 164 165 166 46 47 48 49 50 51 76 77 78 167 168 56 57 58 59 60 61 89 90 91 169 67 68 69 70 71 72 102 103 1 79 80 81 82 83 84 114 2 3 92 93 94 95 96 4 5 6 104 105 106 107 8 9 10 115 116 117 13 14 15 125 126 19 20 21 134 26 27 28 34 35 43
53 63 64 74 75 76 86 87 88 89 98 99 100 101 102 109 110 111 112 113 114 119 120 121 122 123 124 4 128 129 130 131 132 133 7 8 136 137 138 139 140 141 11 12 13 143 144 145 146 147 148 16 17 18 19 149 150 151 152 153 154 22 23 24 25 26 45 155 156 157 158 159 29 30 31 32 33 34 54 55 160 161 162 163 37 38 39 40 41 42 43 65 66 164 165 166 46 47 48 49 50 51 52 77 78 167 168 56 57 58 59 60 61 62 90 91 169 67 68 69 70 71 72 73 103 1 79 80 81 82 83 84 85 2 3 92 93 94 95 96 97 5 6 104 105 106 107 108 9 10 115 116 117 118 14 15 125 126 127 20 21 134 135 27 28 142 35 36 44
54 64 65 75 76 77 87 88 89 90 99 100 101 102 103 110 111 112 113 114 2 120 121 122 123 124 4 5 129 130 131 132 133 7 8 9 137 138 139 140 141 11 12 13 14 144 145 146 147 148 16 17 18 19 20 150 151 152 153 154 22 23 24 25 26 27 155 156 157 158 159 29 30 31 32 33 34 35 55 160 161 162 163 37 38 39 40 41 42 43 44 66 164 165 166 46 47 48 49 50 51 52 53 78 167 168 56 57 58 59 60 61 62 63 91 169 67 68 69 70 71 72 73 74 1 79 80 81 82 83 84 85 86 3 92 93 94 95 96 97 98 6 104 105 106 107 108 109 10 115 116 117 118 119 15 125 126 127 128 21 134 135 136 28 142 143 36 149 45
55 65 66 76 77 78 88 89 90 91 100 101 102 103 1 111 112 113 114 2 3 121 122 123 124 4 5 6 130 131 132 133 7 8 9 10 138 139 140 141 11 12 13 14 15 145 146 147 148 16 17 18 19 20 21 151 152 153 154 22 23 24 25 26 27 28 156 157 158 159 29 30 31 32 33 34 35 36 160 161 162 163 37 38 39 40 41 42 43 44 45 164 165 166 46 47 48 49 50 51 52 53 54 167 168 56 57 58 59 60 61 62 63 64 169 67 68 69 70 71 72 73 74 75 79 80 81 82 83 84 85 86 87 92 93 94 95 96 97 98 99 104 105 106 107 108 109 110 115 116 117 118 119 120 125 126 127 128 129 134 135 136 137 142 143 144 149 150 155
56 67 68 79 80 81 3 92 93 94 5 6 104 105 106 8 9 10 115 116 117 12 13 14 15 125 126 127 17 18 19 20 21 134 135 136 23 24 25 26 27 28 142 143 144 30 31 32 33 34 35 36 149 150 151 38 39 40 41 42 43 44 45 155 156 157 47 48 49 50 51 52 53 54 55 160 161 162 57 58 59 60 61 62 63 64 65 66 164 165 166 69 70 71 72 73 74 75 76 77 78 167 168 82 83 84 85 86 87 88 89 90 91 169 95 96 97 98 99 100 101 102 103 1 107 108 109 110 111 112 113 114 2 118 119 120 121 122 123 124 4 128 129 130 131 132 133 7 137 138 139 140 141 11 145 146 147 148 16 152 153 154 22 158 159 29 163 37 46
57 68 69 80 81 82 92 93 94 95 6 104 105 106 107 9 10 115 116 117 118 13 14 15 125 126 127 128 18 19 20 21 134 135 136 137 24 25 26 27 28 142 143 144 145 31 32 33 34 35 36 149 150 151 152 39 40 41 42 43 44 45 155 156 157 158 48 49 50 51 52 53 54 55 160 161 162 163 58 59 60 61 62 63 64 65 66 164 165 166 46 70 71 72 73 74 75 76 77 78 167 168 56 83 84 85 86 87 88 89 90 91 169 67 96 97 98 99 100 101 102 103 1 79 108 109 110 111 112 113 114 2 3 119 120 121 122 123 124 4 5 129 130 131 132 133 7 8 138 139 140 141 11 12 146 147 148 16 17 153 154 22 23 159 29 30 37 38 47
58 69 70 81 82 83 93 94 95 96 104 105 106 107 108 10 115 116 117 118 119 14 15 125 126 127 128 129 19 20 21 134 135 136 137 138 25 26 27 28 142 143 144 145 146 32 33 34 35 36 149 150 151 152 153 40 41 42 43 44 45 155 156 157 158 159 49 50 51 52 53 54 55 160 161 162 163 37 59 60 61 62 63 64 65 66 164 165 166 46 47 71 72 73 74 75 76 77 78 167 168 56 57 84 85 86 87 88 89 90 91 169 67 68 97 98 99 100 101 102 103 1 79 80 109 110 111 112 113 114 2 3 92 120 121 122 123 124 4 5 6 130 131 132 133 7 8 9 139 140 141 11 12 13 147 148 16 17 18 154 22 23 24 29 30 31 38 39 48
59 70 71 82 83 84 94 95 96 97 105 106 107 108 109 115 116 117 118 119 120 15 125 126 127 128 129 130 20 21 134 135 136 137 138 139 26 27 28 142 143 144 145 146 147 33 34 35 36 149 150 151 152 153 154 41 42 43 44 45 155 156 157 158 159 29 50 51 52 53 54 55 160 161 162 163 37 38 60 61 62 63 64 65 66 164 165 166 46 47 48 72 73 74 75 76 77 78 167 168 56 57 58 85 86 87 88 89 90 91 169 67 68 69 98 99 100 101 102 103 1 79 80 81 110 111 112 113 114 2 3 92 93 121 122 123 124 4 5 6 104 131 132 133 7 8 9 10 140 141 11 12 13 14 148 16 17 18 19 22 23 24 25 30 31 32 39 40 49
60 71 72 83 84 85 95 96 97 98 106 107 108 109 110 116 117 118 119 120 121 125 126 127 128 129 130 131 21 134 135 136 137 138 139 140 27 28 142 143 144 145 146 147 148 34 35 36 149 150 151 152 153 154 22 42 43 44 45 155 156 157 158 159 29 30 51 52 53 54 55 160 161 162 163 37 38 39 61 62 63 64 65 66 164 165 166 46 47 48 49 73 74 75 76 77 78 167 168 56 57 58 59 86 87 88 89 90 91 169 67 68 69 70 99 100 101 102 103 1 79 80 81 82 111 112 113 114 2 3 92 93 94 122 123 124 4 5 6 104 105 132 133 7 8 9 10 115 141 11 12 13 14 15 16 17 18 19 20 23 24 25 26 31 32 33 40 41 50
61 72 73 84 85 86 96 97 98 99 107 108 109 110 111 117 118 119 120 121 122 126 127 128 129 130 131 132 134 135 136 137 138 139 140 141 28 142 143 144 145 146 147 148 16 35 36 149 150 151 152 153 154 22 23 43 44 45 155 156 157 158 159 29 30 31 52 53 54 55 160 161 162 163 37 38 39 40 62 63 64 65 66 164 165 166 46 47 48 49 50 74 75 76 77 78 167 168 56 57 58 59 60 87 88 89 90 91 169 67 68 69 70 71 100 101 102 103 1 79 80 81 82 83 112 113 114 2 3 92 93 94 95 123 124 4 5 6 104 105 106 133 7 8 9 10 115 116 11 12 13 14 15 125 17 18 19 20 21 24 25 26 27 32 33 34 41 42 51
62 73 74 85 86 87 97 98 99 100 108 109 110 111 112 118 119 120 121 122 123 127 128 129 130 131 132 133 135 136 137 138 139 140 141 11 142 143 144 145 146 147 148 16 17 36 149 150 151 152 153 154 22 23 24 44 45 155 156 157 158 159 29 30 31 32 53 54 55 160 161 162 163 37 38 39 40 41 63 64 65 66 164 165 166 46 47 48 49 50 51 75 76 77 78 167 168 56 57 58 59 60 61 88 89 90 91 169 67 68 69 70 71 72 101 102 103 1 79 80 81 82 83 84 113 114 2 3 92 93 94 95 96 124 4 5 6 104 105 106 107 7 8 9 10 115 116 117 12 13 14 15 125 126 18 19 20 21 134 25 26 27 28 33 34 35 42 43 52
63 74 75 86 87 88 98 99 100 101 109 110 111 112 113 119 120 121 122 123 124 128 129 130 131 132 133 7 136 137 138 139 140 141 11 12 143 144 145 146 147 148 16 17 18 149 150 151 152 153 154 22 23 24 25 45 155 156 157 158 159 29 30 31 32 33 54 55 160 161 162 163 37 38 39 40 41 42 64 65 66 164 165 166 46 47 48 49 50 51 52 76 77 78 167 168 56 57 58 59 60 61 62 89 90 91 169 67 68 69 70 71 72 73 102 103 1 79 80 81 82 83 84 85 114 2 3 92 93 94 95 96 97 4 5 6 104 105 106 107 108 8 9 10 115 116 117 118 13 14 15 125 126 127 19 20 21 134 135 26 27 28 142 34 35 36 43 44 53
64 75 76 87 88 89 99 100 101 102 110 111 112 113 114 120 121 122 123 124 4 129 130 131 132 133 7 8 137 138 139 140 141 11 12 13 144 145 146 147 148 16 17 18 19 150 151 152 153 154 22 23 24 25 26 155 156 157 158 159 29 30 31 32 33 34 55 160 161 162 163 37 38 39 40 41 42 43 65 66 164 165 166 46 47 48 49 50 51 52 53 77 78 167 168 56 57 58 59 60 61 62 63 90 91 169 67 68 69 70 71 72 73 74 103 1 79 80 81 82 83 84 85 86 2 3 92 93 94 95 96 97 98 5 6 104 105 106 107 108 109 9 10 115 116 117 118 119 14 15 125 126 127 128 20 21 134 135 136 27 28 142 143 35 36 149 44 45 54
65 76 77 88 89 90 100 101 102 103 111 112 113 114 2 121 122 123 124 4 5 130 131 132 133 7 8 9 138 139 140 141 11 12 13 14 145 146 147 148 16 17 18 19 20 151 152 153 154 22 23 24 25 26 27 156 157 158 159 29 30 31 32 33 34 35 160 161 162 163 37 38 39 40 41 42 43 44 66 164 165 166 46 47 48 49 50 51 52 53 54 78 167 168 56 57 58 59 60 61 62 63 64 91 169 67 68 69 70 71 72 73 74 75 1 79 80 81 82 83 84 85 86 87 3 92 93 94 95 96 97 98 99 6 104 105 106 107 108 109 110 10 115 116 117 118 119 120 15 125 126 127 128 129 21 134 135 136 137 28 142 143 144 36 149 150 45 155 55
66 77 78 89 90 91 101 102 103 1 112 113 114 2 3 122 123 124 4 5 6 131 132 133 7 8 9 10 139 140 141 11 12 13 14 15 146 147 148 16 17 18 19 20 21 152 153 154 22 23 24 25 26 27 28 157 158 159 29 30 31 32 33 34 35 36 161 162 163 37 38 39 40 41 42 43 44 45 164 165 166 46 47 48 49 50 51 52 53 54 55 167 168 56 57 58 59 60 61 62 63 64 65 169 67 68 69 70 71 72 73 74 75 76 79 80 81 82 83 84 85 86 87 88 92 93 94 95 96 97 98 99 100 104 105 106 107 108 109 110 111 115 116 117 118 119 120 121 125 126 127 128 129 130 134 135 136 137 138 142 143 144 145 149 150 151 155 156 160
67 79 80 3 92 93 5 6 104 105 8 9 10 115 116 12 13 14 15 125 126 17 18 19 20 21 134 135 23 24 25 26 27 28 142 143 30 31 32 33 34 35 36 149 150 38 39 40 41 42 43 44 45 155 156 47 48 49 50 51 52 53 54 55 160 161 57 58 59 60 61 62 63 64 65 66 164 165 68 69 70 71 72 73 74 75 76 77 78 167 168 81 82 83 84 85 86 87 88 89 90 91 169 94 95 96 97 98 99 100 101 102 103 1 106 107 108 109 110 111 112 113 114 2 117 118 119 120 121 122 123 124 4 127 128 129 130 131 132 133 7 136 137 138 139 140 141 11 144 145 146 147 148 16 151 152 153 154 22 157 158 159 29 162 163 37 166 46 56
68 80 81 92 93 94 6 104 105 106 9 10 115 116 117 13 14 15 125 126 127 18 19 20 21 134 135 136 24 25 26 27 28 142 143 144 31 32 33 34 35 36 149 150 151 39 40 41 42 43 44 45 155 156 157 48 49 50 51 52 53 54 55 160 161 162 58 59 60 61 62 63 64 65 66 164 165 166 69 70 71 72 73 74 75 76 77 78 167 168 56 82 83 84 85 86 87 88 89 90 91 169 67 95 96 97 98 99 100 101 102 103 1 79 107 108 109 110 111 112 113 114 2 3 118 119 120 121 122 123 124 4 5 128 129 130 131 132 133 7 8 137 138 139 140 141 11 12 145 146 147 148 16 17 152 153 154 22 23 158 159 29 30 163 37 38 46 47 57
69 81 82 93 94 95 104 105 106 107 10 115 116 117 118 14 15 125 126 127 128 19 20 21 134 135 136 137 25 26 27 28 142 143 144 145 32 33 34 35 36 149 150 151 152 40 41 42 43 44 45 155 156 157 158 49 50 51 52 53 54 55 160 161 162 163 59 60 61 62 63 64 65 66 164 165 166 46 70 71 72 73 74 75 76 77 78 167 168 56 57 83 84 85 86 87 88 89 90 91 169 67 68 96 97 98 99 100 101 102 103 1 79 80 108 109 110 111 112 113 114 2 3 92 119 120 121 122 123 124 4 5 6 129 130 131 132 133 7 8 9 138 139 140 141 11 12 13 146 147 148 16 17 18 153 154 22 23 24 159 29 30 31 37 38 39 47 48 58
70 82 83 94 95 96 105 106 107 108 115 116 117 118 119 15 125 126 127 128 129 20 21 134 135 136 137 138 26 27 28 142 143 144 145 146 33 34 35 36 149 150 151 152 153 41 42 43 44 45 155 156 157 158 159 50 51 52 53 54 55 160 161 162 163 37 60 61 62 63 64 65 66 164 165 166 46 47 71 72 73 74 75 76 77 78 167 168 56 57 58 84 85 86 87 88 89 90 91 169 67 68 69 97 98 99 100 101 102 103 1 79 80 81 109 110 111 112 113 114 2 3 92 93 120 121 122 123 124 4 5 6 104 130 131 132 133 7 8 9 10 139 140 141 11 12 13 14 147 148 16 17 18 19 154 22 23 24 25 29 30 31 32 38 39 40 48 49 59
71 83 84 95 96 97 106 107 108 109 116 117 118 119 120 125 126 127 128 129 130 21 134 135 136 137 138 139 27 28 142 143 144 145 146 147 34 35 36 149 150 151 152 153 154 42 43 44 45 155 156 157 158 159 29 51 52 53 54 55 160 161 162 163 37 38 61 62 63 64 65 66 164 165 166 46 47 48 72 73 74 75 76 77 78 167 168 56 57 58 59 85 86 87 88 89 90 91 169 67 68 69 70 98 99 100 101 102 103 1 79 80 81 82 110 111 112 113 114 2 3 92 93 94 121 122 123 124 4 5 6 104 105 131 132 133 7 8 9 10 115 140 141 11 12 13 14 15 148 16 17 18 19 20 22 23 24 25 26 30 31 32 33 39 40 41 49 50 60
72 84 85 96 97 98 107 108 109 110 117 118 119 120 121 126 127 128 129 130 131 134 135 136 137 138 139 140 28 142 143 144 145 146 147 148 35 36 149 150 151 152 153 154 22 43 44 45 155 156 157 158 159 29 30 52 53 54 55 160 161 162 163 37 38 39 62 63 64 65 66 164 165 166 46 47 48 49 73 74 75 76 77 78 167 168 56 57 58 59 60 86 87 88 89 90 91 169 67 68 69 70 71 99 100 101 102 103 1 79 80 81 82 83 111 112 113 114 2 3 92 93 94 95 122 123 124 4 5 6 104 105 106 132 133 7 8 9 10 115 116 141 11 12 13 14 15 125 16 17 18 19 20 21 23 24 25 26 27 31 32 33 34 40 41 42 50 51 61
73 85 86 97 98 99 108 109 110 111 118 119 120 121 122 127 128 129 130 131 132 135 136 137 138 139 140 141 142 143 144 145 146 147 148 16 36 149 150 151 152 153 154 22 23 44 45 155 156 157 158 159 29 30 31 53 54 55 160 161 162 163 37 38 39 40 63 64 65 66 164 165 166 46 47 48 49 50 74 75 76 77 78 167 168 56 57 58 59 60 61 87 88 89 90 91 169 67 68 69 70 71 72 100 101 102 103 1 79 80 81 82 83 84 112 113 114 2 3 92 93 94 95 96 123 124 4 5 6 104 105 106 107 133 7 8 9 10 115 116 117 11 12 13 14 15 125 126 17 18 19 20 21 134 24 25 26 27 28 32 33 34 35 41 42 43 51 52 62
74 86 87 98 99 100 109 110 111 112 119 120 121 122 123 128 129 130 131 132 133 136 137 138 139 140 141 11 143 144 145 146 147 148 16 17 149 150 151 152 153 154 22 23 24 45 155 156 157 158 159 29 30 31 32 54 55 160 161 162 163 37 38 39 40 41 64 65 66 164 165 166 46 47 48 49 50 51 75 76 77 78 167 168 56 57 58 59 60 61 62 88 89 90 91 169 67 68 69 70 71 72 73 101 102 103 1 79 80 81 82 83 84 85 113 114 2 3 92 93 94 95 96 97 124 4 5 6 104 105 106 107 108 7 8 9 10 115 116 117 118 12 13 14 15 125 126 127 18 19 20 21 134 135 25 26 27 28 142 33 34 35 36 42 43 44 52 53 63
75 87 88 99 100 101 110 111 112 113 120 121 122 123 124 129 130 131 132 133 7 137 138 139 140 141 11 12 144 145 146 147 148 16 17 18 150 151 152 153 154 22 23 24 25 155 156 157 158 159 29 30 31 32 33 55 160 161 162 163 37 38 39 40 41 42 65 66 164 165 166 46 47 48 49 50 51 52 76 77 78 167 168 56 57 58 59 60 61 62 63 89 90 91 169 67 68 69 70 71 72 73 74 102 103 1 79 80 81 82 83 84 85 86 114 2 3 92 93 94 95 96 97 98 4 5 6 104 105 106 107 108 109 8 9 10 115 116 117 118 119 13 14 15 125 126 127 128 19 20 21 134 135 136 26 27 28 142 143 34 35 36 149 43 44 45 53 54 64
76 88 89 100 101 102 111 112 113 114 121 122 123 124 4 130 131 132 133 7 8 138 139 140 141 11 12 13 145 146 147 148 16 17 18 19 151 152 153 154 22 23 24 25 26 156 157 158 159 29 30 31 32 33 34 160 161 162 163 37 38 39 40 41 42 43 66 164 165 166 46 47 48 49 50 51 52 53 77 78 167 168 56 57 58 59 60 61 62 63 64 90 91 169 67 68 69 70 71 72 73 74 75 103 1 79 80 81 82 83 84 85 86 87 2 3 92 93 94 95 96 97 98 99 5 6 104 105 106 107 108 109 110 9 10 115 116 117 118 119 120 14 15 125 126 127 128 129 20 21 134 135 136 137 27 28 142 143 144 35 36 149 150 44 45 155 54 55 65
77 89 90 101 102 103 112 113 114 2 122 123 124 4 5 131 132 133 7 8 9 139 140 141 11 12 13 14 146 147 148 16 17 18 19 20 152 153 154 22 23 24 25 26 27 157 158 159 29 30 31 32 33 34 35 161 162 163 37 38 39 40 41 42 43 44 164 165 166 46 47 48 49 50 51 52 53 54 78 167 168 56 57 58 59 60 61 62 63 64 65 91 169 67 68 69 70 71 72 73 74 75 76 1 79 80 81 82 83 84 85 86 87 88 3 92 93 94 95 96 97 98 99 100 6 104 105 106 107 108 109 110 111 10 115 116 117 118 119 120 121 15 125 126 127 128 129 130 21 134 135 136 137 138 28 142 143 144 145 36 149 150 151 45 155 156 55 160 66
78 90 91 102 103 1 113 114 2 3 123 124 4 5 6 132 133 7 8 9 10 140 141 11 12 13 14 15 147 148 16 17 18 19 20 21 153 154 22 23 24 25 26 27 28 158 159 29 30 31 32 33 34 35 36 162 163 37 38 39 40 41 42 43 44 45 165 166 46 47 48 49 50 51 52 53 54 55 167 168 56 57 58 59 60 61 62 63 64 65 66 169 67 68 69 70 71 72 73 74 75 76 77 79 80 81 82 83 84 85 86 87 88 89 92 93 94 95 96 97 98 99 100 101 104 105 106 107 108 109 110 111 112 115 116 117 118 119 120 121 122 125 126 127 128 129 130 131 134 135 136 137 138 139 142 143 144 145 146 149 150 151 152 155 156 157 160 161 164
79 3 92 5 6 104 8 9 10 115 12 13 14 15 125 17 18 19 20 21 134 23 24 25 26 27 28 142 30 31 32 33 34 35 36 149 38 39 40 41 42 43 44 45 155 47 48 49 50 51 52 53 54 55 160 57 58 59 60 61 62 63 64 65 66 164 68 69 70 71 72 73 74 75 76 77 78 167 80 81 82 83 84 85 86 87 88 89 90 91 169 93 94 95 96 97 98 99 100 101 102 103 1 105 106 107 108 109 110 111 112 113 114 2 116 117 118 119 120 121 122 123 124 4 126 127 128 129 130 131 132 133 7 135 136 137 138 139 140 141 11 143 144 145 146 147 148 16 150 151 152 153 154 22 156 157 158 159 29 161 162 163 37 165 166 46 168 56 67
80 92 93 6 104 105 9 10 115 116 13 14 15 125 126 18 19 20 21 134 135 24 25 26 27 28 142 143 31 32 33 34 35 36 149 150 39 40 41 42 43 44 45 155 156 48 49 50 51 52 53 54 55 160 161 58 59 60 61 62 63 64 65 66 164 165 69 70 71 72 73 74 75 76 77 78 167 168 81 82 83 84 85 86 87 88 89 90 91 169 67 94 95 96 97 98 99 100 101 102 103 1 79 106 107 108 109 110 111 112 113 114 2 3 117 118 119 120 121 122 123 124 4 5 127 128 129 130 131 132 133 7 8 136 137 138 139 140 141 11 12 144 145 146 147 148 16 17 151 152 153 154 22 23 157 158 159 29 30 162 163 37 38 166 46 47 56 57 68
81 93 94 104 105 106 10 115 116 117 14 15 125 126 127 19 20 21 134 135 136 25 26 27 28 142 143 144 32 33 34 35 36 149 150 151 40 41 42 43 44 45 155 156 157 49 50 51 52 53 54 55 160 161 162 59 60 61 62 63 64 65 66 164 165 166 70 71 72 73 74 75 76 77 78 167 168 56 82 83 84 85 86 87 88 89 90 91 169 67 68 95 96 97 98 99 100 101 102 103 1 79 80 107 108 109 110 111 112 113 114 2 3 92 118 119 120 121 122 123 124 4 5 6 128 129 130 131 132 133 7 8 9 137 138 139 140 141 11 12 13 145 146 147 148 16 17 18 152 153 154 22 23 24 158 159 29 30 31 163 37 38 39 46 47 48 57 58 69
82 94 95 105 106 107 115 116 117 118 15 125 126 127 128 20 21 134 135 136 137 26 27 28 142 143 144 145 33 34 35 36 149 150 151 152 41 42 43 44 45 155 156 157 158 50 51 52 53 54 55 160 161 162 163 60 61 62 63 64 65 66 164 165 166 46 71 72 73 74 75 76 77 78 167 168 56 57 83 84 85 86 87 88 89 90 91 169 67 68 69 96 97 98 99 100 101 102 103 1 79 80 81 108 109 110 111 112 113 114 2 3 92 93 119 120 121 122 123 124 4 5 6 104 129 130 131 132 133 7 8 9 10 138 139 140 141 11 12 13 14 146 147 148 16 17 18 19 153 154 22 23 24 25 159 29 30 31 32 37 38 39 40 47 48 49 58 59 70
83 95 96 106 107 108 116 117 118 119 125 126 127 128 129 21 134 135 136 137 138 27 28 142 143 144 145 146 34 35 36 149 150 151 152 153 42 43 44 45 155 156 157 158 159 51 52 53 54 55 160 161 162 163 37 61 62 63 64 65 66 164 165 166 46 47 72 73 74 75 76 77 78 167 168 56 57 58 84 85 86 87 88 89 90 91 169 67 68 69 70 97 98 99 100 101 102 103 1 79 80 81 82 109 110 111 112 113 114 2 3 92 93 94 120 121 122 123 124 4 5 6 104 105 130 131 132 133 7 8 9 10 115 139 140 141 11 12 13 14 15 147 148 16 17 18 19 20 154 22 23 24 25 26 29 30 31 32 33 38 39 40 41 48 49 50 59 60 71
84 96 97 107 108 109 117 118 119 120 126 127 128 129 130 134 135 136 137 138 139 28 142 143 144 145 146 147 35 36 149 150 151 152 153 154 43 44 45 155 156 157 158 159 29 52 53 54 55 160 161 162 163 37 38 62 63 64 65 66 164 165 166 46 47 48 73 74 75 76 77 78 167 168 56 57 58 59 85 86 87 88 89 90 91 169 67 68 69 70 71 98 99 100 101 102 103 1 79 80 81 82 83 110 111 112 113 114 2 3 92 93 94 95 121 122 123 124 4 5 6 104 105 106 131 132 133 7 8 9 10 115 116 140 141 11 12 13 14 15 125 148 16 17 18 19 20 21 22 23 24 25 26 27 30 31 32 33 34 39 40 41 42 49 50 51 60 61 72
85 97 98 108 109 110 118 119 120 121 127 128 129 130 131 135 136 137 138 139 140 142 143 144 145 146 147 148 36 149 150 151 152 153 154 22 44 45 155 156 157 158 159 29 30 53 54 55 160 161 162 163 37 38 39 63 64 65 66 164 165 166 46 47 48 49 74 75 76 77 78 167 168 56 57 58 59 60 86 87 88 89 90 91 169 67 68 69 70 71 72 99 100 101 102 103 1 79 80 81 82 83 84 111 112 113 114 2 3 92 93 94 95 96 122 123 124 4 5 6 104 105 106 107 132 133 7 8 9 10 115 116 117 141 11 12 13 14 15 125 126 16 17 18 19 20 21 134 23 24 25 26 27 28 31 32 33 34 35 40 41 42 43 50 51 52 61 62 73
86 98 99 109 110 111 119 120 121 122 128 129 130 131 132 136 137 138 139 140 141 143 144 145 146 147 148 16 149 150 151 152 153 154 22 23 45 155 156 157 158 159 29 30 31 54 55 160 161 162 163 37 38 39 40 64 65 66 164 165 166 46 47 48 49 50 75 76 77 78 167 168 56 57 58 59 60 61 87 88 89 90 91 169 67 68 69 70 71 72 73 100 101 102 103 1 79 80 81 82 83 84 85 112 113 114 2 3 92 93 94 95 96 97 123 124 4 5 6 104 105 106 107 108 133 7 8 9 10 115 116 117 118 11 12 13 14 15 125 126 127 17 18 19 20 21 134 135 24 25 26 27 28 142 32 33 34 35 36 41 42 43 44 51 52 53 62 63 74
87 99 100 110 111 112 120 121 122 123 129 130 131 132 133 137 138 139 140 141 11 144 145 146 147 148 16 17 150 151 152 153 154 22 23 24 155 156 157 158 159 29 30 31 32 55 160 161 162 163 37 38 39 40 41 65 66 164 165 166 46 47 48 49 50 51 76 77 78 167 168 56 57 58 59 60 61 62 88 89 90 91 169 67 68 69 70 71 72 73 74 101 102 103 1 79 80 81 82 83 84 85 86 113 114 2 3 92 93 94 95 96 97 98 124 4 5 6 104 105 106 107 108 109 7 8 9 10 115 116 117 118 119 12 13 14 15 125 126 127 128 18 19 20 21 134 135 136 25 26 27 28 142 143 33 34 35 36 149 42 43 44 45 52 53 54 63 64 75
88 100 101 111 112 113 121 122 123 124 130 131 132 133 7 138 139 140 141 11 12 145 146 147 148 16 17 18 151 152 153 154 22 23 24 25 156 157 158 159 29 30 31 32 33 160 161 162 163 37 38 39 40 41 42 66 164 165 166 46 47 48 49 50 51 52 77 78 167 168 56 57 58 59 60 61 62 63 89 90 91 169 67 68 69 70 71 72 73 74 75 102 103 1 79 80 81 82 83 84 85 86 87 114 2 3 92 93 94 95 96 97 98 99 4 5 6 104 105 106 107 108 109 110 8 9 10 115 116 117 118 119 120 13 14 15 125 126 127 128 129 19 20 21 134 135 136 137 26 27 28 142 143 144 34 35 36 149 150 43 44 45 155 53 54 55 64 65 76
89 101 102 112 113 114 122 123 124 4 131 132 133 7 8 139 140 141 11 12 13 146 147 148 16 17 18 19 152 153 154 22 23 24 25 26 157 158 159 29 30 31 32 33 34 161 162 163 37 38 39 40 41 42 43 164 165 166 46 47 48 49 50 51 52 53 78 167 168 56 57 58 59 60 61 62 63 64 90 91 169 67 68 69 70 71 72 73 74 75 76 103 1 79 80 81 82 83 84 85 86 87 88 2 3 92 93 94 95 96 97 98 99 100 5 6 104 105 106 107 108 109 110 111 9 10 115 116 117 118 119 120 121 14 15 125 126 127 128 129 130 20 21 134 135 136 137 138 27 28 142 143 144 145 35 36 149 150 151 44 45 155 156 54 55 160 65 66 77
90 102 103 113 114 2 123 124 4 5 132 133 7 8 9 140 141 11 12 13 14 147 148 16 17 18 19 20 153 154 22 23 24 25 26 27 158 159 29 30 31 32 33 34 35 162 163 37 38 39 40 41 42 43 44 165 166 46 47 48 49 50 51 52 53 54 167 168 56 57 58 59 60 61 62 63 64 65 91 169 67 68 69 70 71 72 73 74 75 76 77 1 79 80 81 82 83 84 85 86 87 88 89 3 92 93 94 95 96 97 98 99 100 101 6 104 105 106 107 108 109 110 111 112 10 115 116 117 118 119 120 121 122 15 125 126 127 128 129 130 131 21 134 135 136 137 138 139 28 142 143 144 145 146 36 149 150 151 152 45 155 156 157 55 160 161 66 164 78
91 103 1 114 2 3 124 4 5 6 133 7 8 9 10 141 11 12 13 14 15 148 16 17 18 19 20 21 154 22 23 24 25 26 27 28 159 29 30 31 32 33 34 35 36 163 37 38 39 40 41 42 43 44 45 166 46 47 48 49 50 51 52 53 54 55 168 56 57 58 59 60 61 62 63 64 65 66 169 67 68 69 70 71 72 73 74 75 76 77 78 79 80 81 82 83 84 85 86 87 88 89 90 92 93 94 95 96 97 98 99 100 101 102 104 105 106 107 108 109 110 111 112 113 115 116 117 118 119 120 121 122 123 125 126 127 128 129 130 131 132 134 135 136 137 138 139 140 142 143 144 145 146 147 149 150 151 152 153 155 156 157 158 160 161 162 164 165 167
92 6 104 9 10 115 13 14 15 125 18 19 20 21 134 24 25 26 27 28 142 31 32 33 34 35 36 149 39 40 41 42 43 44 45 155 48 49 50 51 52 53 54 55 160 58 59 60 61 62 63 64 65 66 164 69 70 71 72 73 74 75 76 77 78 167 81 82 83 84 85 86 87 88 89 90 91 169 93 94 95 96 97 98 99 100 101 102 103 1 79 105 106 107 108 109 110 111 112 113 114 2 3 116 117 118 119 120 121 122 123 124 4 5 126 127 128 129 130 131 132 133 7 8 135 136 137 138 139 140 141 11 12 143 144 145 146 147 148 16 17 150 151 152 153 154 22 23 156 157 158 159 29 30 161 162 163 37 38 165 166 46 47 168 56 57 67 68 80
93 104 105 10 115 116 14 15 125 126 19 20 21 134 135 25 26 27 28 142 143 32 33 34 35 36 149 150 40 41 42 43 44 45 155 156 49 50 51 52 53 54 55 160 161 59 60 61 62 63 64 65 66 164 165 70 71 72 73 74 75 76 77 78 167 168 82 83 84 85 86 87 88 89 90 91 169 67 94 95 96 97 98 99 100 101 102 103 1 79 80 106 107 108 109 110 111 112 113 114 2 3 92 117 118 119 120 121 122 123 124 4 5 6 127 128 129 130 131 132 133 7 8 9 136 137 138 139 140 141 11 12 13 144 145 146 147 148 16 17 18 151 152 153 154 22 23 24 157 158 159 29 30 31 162 163 37 38 39 166 46 47 48 56 57 58 68 69 81
94 105 106 115 116 117 15 125 126 127 20 21 134 135 136 26 27 28 142 143 144 33 34 35 36 149 150 151 41 42 43 44 45 155 156 157 50 51 52 53 54 55 160 161 162 60 61 62 63 64 65 66 164 165 166 71 72 73 74 75 76 77 78 167 168 56 83 84 85 86 87 88 89 90 91 169 67 68 95 96 97 98 99 100 101 102 103 1 79 80 81 107 108 109 110 111 112 113 114 2 3 92 93 118 119 120 121 122 123 124 4 5 6 104 128 129 130 131 132 133 7 8 9 10 137 138 139 140 141 11 12 13 14 145 146 147 148 16 17 18 19 152 153 154 22 23 24 25 158 159 29 30 31 32 163 37 38 39 40 46 47 48 49 57 58 59 69 70 82
95 106 107 116 117 118 125 126 127 128 21 134 135 136 137 27 28 142 143 144 145 34 35 36 149 150 151 152 42 43 44 45 155 156 157 158 51 52 53 54 55 160 161 162 163 61 62 63 64 65 66 164 165 166 46 72 73 74 75 76 77 78 167 168 56 57 84 85 86 87 88 89 90 91 169 67 68 69 96 97 98 99 100 101 102 103 1 79 80 81 82 108 109 110 111 112 113 114 2 3 92 93 94 119 120 121 122 123 124 4 5 6 104 105 129 130 131 132 133 7 8 9 10 115 138 139 140 141 11 12 13 14 15 146 147 148 16 17 18 19 20 153 154 22 23 24 25 26 159 29 30 31 32 33 37 38 39 40 41 47 48 49 50 58 59 60 70 71 83
96 107 108 117 118 119 126 127 128 129 134 135 136 137 138 28 142 143 144 145 146 35 36 149 150 151 152 153 43 44 45 155 156 157 158 159 52 53 54 55 160 161 162 163 37 62 63 64 65 66 164 165 166 46 47 73 74 75 76 77 78 167 168 56 57 58 85 86 87 88 89 90 91 169 67 68 69 70 97 98 99 100 101 102 103 1 79 80 81 82 83 109 110 111 112 113 114 2 3 92 93 94 95 120 121 122 123 124 4 5 6 104 105 106 130 131 132 133 7 8 9 10 115 116 139 140 141 11 12 13 14 15 125 147 148 16 17 18 19 20 21 154 22 23 24 25 26 27 29 30 31 32 33 34 38 39 40 41 42 48 49 50 51 59 60 61 71 72 84
97 108 109 118 119 120 127 128 129 130 135 136 137 138 139 142 143 144 145 146 147 36 149 150 151 152 153 154 44 45 155 156 157 158 159 29 53 54 55 160 161 162 163 37 38 63 64 65 66 164 165 166 46 47 48 74 75 76 77 78 167 168 56 57 58 59 86 87 88 89 90 91 169 67 68 69 70 71 98 99 100 101 102 103 1 79 80 81 82 83 84 110 111 112 113 114 2 3 92 93 94 95 96 121 122 123 124 4 5 6 104 105 106 107 131 132 133 7 8 9 10 115 116 117 140 141 11 12 13 14 15 125 126 148 16 17 18 19 20 21 134 22 23 24 25 26 27 28 30 31 32 33 34 35 39 40 41 42 43 49 50 51 52 60 61 62 72 73 85
98 109 110 119 120 121 128 129 130 131 136 137 138 139 140 143 144 145 146 147 148 149 150 151 152 153 154 22 45 155 156 157 158 159 29 30 54 55 160 161 162 163 37 38 39 64 65 66 164 165 166 46 47 48 49 75 76 77 78 167 168 56 57 58 59 60 87 88 89 90 91 169 67 68 69 70 71 72 99 100 101 102 103 1 79 80 81 82 83 84 85 111 112 113 114 2 3 92 93 94 95 96 97 122 123 124 4 5 6 104 105 106 107 108 132 133 7 8 9 10 115 116 117 118 141 11 12 13 14 15 125 126 127 16 17 18 19 20 21 134 135 23 24 25 26 27 28 142 31 32 33 34 35 36 40 41 42 43 44 50 51 52 53 61 62 63 73 74 86
99 110 111 120 121 122 129 130 131 132 137 138 139 140 141 144 145 146 147 148 16 150 151 152 153 154 22 23 155 156 157 158 159 29 30 31 55 160 161 162 163 37 38 39 40 65 66 164 165 166 46 47 48 49 50 76 77 78 167 168 56 57 58 59 60 61 88 89 90 91 169 67 68 69 70 71 72 73 100 101 102 103 1 79 80 81 82 83 84 85 86 112 113 114 2 3 92 93 94 95 96 97 98 123 124 4 5 6 104 105 106 107 108 109 133 7 8 9 10 115 116 117 118 119 11 12 13 14 15 125 126 127 128 17 18 19 20 21 134 135 136 24 25 26 27 28 142 143 32 33 34 35 36 149 41 42 43 44 45 51 52 53 54 62 63 64 74 75 87
100 111 112 121 122 123 130 131 132 133 138 139 140 141 11 145 146 147 148 16 17 151 152 153 154 22 23 24 156 157 158 159 29 30 31 32 160 161 162 163 37 38 39 40 41 66 164 165 166 46 47 48 49 50 51 77 78 167 168 56 57 58 59 60 61 62 89 90 91 169 67 68 69 70 71 72 73 74 101 102 103 1 79 80 81 82 83 84 85 86 87 113 114 2 3 92 93 94 95 96 97 98 99 124 4 5 6 104 105 106 107 108 109 110 7 8 9 10 115 116 117 118 119 120 12 13 14 15 125 126 127 128 129 18 19 20 21 134 135 136 137 25 26 27 28 142 143 144 33 34 35 36 149 150 42 43 44 45 155 52 53 54 55 63 64 65 75 76 88
101 112 113 122 123 124 131 132 133 7 139 140 141 11 12 146 147 148 16 17 18 152 153 154 22 23 24 25 157 158 159 29 30 31 32 33 161 162 163 37 38 39 40 41 42 164 165 166 46 47 48 49 50 51 52 78 167 168 56 57 58 59 60 61 62 63 90 91 169 67 68 69 70 71 72 73 74 75 102 103 1 79 80 81 82 83 84 85 86 87 88 114 2 3 92 93 94 95 96 97 98 99 100 4 5 6 104 105 106 107 108 109 110 111 8 9 10 115 116 117 118 119 120 121 13 14 15 125 126 127 128 129 130 19 20 21 134 135 136 137 138 26 27 28 142 143 144 145 34 35 36 149 150 151 43 44 45 155 156 53 54 55 160 64 65 66 76 77 89
102 113 114 123 124 4 132 133 7 8 140 141 11 12 13 147 148 16 17 18 19 153 154 22 23 24 25 26 158 159 29 30 31 32 33 34 162 163 37 38 39 40 41 42 43 165 166 46 47 48 49 50 51 52 53 167 168 56 57 58 59 60 61 62 63 64 91 169 67 68 69 70 71 72 73 74 75 76 103 1 79 80 81 82 83 84 85 86 87 88 89 2 3 92 93 94 95 96 97 98 99 100 101 5 6 104 105 106 107 108 109 110 111 112 9 10 115 116 117 118 119 120 121 122 14 15 125 126 127 128 129 130 131 20 21 134 135 136 137 138 139 27 28 142 143 144 145 146 35 36 149 150 151 152 44 45 155 156 157 54 55 160 161 65 66 164 77 78 90
103 114 2 124 4 5 133 7 8 9 141 11 12 13 14 148 16 17 18 19 20 154 22 23 24 25 26 27 159 29 30 31 32 33 34 35 163 37 38 39 40 41 42 43 44 166 46 47 48 49 50 51 52 53 54 168 56 57 58 59 60 61 62 63 64 65 169 67 68 69 70 71 72 73 74 75 76 77 1 79 80 81 82 83 84 85 86 87 88 89 90 3 92 93 94 95 96 97 98 99 100 101 102 6 104 105 106 107 108 109 110 111 112 113 10 115 116 117 118 119 120 121 122 123 15 125 126 127 128 129 130 131 132 21 134 135 136 137 138 139 140 28 142 143 144 145 146 147 36 149 150 151 152 153 45 155 156 157 158 55 160 161 162 66 164 165 78 167 91
104 10 115 14 15 125 19 20 21 134 25 26 27 28 142 32 33 34 35 36 149 40 41 42 43 44 45 155 49 50 51 52 53 54 55 160 59 60 61 62 63 64 65 66 164 70 71 72 73 74 75 76 77 78 167 82 83 84 85 86 87 88 89 90 91 169 94 95 96 97 98 99 100 101 102 103 1 79 105 106 107 108 109 110 111 112 113 114 2 3 92 116 117 118 119 120 121 122 123 124 4 5 6 126 127 128 129 130 131 132 133 7 8 9 135 136 137 138 139 140 141 11 12 13 143 144 145 146 147 148 16 17 18 150 151 152 153 154 22 23 24 156 157 158 159 29 30 31 161 162 163 37 38 39 165 166 46 47 48 168 56 57 58 67 68 69 80 81 93
105 115 116 15 125 126 20 21 134 135 26 27 28 142 143 33 34 35 36 149 150 41 42 43 44 45 155 156 50 51 52 53 54 55 160 161 60 61 62 63 64 65 66 164 165 71 72 73 74 75 76 77 78 167 168 83 84 85 86 87 88 89 90 91 169 67 95 96 97 98 99 100 101 102 103 1 79 80 106 107 108 109 110 111 112 113 114 2 3 92 93 117 118 119 120 121 122 123 124 4 5 6 104 127 128 129 130 131 132 133 7 8 9 10 136 137 138 139 140 141 11 12 13 14 144 145 146 147 148 16 17 18 19 151 152 153 154 22 23 24 25 157 158 159 29 30 31 32 162 163 37 38 39 40 166 46 47 48 49 56 57 58 59 68 69 70 81 82 94
106 116 117 125 126 127 21 134 135 136 27 28 142 143 144 34 35 36 149 150 151 42 43 44 45 155 156 157 51 52 53 54 55 160 161 162 61 62 63 64 65 66 164 165 166 72 73 74 75 76 77 78 167 168 56 84 85 86 87 88 89 90 91 169 67 68 96 97 98 99 100 101 102 103 1 79 80 81 107 108 109 110 111 112 113 114 2 3 92 93 94 118 119 120 121 122 123 124 4 5 6 104 105 128 129 130 131 132 133 7 8 9 10 115 137 138 139 140 141 11 12 13 14 15 145 146 147 148 16 17 18 19 20 152 153 154 22 23 24 25 26 158 159 29 30 31 32 33 163 37 38 39 40 41 46 47 48 49 50 57 58 59 60 69 70 71 82 83 95
107 117 118 126 127 128 134 135 136 137 28 142 143 144 145 35 36 149 150 151 152 43 44 45 155 156 157 158 52 53 54 55 160 161 162 163 62 63 64 65 66 164 165 166 46 73 74 75 76 77 78 167 168 56 57 85 86 87 88 89 90 91 169 67 68 69 97 98 99 100 101 102 103 1 79 80 81 82 108 109 110 111 112 113 114 2 3 92 93 94 95 119 120 121 122 123 124 4 5 6 104 105 106 129 130 131 132 133 7 8 9 10 115 116 138 139 140 141 11 12 13 14 15 125 146 147 148 16 17 18 19 20 21 153 154 22 23 24 25 26 27 159 29 30 31 32 33 34 37 38 39 40 41 42 47 48 49 50 51 58 59 60 61 70 71 72 83 84 96
108 118 119 127 128 129 135 136 137 138 142 143 144 145 146 36 149 150 151 152 153 44 45 155 156 157 158 159 53 54 55 160 161 162 163 37 63 64 65 66 164 165 166 46 47 74 75 76 77 78 167 168 56 57 58 86 87 88 89 90 91 169 67 68 69 70 98 99 100 101 102 103 1 79 80 81 82 83 109 110 111 112 113 114 2 3 92 93 94 95 96 120 121 122 123 124 4 5 6 104 105 106 107 130 131 132 133 7 8 9 10 115 116 117 139 140 141 11 12 13 14 15 125 126 147 148 16 17 18 19 20 21 134 154 22 23 24 25 26 27 28 29 30 31 32 33 34 35 38 39 40 41 42 43 48 49 50 51 52 59 60 61 62 71 72 73 84 85 97
109 119 120 128 129 130 136 137 138 139 143 144 145 146 147 149 150 151 152 153 154 45 155 156 157 158 159 29 54 55 160 161 162 163 37 38 64 65 66 164 165 166 46 47 48 75 76 77 78 167 168 56 57 58 59 87 88 89 90 91 169 67 68 69 70 71 99 100 101 102 103 1 79 80 81 82 83 84 110 111 112 113 114 2 3 92 93 94 95 96 97 121 122 123 124 4 5 6 104 105 106 107 108 131 132 133 7 8 9 10 115 116 117 118 140 141 11 12 13 14 15 125 126 127 148 16 17 18 19 20 21 134 135 22 23 24 25 26 27 28 142 30 31 32 33 34 35 36 39 40 41 42 43 44 49 50 51 52 53 60 61 62 63 72 73 74 85 86 98
110 120 121 129 130 131 137 138 139 140 144 145 146 147 148 150 151 152 153 154 22 155 156 157 158 159 29 30 55 160 161 162 163 37 38 39 65 66 164 165 166 46 47 48 49 76 77 78 167 168 56 57 58 59 60 88 89 90 91 169 67 68 69 70 71 72 100 101 102 103 1 79 80 81 82 83 84 85 111 112 113 114 2 3 92 93 94 95 96 97 98 122 123 124 4 5 6 104 105 106 107 108 109 132 133 7 8 9 10 115 116 117 118 119 141 11 12 13 14 15 125 126 127 128 16 17 18 19 20 21 134 135 136 23 24 25 26 27 28 142 143 31 32 33 34 35 36 149 40 41 42 43 44 45 50 51 52 53 54 61 62 63 64 73 74 75 86 87 99
111 121 122 130 131 132 138 139 140 141 145 146 147 148 16 151 152 153 154 22 23 156 157 158 159 29 30 31 160 161 162 163 37 38 39 40 66 164 165 166 46 47 48 49 50 77 78 167 168 56 57 58 59 60 61 89 90 91 169 67 68 69 70 71 72 73 101 102 103 1 79 80 81 82 83 84 85 86 112 113 114 2 3 92 93 94 95 96 97 98 99 123 124 4 5 6 104 105 106 107 108 109 110 133 7 8 9 10 115 116 117 118 119 120 11 12 13 14 15 125 126 127 128 129 17 18 19 20 21 134 135 136 137 24 25 26 27 28 142 143 144 32 33 34 35 36 149 150 41 42 43 44 45 155 51 52 53 54 55 62 63 64 65 74 75 76 87 88 100
112 122 123 131 132 133 139 140 141 11 146 147 148 16 17 152 153 154 22 23 24 157 158 159 29 30 31 32 161 162 163 37 38 39 40 41 164 165 166 46 47 48 49 50 51 78 167 168 56 57 58 59 60 61 62 90 91 169 67 68 69 70 71 72 73 74 102 103 1 79 80 81 82 83 84 85 86 87 113 114 2 3 92 93 94 95 96 97 98 99 100 124 4 5 6 104 105 106 107 108 109 110 111 7 8 9 10 115 116 117 118 119 120 121 12 13 14 15 125 126 127 128 129 130 18 19 20 21 134 135 136 137 138 25 26 27 28 142 143 144 145 33 34 35 36 149 150 151 42 43 44 45 155 156 52 53 54 55 160 63 64 65 66 75 76 77 88 89 101
113 123 124 132 133 7 140 141 11 12 147 148 16 17 18 153 154 22 23 24 25 158 159 29 30 31 32 33 162 163 37 38 39 40 41 42 165 166 46 47 48 49 50 51 52 167 168 56 57 58 59 60 61 62 63 91 169 67 68 69 70 71 72 73 74 75 103 1 79 80 81 82 83 84 85 86 87 88 114 2 3 92 93 94 95 96 97 98 99 100 101 4 5 6 104 105 106 107 108 109 110 111 112 8 9 10 115 116 117 118 119 120 121 122 13 14 15 125 126 127 128 129 130 131 19 20 21 134 135 136 137 138 139 26 27 28 142 143 144 145 146 34 35 36 149 150 151 152 43 44 45 155 156 157 53 54 55 160 161 64 65 66 164 76 77 78 89 90 102
114 124 4 133 7 8 141 11 12 13 148 16 17 18 19 154 22 23 24 25 26 159 29 30 31 32 33 34 163 37 38 39 40 41 42 43 166 46 47 48 49 50 51 52 53 168 56 57 58 59 60 61 62 63 64 169 67 68 69 70 71 72 73 74 75 76 1 79 80 81 82 83 84 85 86 87 88 89 2 3 92 93 94 95 96 97 98 99 100 101 102 5 6 104 105 106 107 108 109 110 111 112 113 9 10 115 116 117 118 119 120 121 122 123 14 15 125 126 127 128 129 130 131 132 20 21 134 135 136 137 138 139 140 27 28 142 143 144 145 146 147 35 36 149 150 151 152 153 44 45 155 156 157 158 54 55 160 161 162 65 66 164 165 77 78 167 90 91 103
115 15 125 20 21 134 26 27 28 142 33 34 35 36 149 41 42 43 44 45 155 50 51 52 53 54 55 160 60 61 62 63 64 65 66 164 71 72 73 74 75 76 77 78 167 83 84 85 86 87 88 89 90 91 169 95 96 97 98 99 100 101 102 103 1 79 106 107 108 109 110 111 112 113 114 2 3 92 116 117 118 119 120 121 122 123 124 4 5 6 104 126 127 128 129 130 131 132 133 7 8 9 10 135 136 137 138 139 140 141 11 12 13 14 143 144 145 146 147 148 16 17 18 19 150 151 152 153 154 22 23 24 25 156 157 158 159 29 30 31 32 161 162 163 37 38 39 40 165 166 46 47 48 49 168 56 57 58 59 67 68 69 70 80 81 82 93 94 105
116 125 126 21 134 135 27 28 142 143 34 35 36 149 150 42 43 44 45 155 156 51 52 53 54 55 160 161 61 62 63 64 65 66 164 165 72 73 74 75 76 77 78 167 168 84 85 86 87 88 89 90 91 169 67 96 97 98 99 100 101 102 103 1 79 80 107 108 109 110 111 112 113 114 2 3 92 93 117 118 119 120 121 122 123 124 4 5 6 104 105 127 128 129 130 131 132 133 7 8 9 10 115 136 137 138 139 140 141 11 12 13 14 15 144 145 146 147 148 16 17 18 19 20 151 152 153 154 22 23 24 25 26 157 158 159 29 30 31 32 33 162 163 37 38 39 40 41 166 46 47 48 49 50 56 57 58 59 60 68 69 70 71 81 82 83 94 95 106
117 126 127 134 135 136 28 142 143 144 35 36 149 150 151 43 44 45 155 156 157 52 53 54 55 160 161 162 62 63 64 65 66 164 165 166 73 74 75 76 77 78 167 168 56 85 86 87 88 89 90 91 169 67 68 97 98 99 100 101 102 103 1 79 80 81 108 109 110 111 112 113 114 2 3 92 93 94 118 119 120 121 122 123 124 4 5 6 104 105 106 128 129 130 131 132 133 7 8 9 10 115 116 137 138 139 140 141 11 12 13 14 15 125 145 146 147 148 16 17 18 19 20 21 152 153 154 22 23 24 25 26 27 158 159 29 30 31 32 33 34 163 37 38 39 40 41 42 46 47 48 49 50 51 57 58 59 60 61 69 70 71 72 82 83 84 95 96 107
118 127 128 135 136 137 142 143 144 145 36 149 150 151 152 44 45 155 156 157 158 53 54 55 160 161 162 163 63 64 65 66 164 165 166 46 74 75 76 77 78 167 168 56 57 86 87 88 89 90 91 169 67 68 69 98 99 100 101 102 103 1 79 80 81 82 109 110 111 112 113 114 2 3 92 93 94 95 119 120 121 122 123 124 4 5 6 104 105 106 107 129 130 131 132 133 7 8 9 10 115 116 117 138 139 140 141 11 12 13 14 15 125 126 146 147 148 16 17 18 19 20 21 134 153 154 22 23 24 25 26 27 28 159 29 30 31 32 33 34 35 37 38 39 40 41 42 43 47 48 49 50 51 52 58 59 60 61 62 70 71 72 73 83 84 85 96 97 108
119 128 129 136 137 138 143 144 145 146 149 150 151 152 153 45 155 156 157 158 159 54 55 160 161 162 163 37 64 65 66 164 165 166 46 47 75 76 77 78 167 168 56 57 58 87 88 89 90 91 169 67 68 69 70 99 100 101 102 103 1 79 80 81 82 83 110 111 112 113 114 2 3 92 93 94 95 96 120 121 122 123 124 4 5 6 104 105 106 107 108 130 131 132 133 7 8 9 10 115 116 117 118 139 140 141 11 12 13 14 15 125 126 127 147 148 16 17 18 19 20 21 134 135 154 22 23 24 25 26 27 28 142 29 30 31 32 33 34 35 36 38 39 40 41 42 43 44 48 49 50 51 52 53 59 60 61 62 63 71 72 73 74 84 85 86 97 98 109
120 129 130 137 138 139 144 145 146 147 150 151 152 153 154 155 156 157 158 159 29 55 160 161 162 163 37 38 65 66 164 165 166 46 47 48 76 77 78 167 168 56 57 58 59 88 89 90 91 169 67 68 69 70 71 100 101 102 103 1 79 80 81 82 83 84 111 112 113 114 2 3 92 93 94 95 96 97 121 122 123 124 4 5 6 104 105 106 107 108 109 131 132 133 7 8 9 10 115 116 117 118 119 140 141 11 12 13 14 15 125 126 127 128 148 16 17 18 19 20 21 134 135 136 22 23 24 25 26 27 28 142 143 30 31 32 33 34 35 36 149 39 40 41 42 43 44 45 49 50 51 52 53 54 60 61 62 63 64 72 73 74 75 85 86 87 98 99 110
121 130 131 138 139 140 145 146 147 148 151 152 153 154 22 156 157 158 159 29 30 160 161 162 163 37 38 39 66 164 165 166 46 47 48 49 77 78 167 168 56 57 58 59 60 89 90 91 169 67 68 69 70 71 72 101 102 103 1 79 80 81 82 83 84 85 112 113 114 2 3 92 93 94 95 96 97 98 122 123 124 4 5 6 104 105 106 107 108 109 110 132 133 7 8 9 10 115 116 117 118 119 120 141 11 12 13 14 15 125 126 127 128 129 16 17 18 19 20 21 134 135 136 137 23 24 25 26 27 28 142 143 144 31 32 33 34 35 36 149 150 40 41 42 43 44 45 155 50 51 52 53 54 55 61 62 63 64 65 73 74 75 76 86 87 88 99 100 111
122 131 132 139 140 141 146 147 148 16 152 153 154 22 23 157 158 159 29 30 31 161 162 163 37 38 39 40 164 165 166 46 47 48 49 50 78 167 168 56 57 58 59 60 61 90 91 169 67 68 69 70 71 72 73 102 103 1 79 80 81 82 83 84 85 86 113 114 2 3 92 93 94 95 96 97 98 99 123 124 4 5 6 104 105 106 107 108 109 110 111 133 7 8 9 10 115 116 117 118 119 120 121 11 12 13 14 15 125 126 127 128 129 130 17 18 19 20 21 134 135 136 137 138 24 25 26 27 28 142 143 144 145 32 33 34 35 36 149 150 151 41 42 43 44 45 155 156 51 52 53 54 55 160 62 63 64 65 66 74 75 76 77 87 88 89 100 101 112
123 132 133 140 141 11 147 148 16 17 153 154 22 23 24 158 159 29 30 31 32 162 163 37 38 39 40 41 165 166 46 47 48 49 50 51 167 168 56 57 58 59 60 61 62 91 169 67 68 69 70 71 72 73 74 103 1 79 80 81 82 83 84 85 86 87 114 2 3 92 93 94 95 96 97 98 99 100 124 4 5 6 104 105 106 107 108 109 110 111 112 7 8 9 10 115 116 117 118 119 120 121 122 12 13 14 15 125 126 127 128 129 130 131 18 19 20 21 134 135 136 137 138 139 25 26 27 28 142 143 144 145 146 33 34 35 36 149 150 151 152 42 43 44 45 155 156 157 52 53 54 55 160 161 63 64 65 66 164 75 76 77 78 88 89 90 101 102 113
124 133 7 141 11 12 148 16 17 18 154 22 23 24 25 159 29 30 31 32 33 163 37 38 39 40 41 42 166 46 47 48 49 50 51 52 168 56 57 58 59 60 61 62 63 169 67 68 69 70 71 72 73 74 75 1 79 80 81 82 83 84 85 86 87 88 2 3 92 93 94 95 96 97 98 99 100 101 4 5 6 104 105 106 107 108 109 110 111 112 113 8 9 10 115 116 117 118 119 120 121 122 123 13 14 15 125 126 127 128 129 130 131 132 19 20 21 134 135 136 137 138 139 140 26 27 28 142 143 144 145 146 147 34 35 36 149 150 151 152 153 43 44 45 155 156 157 158 53 54 55 160 161 162 64 65 66 164 165 76 77 78 167 89 90 91 102 103 114
125 21 134 27 28 142 34 35 36 149 42 43 44 45 155 51 52 53 54 55 160 61 62 63 64 65 66 164 72 73 74 75 76 77 78 167 84 85 86 87 88 89 90 91 169 96 97 98 99 100 101 102 103 1 79 107 108 109 110 111 112 113 114 2 3 92 117 118 119 120 121 122 123 124 4 5 6 104 126 127 128 129 130 131 132 133 7 8 9 10 115 135 136 137 138 139 140 141 11 12 13 14 15 143 144 145 146 147 148 16 17 18 19 20 150 151 152 153 154 22 23 24 25 26 156 157 158 159 29 30 31 32 33 161 162 163 37 38 39 40 41 165 166 46 47 48 49 50 168 56 57 58 59 60 67 68 69 70 71 80 81 82 83 93 94 95 105 106 116
126 134 135 28 142 143 35 36 149 150 43 44 45 155 156 52 53 54 55 160 161 62 63 64 65 66 164 165 73 74 75 76 77 78 167 168 85 86 87 88 89 90 91 169 67 97 98 99 100 101 102 103 1 79 80 108 109 110 111 112 113 114 2 3 92 93 118 119 120 121 122 123 124 4 5 6 104 105 127 128 129 130 131 132 133 7 8 9 10 115 116 136 137 138 139 140 141 11 12 13 14 15 125 144 145 146 147 148 16 17 18 19 20 21 151 152 153 154 22 23 24 25 26 27 157 158 159 29 30 31 32 33 34 162 163 37 38 39 40 41 42 166 46 47 48 49 50 51 56 57 58 59 60 61 68 69 70 71 72 81 82 83 84 94 95 96 106 107 117
127 135 136 142 143 144 36 149 150 151 44 45 155 156 157 53 54 55 160 161 162 63 64 65 66 164 165 166 74 75 76 77 78 167 168 56 86 87 88 89 90 91 169 67 68 98 99 100 101 102 103 1 79 80 81 109 110 111 112 113 114 2 3 92 93 94 119 120 121 122 123 124 4 5 6 104 105 106 128 129 130 131 132 133 7 8 9 10 115 116 117 137 138 139 140 141 11 12 13 14 15 125 126 145 146 147 148 16 17 18 19 20 21 134 152 153 154 22 23 24 25 26 27 28 158 159 29 30 31 32 33 34 35 163 37 38 39 40 41 42 43 46 47 48 49 50 51 52 57 58 59 60 61 62 69 70 71 72 73 82 83 84 85 95 96 97 107 108 118
128 136 137 143 144 145 149 150 151 152 45 155 156 157 158 54 55 160 161 162 163 64 65 66 164 165 166 46 75 76 77 78 167 168 56 57 87 88 89 90 91 169 67 68 69 99 100 101 102 103 1 79 80 81 82 110 111 112 113 114 2 3 92 93 94 95 120 121 122 123 124 4 5 6 104 105 106 107 129 130 131 132 133 7 8 9 10 115 116 117 118 138 139 140 141 11 12 13 14 15 125 126 127 146 147 148 16 17 18 19 20 21 134 135 153 154 22 23 24 25 26 27 28 142 159 29 30 31 32 33 34 35 36 37 38 39 40 41 42 43 44 47 48 49 50 51 52 53 58 59 60 61 62 63 70 71 72 73 74 83 84 85 86 96 97 98 108 109 119
129 137 138 144 145 146 150 151 152 153 155 156 157 158 159 55 160 161 162 163 37 65 66 164 165 166 46 47 76 77 78 167 168 56 57 58 88 89 90 91 169 67 68 69 70 100 101 102 103 1 79 80 81 82 83 111 112 113 114 2 3 92 93 94 95 96 121 122 123 124 4 5 6 104 105 106 107 108 130 131 132 133 7 8 9 10 115 116 117 118 119 139 140 141 11 12 13 14 15 125 126 127 128 147 148 16 17 18 19 20 21 134 135 136 154 22 23 24 25 26 27 28 142 143 29 30 31 32 33 34 35 36 149 38 39 40 41 42 43 44 45 48 49 50 51 52 53 54 59 60 61 62 63 64 71 72 73 74 75 84 85 86 87 97 98 99 109 110 120
130 138 139 145 146 147 151 152 153 154 156 157 158 159 29 160 161 162 163 37 38 66 164 165 166 46 47 48 77 78 167 168 56 57 58 59 89 90 91 169 67 68 69 70 71 101 102 103 1 79 80 81 82 83 84 112 113 114 2 3 92 93 94 95 96 97 122 123 124 4 5 6 104 105 106 107 108 109 131 132 133 7 8 9 10 115 116 117 118 119 120 140 141 11 12 13 14 15 125 126 127 128 129 148 16 17 18 19 20 21 134 135 136 137 22 23 24 25 26 27 28 142 143 144 30 31 32 33 34 35 36 149 150 39 40 41 42 43 44 45 155 49 50 51 52 53 54 55 60 61 62 63 64 65 72 73 74 75 76 85 86 87 88 98 99 100 110 111 121
131 139 140 146 147 148 152 153 154 22 157 158 159 29 30 161 162 163 37 38 39 164 165 166 46 47 48 49 78 167 168 56 57 58 59 60 90 91 169 67 68 69 70 71 72 102 103 1 79 80 81 82 83 84 85 113 114 2 3 92 93 94 95 96 97 98 123 124 4 5 6 104 105 106 107 108 109 110 132 133 7 8 9 10 115 116 117 118 119 120 121 141 11 12 13 14 15 125 126 127 128 129 130 16 17 18 19 20 21 134 135 136 137 138 23 24 25 26 27 28 142 143 144 145 31 32 33 34 35 36 149 150 151 40 41 42 43 44 45 155 156 50 51 52 53 54 55 160 61 62 63 64 65 66 73 74 75 76 77 86 87 88 89 99 100 101 111 112 122
132 140 141 147 148 16 153 154 22 23 158 159 29 30 31 162 163 37 38 39 40 165 166 46 47 48 49 50 167 168 56 57 58 59 60 61 91 169 67 68 69 70 71 72 73 103 1 79 80 81 82 83 84 85 86 114 2 3 92 93 94 95 96 97 98 99 124 4 5 6 104 105 106 107 108 109 110 111 133 7 8 9 10 115 116 117 118 119 120 121 122 11 12 13 14 15 125 126 127 128 129 130 131 17 18 19 20 21 134 135 136 137 138 139 24 25 26 27 28 142 143 144 145 146 32 33 34 35 36 149 150 151 152 41 42 43 44 45 155 156 157 51 52 53 54 55 160 161 62 63 64 65 66 164 74 75 76 77 78 87 88 89 90 100 101 102 112 113 123
133 141 11 148 16 17 154 22 23 24 159 29 30 31 32 163 37 38 39 40 41 166 46 47 48 49 50 51 168 56 57 58 59 60 61 62 169 67 68 69 70 71 72 73 74 1 79 80 81 82 83 84 85 86 87 2 3 92 93 94 95 96 97 98 99 100 4 5 6 104 105 106 107 108 109 110 111 112 7 8 9 10 115 116 117 118 119 120 121 122 123 12 13 14 15 125 126 127 128 129 130 131 132 18 19 20 21 134 135 136 137 138 139 140 25 26 27 28 142 143 144 145 146 147 33 34 35 36 149 150 151 152 153 42 43 44 45 155 156 157 158 52 53 54 55 160 161 162 63 64 65 66 164 165 75 76 77 78 167 88 89 90 91 101 102 103 113 114 124
134 28 142 35 36 149 43 44 45 155 52 53 54 55 160 62 63 64 65 66 164 73 74 75 76 77 78 167 85 86 87 88 89 90 91 169 97 98 99 100 101 102 103 1 79 108 109 110 111 112 113 114 2 3 92 118 119 120 121 122 123 124 4 5 6 104 127 128 129 130 131 132 133 7 8 9 10 115 135 136 137 138 139 140 141 11 12 13 14 15 125 143 144 145 146 147 148 16 17 18 19 20 21 150 151 152 153 154 22 23 24 25 26 27 156 157 158 159 29 30 31 32 33 34 161 162 163 37 38 39 40 41 42 165 166 46 47 48 49 50 51 168 56 57 58 59 60 61 67 68 69 70 71 72 80 81 82 83 84 93 94 95 96 105 106 107 116 117 126
135 142 143 36 149 150 44 45 155 156 53 54 55 160 161 63 64 65 66 164 165 74 75 76 77 78 167 168 86 87 88 89 90 91 169 67 98 99 100 101 102 103 1 79 80 109 110 111 112 113 114 2 3 92 93 119 120 121 122 123 124 4 5 6 104 105 128 129 130 131 132 133 7 8 9 10 115 116 136 137 138 139 140 141 11 12 13 14 15 125 126 144 145 146 147 148 16 17 18 19 20 21 134 151 152 153 154 22 23 24 25 26 27 28 157 158 159 29 30 31 32 33 34 35 162 163 37 38 39 40 41 42 43 166 46 47 48 49 50 51 52 56 57 58 59 60 61 62 68 69 70 71 72 73 81 82 83 84 85 94 95 96 97 106 107 108 117 118 127
136 143 144 149 150 151 45 155 156 157 54 55 160 161 162 64 65 66 164 165 166 75 76 77 78 167 168 56 87 88 89 90 91 169 67 68 99 100 101 102 103 1 79 80 81 110 111 112 113 114 2 3 92 93 94 120 121 122 123 124 4 5 6 104 105 106 129 130 131 132 133 7 8 9 10 115 116 117 137 138 139 140 141 11 12 13 14 15 125 126 127 145 146 147 148 16 17 18 19 20 21 134 135 152 153 154 22 23 24 25 26 27 28 142 158 159 29 30 31 32 33 34 35 36 163 37 38 39 40 41 42 43 44 46 47 48 49 50 51 52 53 57 58 59 60 61 62 63 69 70 71 72 73 74 82 83 84 85 86 95 96 97 98 107 108 109 118 119 128
137 144 145 150 151 152 155 156 157 158 55 160 161 162 163 65 66 164 165 166 46 76 77 78 167 168 56 57 88 89 90 91 169 67 68 69 100 101 102 103 1 79 80 81 82 111 112 113 114 2 3 92 93 94 95 121 122 123 124 4 5 6 104 105 106 107 130 131 132 133 7 8 9 10 115 116 117 118 138 139 140 141 11 12 13 14 15 125 126 127 128 146 147 148 16 17 18 19 20 21 134 135 136 153 154 22 23 24 25 26 27 28 142 143 159 29 30 31 32 33 34 35 36 149 37 38 39 40 41 42 43 44 45 47 48 49 50 51 52 53 54 58 59 60 61 62 63 64 70 71 72 73 74 75 83 84 85 86 87 96 97 98 99 108 109 110 119 120 129
138 145 146 151 152 153 156 157 158 159 160 161 162 163 37 66 164 165 166 46 47 77 78 167 168 56 57 58 89 90 91 169 67 68 69 70 101 102 103 1 79 80 81 82 83 112 113 114 2 3 92 93 94 95 96 122 123 124 4 5 6 104 105 106 107 108 131 132 133 7 8 9 10 115 116 117 118 119 139 140 141 11 12 13 14 15 125 126 127 128 129 147 148 16 17 18 19 20 21 134 135 136 137 154 22 23 24 25 26 27 28 142 143 144 29 30 31 32 33 34 35 36 149 150 38 39 40 41 42 43 44 45 155 48 49 50 51 52 53 54 55 59 60 61 62 63 64 65 71 72 73 74 75 76 84 85 86 87 88 97 98 99 100 109 110 111 120 121 130
139 146 147 152 153 154 157 158 159 29 161 162 163 37 38 164 165 166 46 47 48 78 167 168 56 57 58 59 90 91 169 67 68 69 70 71 102 103 1 79 80 81 82 83 84 113 114 2 3 92 93 94 95 96 97 123 124 4 5 6 104 105 106 107 108 109 132 133 7 8 9 10 115 116 117 118 119 120 140 141 11 12 13 14 15 125 126 127 128 129 130 148 16 17 18 19 20 21 134 135 136 137 138 22 23 24 25 26 27 28 142 143 144 145 30 31 32 33 34 35 36 149 150 151 39 40 41 42 43 44 45 155 156 49 50 51 52 53 54 55 160 60 61 62 63 64 65 66 72 73 74 75 76 77 85 86 87 88 89 98 99 100 101 110 111 112 121 122 131
140 147 148 153 154 22 158 159 29 30 162 163 37 38 39 165 166 46 47 48 49 167 168 56 57 58 59 60 91 169 67 68 69 70 71 72 103 1 79 80 81 82 83 84 85 114 2 3 92 93 94 95 96 97 98 124 4 5 6 104 105 106 107 108 109 110 133 7 8 9 10 115 116 117 118 119 120 121 141 11 12 13 14 15 125 126 127 128 129 130 131 16 17 18 19 20 21 134 135 136 137 138 139 23 24 25 26 27 28 142 143 144 145 146 31 32 33 34 35 36 149 150 151 152 40 41 42 43 44 45 155 156 157 50 51 52 53 54 55 160 161 61 62 63 64 65 66 164 73 74 75 76 77 78 86 87 88 89 90 99 100 101 102 111 112 113 122 123 132
141 148 16 154 22 23 159 29 30 31 163 37 38 39 40 166 46 47 48 49 50 168 56 57 58 59 60 61 169 67 68 69 70 71 72 73 1 79 80 81 82 83 84 85 86 2 3 92 93 94 95 96 97 98 99 4 5 6 104 105 106 107 108 109 110 111 7 8 9 10 115 116 117 118 119 120 121 122 11 12 13 14 15 125 126 127 128 129 130 131 132 17 18 19 20 21 134 135 136 137 138 139 140 24 25 26 27 28 142 143 144 145 146 147 32 33 34 35 36 149 150 151 152 153 41 42 43 44 45 155 156 157 158 51 52 53 54 55 160 161 162 62 63 64 65 66 164 165 74 75 76 77 78 167 87 88 89 90 91 100 101 102 103 112 113 114 123 124 133
142 36 149 44 45 155 53 54 55 160 63 64 65 66 164 74 75 76 77 78 167 86 87 88 89 90 91 169 98 99 100 101 102 103 1 79 109 110 111 112 113 114 2 3 92 119 120 121 122 123 124 4 5 6 104 128 129 130 131 132 133 7 8 9 10 115 136 137 138 139 140 141 11 12 13 14 15 125 143 144 145 146 147 148 16 17 18 19 20 21 134 150 151 152 153 154 22 23 24 25 26 27 28 156 157 158 159 29 30 31 32 33 34 35 161 162 163 37 38 39 40 41 42 43 165 166 46 47 48 49 50 51 52 168 56 57 58 59 60 61 62 67 68 69 70 71 72 73 80 81 82 83 84 85 93 94 95 96 97 105 106 107 108 116 117 118 126 127 135
143 149 150 45 155 156 54 55 160 161 64 65 66 164 165 75 76 77 78 167 168 87 88 89 90 91 169 67 99 100 101 102 103 1 79 80 110 111 112 113 114 2 3 92 93 120 121 122 123 124 4 5 6 104 105 129 130 131 132 133 7 8 9 10 115 116 137 138 139 140 141 11 12 13 14 15 125 126 144 145 146 147 148 16 17 18 19 20 21 134 135 151 152 153 154 22 23 24 25 26 27 28 142 157 158 159 29 30 31 32 33 34 35 36 162 163 37 38 39 40 41 42 43 44 166 46 47 48 49 50 51 52 53 56 57 58 59 60 61 62 63 68 69 70 71 72 73 74 81 82 83 84 85 86 94 95 96 97 98 106 107 108 109 117 118 119 127 128 136
144 150 151 155 156 157 55 160 161 162 65 66 164 165 166 76 77 78 167 168 56 88 89 90 91 169 67 68 100 101 102 103 1 79 80 81 111 112 113 114 2 3 92 93 94 121 122 123 124 4 5 6 104 105 106 130 131 132 133 7 8 9 10 115 116 117 138 139 140 141 11 12 13 14 15 125 126 127 145 146 147 148 16 17 18 19 20 21 134 135 136 152 153 154 22 23 24 25 26 27 28 142 143 158 159 29 30 31 32 33 34 35 36 149 163 37 38 39 40 41 42 43 44 45 46 47 48 49 50 51 52 53 54 57 58 59 60 61 62 63 64 69 70 71 72 73 74 75 82 83 84 85 86 87 95 96 97 98 99 107 108 109 110 118 119 120 128 129 137
145 151 152 156 157 158 160 161 162 163 66 164 165 166 46 77 78 167 168 56 57 89 90 91 169 67 68 69 101 102 103 1 79 80 81 82 112 113 114 2 3 92 93 94 95 122 123 124 4 5 6 104 105 106 107 131 132 133 7 8 9 10 115 116 117 118 139 140 141 11 12 13 14 15 125 126 127 128 146 147 148 16 17 18 19 20 21 134 135 136 137 153 154 22 23 24 25 26 27 28 142 143 144 159 29 30 31 32 33 34 35 36 149 150 37 38 39 40 41 42 43 44 45 155 47 48 49 50 51 52 53 54 55 58 59 60 61 62 63 64 65 70 71 72 73 74 75 76 83 84 85 86 87 88 96 97 98 99 100 108 109 110 111 119 120 121 129 130 138
146 152 153 157 158 159 161 162 163 37 164 165 166 46 47 78 167 168 56 57 58 90 91 169 67 68 69 70 102 103 1 79 80 81 82 83 113 114 2 3 92 93 94 95 96 123 124 4 5 6 104 105 106 107 108 132 133 7 8 9 10 115 116 117 118 119 140 141 11 12 13 14 15 125 126 127 128 129 147 148 16 17 18 19 20 21 134 135 136 137 138 154 22 23 24 25 26 27 28 142 143 144 145 29 30 31 32 33 34 35 36 149 150 151 38 39 40 41 42 43 44 45 155 156 48 49 50 51 52 53 54 55 160 59 60 61 62 63 64 65 66 71 72 73 74 75 76 77 84 85 86 87 88 89 97 98 99 100 101 109 110 111 112 120 121 122 130 131 139
147 153 154 158 159 29 162 163 37 38 165 166 46 47 48 167 168 56 57 58 59 91 169 67 68 69 70 71 103 1 79 80 81 82 83 84 114 2 3 92 93 94 95 96 97 124 4 5 6 104 105 106 107 108 109 133 7 8 9 10 115 116 117 118 119 120 141 11 12 13 14 15 125 126 127 128 129 130 148 16 17 18 19 20 21 134 135 136 137 138 139 22 23 24 25 26 27 28 142 143 144 145 146 30 31 32 33 34 35 36 149 150 151 152 39 40 41 42 43 44 45 155 156 157 49 50 51 52 53 54 55 160 161 60 61 62 63 64 65 66 164 72 73 74 75 76 77 78 85 86 87 88 89 90 98 99 100 101 102 110 111 112 113 121 122 123 131 132 140
148 154 22 159 29 30 163 37 38 39 166 46 47 48 49 168 56 57 58 59 60 169 67 68 69 70 71 72 1 79 80 81 82 83 84 85 2 3 92 93 94 95 96 97 98 4 5 6 104 105 106 107 108 109 110 7 8 9 10 115 116 117 118 119 120 121 11 12 13 14 15 125 126 127 128 129 130 131 16 17 18 19 20 21 134 135 136 137 138 139 140 23 24 25 26 27 28 142 143 144 145 146 147 31 32 33 34 35 36 149 150 151 152 153 40 41 42 43 44 45 155 156 157 158 50 51 52 53 54 55 160 161 162 61 62 63 64 65 66 164 165 73 74 75 76 77 78 167 86 87 88 89 90 91 99 100 101 102 103 111 112 113 114 122 123 124 132 133 141
149 45 155 54 55 160 64 65 66 164 75 76 77 78 167 87 88 89 90 91 169 99 100 101 102 103 1 79 110 111 112 113 114 2 3 92 120 121 122 123 124 4 5 6 104 129 130 131 132 133 7 8 9 10 115 137 138 139 140 141 11 12 13 14 15 125 144 145 146 147 148 16 17 18 19 20 21 134 150 151 152 153 154 22 23 24 25 26 27 28 142 156 157 158 159 29 30 31 32 33 34 35 36 161 162 163 37 38 39 40 41 42 43 44 165 166 46 47 48 49 50 51 52 53 168 56 57 58 59 60 61 62 63 67 68 69 70 71 72 73 74 80 81 82 83 84 85 86 93 94 95 96 97 98 105 106 107 108 109 116 117 118 119 126 127 128 135 136 143
150 155 156 55 160 161 65 66 164 165 76 77 78 167 168 88 89 90 91 169 67 100 101 102 103 1 79 80 111 112 113 114 2 3 92 93 121 122 123 124 4 5 6 104 105 130 131 132 133 7 8 9 10 115 116 138 139 140 141 11 12 13 14 15 125 126 145 146 147 148 16 17 18 19 20 21 134 135 151 152 153 154 22 23 24 25 26 27 28 142 143 157 158 159 29 30 31 32 33 34 35 36 149 162 163 37 38 39 40 41 42 43 44 45 166 46 47 48 49 50 51 52 53 54 56 57 58 59 60 61 62 63 64 68 69 70 71 72 73 74 75 81 82 83 84 85 86 87 94 95 96 97 98 99 106 107 108 109 110 117 118 119 120 127 128 129 136 137 144
151 156 157 160 161 162 66 164 165 166 77 78 167 168 56 89 90 91 169 67 68 101 102 103 1 79 80 81 112 113 114 2 3 92 93 94 122 123 124 4 5 6 104 105 106 131 132 133 7 8 9 10 115 116 117 139 140 141 11 12 13 14 15 125 126 127 146 147 148 16 17 18 19 20 21 134 135 136 152 153 154 22 23 24 25 26 27 28 142 143 144 158 159 29 30 31 32 33 34 35 36 149 150 163 37 38 39 40 41 42 43 44 45 155 46 47 48 49 50 51 52 53 54 55 57 58 59 60 61 62 63 64 65 69 70 71 72 73 74 75 76 82 83 84 85 86 87 88 95 96 97 98 99 100 107 108 109 110 111 118 119 120 121 128 129 130 137 138 145
152 157 158 161 162 163 164 165 166 46 78 167 168 56 57 90 91 169 67 68 69 102 103 1 79 80 81 82 113 114 2 3 92 93 94 95 123 124 4 5 6 104 105 106 107 132 133 7 8 9 10 115 116 117 118 140 141 11 12 13 14 15 125 126 127 128 147 148 16 17 18 19 20 21 134 135 136 137 153 154 22 23 24 25 26 27 28 142 143 144 145 159 29 30 31 32 33 34 35 36 149 150 151 37 38 39 40 41 42 43 44 45 155 156 47 48 49 50 51 52 53 54 55 160 58 59 60 61 62 63 64 65 66 70 71 72 73 74 75 76 77 83 84 85 86 87 88 89 96 97 98 99 100 101 108 109 110 111 112 119 120 121 122 129 130 131 138 139 146
153 158 159 162 163 37 165 166 46 47 167 168 56 57 58 91 169 67 68 69 70 103 1 79 80 81 82 83 114 2 3 92 93 94 95 96 124 4 5 6 104 105 106 107 108 133 7 8 9 10 115 116 117 118 119 141 11 12 13 14 15 125 126 127 128 129 148 16 17 18 19 20 21 134 135 136 137 138 154 22 23 24 25 26 27 28 142 143 144 145 146 29 30 31 32 33 34 35 36 149 150 151 152 38 39 40 41 42 43 44 45 155 156 157 48 49 50 51 52 53 54 55 160 161 59 60 61 62 63 64 65 66 164 71 72 73 74 75 76 77 78 84 85 86 87 88 89 90 97 98 99 100 101 102 109 110 111 112 113 120 121 122 123 130 131 132 139 140 147
154 159 29 163 37 38 166 46 47 48 168 56 57 58 59 169 67 68 69 70 71 1 79 80 81 82 83 84 2 3 92 93 94 95 96 97 4 5 6 104 105 106 107 108 109 7 8 9 10 115 116 117 118 119 120 11 12 13 14 15 125 126 127 128 129 130 16 17 18 19 20 21 134 135 136 137 138 139 22 23 24 25 26 27 28 142 143 144 145 146 147 30 31 32 33 34 35 36 149 150 151 152 153 39 40 41 42 43 44 45 155 156 157 158 49 50 51 52 53 54 55 160 161 162 60 61 62 63 64 65 66 164 165 72 73 74 75 76 77 78 167 85 86 87 88 89 90 91 98 99 100 101 102 103 110 111 112 113 114 121 122 123 124 131 132 133 140 141 148
155 55 160 65 66 164 76 77 78 167 88 89 90 91 169 100 101 102 103 1 79 111 112 113 114 2 3 92 121 122 123 124 4 5 6 104 130 131 132 133 7 8 9 10 115 138 139 140 141 11 12 13 14 15 125 145 146 147 148 16 17 18 19 20 21 134 151 152 153 154 22 23 24 25 26 27 28 142 156 157 158 159 29 30 31 32 33 34 35 36 149 161 162 163 37 38 39 40 41 42 43 44 45 165 166 46 47 48 49 50 51 52 53 54 168 56 57 58 59 60 61 62 63 64 67 68 69 70 71 72 73 74 75 80 81 82 83 84 85 86 87 93 94 95 96 97 98 99 105 106 107 108 109 110 116 117 118 119 120 126 127 128 129 135 136 137 143 144 150
156 160 161 66 164 165 77 78 167 168 89 90 91 169 67 101 102 103 1 79 80 112 113 114 2 3 92 93 122 123 124 4 5 6 104 105 131 132 133 7 8 9 10 115 116 139 140 141 11 12 13 14 15 125 126 146 147 148 16 17 18 19 20 21 134 135 152 153 154 22 23 24 25 26 27 28 142 143 157 158 159 29 30 31 32 33 34 35 36 149 150 162 163 37 38 39 40 41 42 43 44 45 155 166 46 47 48 49 50 51 52 53 54 55 56 57 58 59 60 61 62 63 64 65 68 69 70 71 72 73 74 75 76 81 82 83 84 85 86 87 88 94 95 96 97 98 99 100 106 107 108 109 110 111 117 118 119 120 121 127 128 129 130 136 137 138 144 145 151
157 161 162 164 165 166 78 167 168 56 90 91 169 67 68 102 103 1 79 80 81 113 114 2 3 92 93 94 123 124 4 5 6 104 105 106 132 133 7 8 9 10 115 116 117 140 141 11 12 13 14 15 125 126 127 147 148 16 17 18 19 20 21 134 135 136 153 154 22 23 24 25 26 27 28 142 143 144 158 159 29 30 31 32 33 34 35 36 149 150 151 163 37 38 39 40 41 42 43 44 45 155 156 46 47 48 49 50 51 52 53 54 55 160 57 58 59 60 61 62 63 64 65 66 69 70 71 72 73 74 75 76 77 82 83 84 85 86 87 88 89 95 96 97 98 99 100 101 107 108 109 110 111 112 118 119 120 121 122 128 129 130 131 137 138 139 145 146 152
158 162 163 165 166 46 167 168 56 57 91 169 67 68 69 103 1 79 80 81 82 114 2 3 92 93 94 95 124 4 5 6 104 105 106 107 133 7 8 9 10 115 116 117 118 141 11 12 13 14 15 125 126 127 128 148 16 17 18 19 20 21 134 135 136 137 154 22 23 24 25 26 27 28 142 143 144 145 159 29 30 31 32 33 34 35 36 149 150 151 152 37 38 39 40 41 42 43 44 45 155 156 157 47 48 49 50 51 52 53 54 55 160 161 58 59 60 61 62 63 64 65 66 164 70 71 72 73 74 75 76 77 78 83 84 85 86 87 88 89 90 96 97 98 99 100 101 102 108 109 110 111 112 113 119 120 121 122 123 129 130 131 132 138 139 140 146 147 153
159 163 37 166 46 47 168 56 57 58 169 67 68 69 70 1 79 80 81 82 83 2 3 92 93 94 95 96 4 5 6 104 105 106 107 108 7 8 9 10 115 116 117 118 119 11 12 13 14 15 125 126 127 128 129 16 17 18 19 20 21 134 135 136 137 138 22 23 24 25 26 27 28 142 143 144 145 146 29 30 31 32 33 34 35 36 149 150 151 152 153 38 39 40 41 42 43 44 45 155 156 157 158 48 49 50 51 52 53 54 55 160 161 162 59 60 61 62 63 64 65 66 164 165 71 72 73 74 75 76 77 78 167 84 85 86 87 88 89 90 91 97 98 99 100 101 102 103 109 110 111 112 113 114 120 121 122 123 124 130 131 132 133 139 140 141 147 148 154
160 66 164 77 78 167 89 90 91 169 101 102 103 1 79 112 113 114 2 3 92 122 123 124 4 5 6 104 131 132 133 7 8 9 10 115 139 140 141 11 12 13 14 15 125 146 147 148 16 17 18 19 20 21 134 152 153 154 22 23 24 25 26 27 28 142 157 158 159 29 30 31 32 33 34 35 36 149 161 162 163 37 38 39 40 41 42 43 44 45 155 165 166 46 47 48 49 50 51 52 53 54 55 168 56 57 58 59 60 61 62 63 64 65 67 68 69 70 71 72 73 74 75 76 80 81 82 83 84 85 86 87 88 93 94 95 96 97 98 99 100 105 106 107 108 109 110 111 116 117 118 119 120 121 126 127 128 129 130 135 136 137 138 143 144 145 150 151 156
161 164 165 78 167 168 90 91 169 67 102 103 1 79 80 113 114 2 3 92 93 123 124 4 5 6 104 105 132 133 7 8 9 10 115 116 140 141 11 12 13 14 15 125 126 147 148 16 17 18 19 20 21 134 135 153 154 22 23 24 25 26 27 28 142 143 158 159 29 30 31 32 33 34 35 36 149 150 162 163 37 38 39 40 41 42 43 44 45 155 156 166 46 47 48 49 50 51 52 53 54 55 160 56 57 58 59 60 61 62 63 64 65 66 68 69 70 71 72 73 74 75 76 77 81 82 83 84 85 86 87 88 89 94 95 96 97 98 99 100 101 106 107 108 109 110 111 112 117 118 119 120 121 122 127 128 129 130 131 136 137 138 139 144 145 146 151 152 157
162 165 166 167 168 56 91 169 67 68 103 1 79 80 81 114 2 3 92 93 94 124 4 5 6 104 105 106 133 7 8 9 10 115 116 117 141 11 12 13 14 15 125 126 127 148 16 17 18 19 20 21 134 135 136 154 22 23 24 25 26 27 28 142 143 144 159 29 30 31 32 33 34 35 36 149 150 151 163 37 38 39 40 41 42 43 44 45 155 156 157 46 47 48 49 50 51 52 53 54 55 160 161 57 58 59 60 61 62 63 64 65 66 164 69 70 71 72 73 74 75 76 77 78 82 83 84 85 86 87 88 89 90 95 96 97 98 99 100 101 102 107 108 109 110 111 112 113 118 119 120 121 122 123 128 129 130 131 132 137 138 139 140 145 146 147 152 153 158
163 166 46 168 56 57 169 67 68 69 1 79 80 81 82 2 3 92 93 94 95 4 5 6 104 105 106 107 7 8 9 10 115 116 117 118 11 12 13 14 15 125 126 127 128 16 17 18 19 20 21 134 135 136 137 22 23 24 25 26 27 28 142 143 144 145 29 30 31 32 33 34 35 36 149 150 151 152 37 38 39 40 41 42 43 44 45 155 156 157 158 47 48 49 50 51 52 53 54 55 160 161 162 58 59 60 61 62 63 64 65 66 164 165 70 71 72 73 74 75 76 77 78 167 83 84 85 86 87 88 89 90 91 96 97 98 99 100 101 102 103 108 109 110 111 112 113 114 119 120 121 122 123 124 129 130 131 132 133 138 139 140 141 146 147 148 153 154 159
164 78 167 90 91 169 102 103 1 79 113 114 2 3 92 123 124 4 5 6 104 132 133 7 8 9 10 115 140 141 11 12 13 14 15 125 147 148 16 17 18 19 20 21 134 153 154 22 23 24 25 26 27 28 142 158 159 29 30 31 32 33 34 35 36 149 162 163 37 38 39 40 41 42 43 44 45 155 165 166 46 47 48 49 50 51 52 53 54 55 160 168 56 57 58 59 60 61 62 63 64 65 66 67 68 69 70 71 72 73 74 75 76 77 80 81 82 83 84 85 86 87 88 89 93 94 95 96 97 98 99 100 101 105 106 107 108 109 110 111 112 116 117 118 119 120 121 122 126 127 128 129 130 131 135 136 137 138 139 143 144 145 146 150 151 152 156 157 161
165 167 168 91 169 67 103 1 79 80 114 2 3 92 93 124 4 5 6 104 105 133 7 8 9 10 115 116 141 11 12 13 14 15 125 126 148 16 17 18 19 20 21 134 135 154 22 23 24 25 26 27 28 142 143 159 29 30 31 32 33 34 35 36 149 150 163 37 38 39 40 41 42 43 44 45 155 156 166 46 47 48 49 50 51 52 53 54 55 160 161 56 57 58 59 60 61 62 63 64 65 66 164 68 69 70 71 72 73 74 75 76 77 78 81 82 83 84 85 86 87 88 89 90 94 95 96 97 98 99 100 101 102 106 107 108 109 110 111 112 113 117 118 119 120 121 122 123 127 128 129 130 131 132 136 137 138 139 140 144 145 146 147 151 152 153 157 158 162
166 168 56 169 67 68 1 79 80 81 2 3 92 93 94 4 5 6 104 105 106 7 8 9 10 115 116 117 11 12 13 14 15 125 126 127 16 17 18 19 20 21 134 135 136 22 23 24 25 26 27 28 142 143 144 29 30 31 32 33 34 35 36 149 150 151 37 38 39 40 41 42 43 44 45 155 156 157 46 47 48 49 50 51 52 53 54 55 160 161 162 57 58 59 60 61 62 63 64 65 66 164 165 69 70 71 72 73 74 75 76 77 78 167 82 83 84 85 86 87 88 89 90 91 95 96 97 98 99 100 101 102 103 107 108 109 110 111 112 113 114 118 119 120 121 122 123 124 128 129 130 131 132 133 137 138 139 140 141 145 146 147 148 152 153 154 158 159 163
167 91 169 103 1 79 114 2 3 92 124 4 5 6 104 133 7 8 9 10 115 141 11 12 13 14 15 125 148 16 17 18 19 20 21 134 154 22 23 24 25 26 27 28 142 159 29 30 31 32 33 34 35 36 149 163 37 38 39 40 41 42 43 44 45 155 166 46 47 48 49 50 51 52 53 54 55 160 168 56 57 58 59 60 61 62 63 64 65 66 164 67 68 69 70 71 72 73 74 75 76 77 78 80 81 82 83 84 85 86 87 88 89 90 93 94 95 96 97 98 99 100 101 102 105 106 107 108 109 110 111 112 113 116 117 118 119 120 121 122 123 126 127 128 129 130 131 132 135 136 137 138 139 140 143 144 145 146 147 150 151 152 153 156 157 158 161 162 165
168 169 67 1 79 80 2 3 92 93 4 5 6 104 105 7 8 9 10 115 116 11 12 13 14 15 125 126 16 17 18 19 20 21 134 135 22 23 24 25 26 27 28 142 143 29 30 31 32 33 34 35 36 149 150 37 38 39 40 41 42 43 44 45 155 156 46 47 48 49 50 51 52 53 54 55 160 161 56 57 58 59 60 61 62 63 64 65 66 164 165 68 69 70 71 72 73 74 75 76 77 78 167 81 82 83 84 85 86 87 88 89 90 91 94 95 96 97 98 99 100 101 102 103 106 107 108 109 110 111 112 113 114 117 118 119 120 121 122 123 124 127 128 129 130 131 132 133 136 137 138 139 140 141 144 145 146 147 148 151 152 153 154 157 158 159 162 163 166
169 1 79 2 3 92 4 5 6 104 7 8 9 10 115 11 12 13 14 15 125 16 17 18 19 20 21 134 22 23 24 25 26 27 28 142 29 30 31 32 33 34 35 36 149 37 38 39 40 41 42 43 44 45 155 46 47 48 49 50 51 52 53 54 55 160 56 57 58 59 60 61 62 63 64 65 66 164 67 68 69 70 71 72 73 74 75 76 77 78 167 80 81 82 83 84 85 86 87 88 89 90 91 93 94 95 96 97 98 99 100 101 102 103 105 106 107 108 109 110 111 112 113 114 116 117 118 119 120 121 122 123 124 126 127 128 129 130 131 132 133 135 136 137 138 139 140 141 143 144 145 146 147 148 150 151 152 153 154 156 157 158 159 161 162 163 165 166 168
