161
1 2 3 4 5 6 7 8 9 10 11 12 13 14 15 16 17 18 19 20 21 22 23 24 25 26 27 28 29 30 31 32 33 34 35 36 37 38 39 40 41 42 43 44 45 46 47 48 49 50 51 52 53 54 55 56 57 58 59 60 61 62 63 64 65 66 67 68 69 70 71 72 73 74 75 76 77 78 79 80 81 82 83 84 85 86 87 88 89 90 91 92 93 94 95 96 97 98 99 100 101 102 103 104 105 106 107 108 109 110 111 112 113 114 115 116 117 118 119 120 121 122 123 124 125 126 127 128 129 130 131 132 133 134 135 136 137 138 139 140 141 142 143 144 145 146 147 148 149 150 151 152 153 154 155 156 157 158 159 160 161
2 4 5 7 8 9 11 12 13 14 16 17 18 19 20 22 23 24 25 26 27 1 29 30 31 32 33 34 3 36 37 38 39 40 41 6 43 44 45 46 47 48 10 50 51 52 53 54 55 15 57 58 59 60 61 62 21 64 65 66 67 68 69 28 71 72 73 74 75 76 35 78 79 80 81 82 83 42 85 86 87 88 89 90 49 92 93 94 95 96 97 56 99 100 101 102 103 104 63 106 107 108 109 110 111 70 113 114 115 116 117 118 77 120 121 122 123 124 125 84 127 128 129 130 131 132 91 134 135 136 137 138 139 98 141 142 143 144 145 146 105 147 148 149 150 151 112 152 153 154 155 119 156 157 158 126 159 160 133 161 140
3 5 6 8 9 10 12 13 14 15 17 18 19 20 21 23 24 25 26 27 28 29 30 31 32 33 34 35 36 37 38 39 40 41 42 43 44 45 46 47 48 49 50 51 52 53 54 55 56 57 58 59 60 61 62 63 64 65 66 67 68 69 70 71 72 73 74 75 76 77 78 79 80 81 82 83 84 85 86 87 88 89 90 91 92 93 94 95 96 97 98 99 100 101 102 103 104 105 106 107 108 109 110 111 112 113 114 115 116 117 118 119 120 121 122 123 124 125 126 127 128 129 130 131 132 133 134 135 136 137 138 139 140 141 142 143 144 145 146 1 147 148 149 150 151 2 152 153 154 155 4 156 157 158 7 159 160 11 161 16 22
4 7 8 11 12 13 16 17 18 19 22 23 24 25 26 1 29 30 31 32 33 2 3 36 37 38 39 40 5 6 43 44 45 46 47 9 10 50 51 52 53 54 14 15 57 58 59 60 61 20 21 64 65 66 67 68 27 28 71 72 73 74 75 34 35 78 79 80 81 82 41 42 85 86 87 88 89 48 49 92 93 94 95 96 55 56 99 100 101 102 103 62 63 106 107 108 109 110 69 70 113 114 115 116 117 76 77 120 121 122 123 124 83 84 127 128 129 130 131 90 91 134 135 136 137 138 97 98 141 142 143 144 145 104 105 147 148 149 150 151 111 112 152 153 154 155 118 119 156 157 158 125 126 159 160 132 133 161 139 140 146
5 8 9 12 13 14 17 18 19 20 23 24 25 26 27 29 30 31 32 33 34 3 36 37 38 39 40 41 6 43 44 45 46 47 48 10 50 51 52 53 54 55 15 57 58 59 60 61 62 21 64 65 66 67 68 69 28 71 72 73 74 75 76 35 78 79 80 81 82 83 42 85 86 87 88 89 90 49 92 93 94 95 96 97 56 99 100 101 102 103 104 63 106 107 108 109 110 111 70 113 114 115 116 117 118 77 120 121 122 123 124 125 84 127 128 129 130 131 132 91 134 135 136 137 138 139 98 141 142 143 144 145 146 105 147 148 149 150 151 2 112 152 153 154 155 4 119 156 157 158 7 126 159 160 11 133 161 16 140 22 1
6 9 10 13 14 15 18 19 20 21 24 25 26 27 28 30 31 32 33 34 35 36 37 38 39 40 41 42 43 44 45 46 47 48 49 50 51 52 53 54 55 56 57 58 59 60 61 62 63 64 65 66 67 68 69 70 71 72 73 74 75 76 77 78 79 80 81 82 83 84 85 86 87 88 89 90 91 92 93 94 95 96 97 98 99 100 101 102 103 104 105 106 107 108 109 110 111 112 113 114 115 116 117 118 119 120 121 122 123 124 125 126 127 128 129 130 131 132 133 134 135 136 137 138 139 140 141 142 143 144 145 146 1 147 148 149 150 151 2 3 152 153 154 155 4 5 156 157 158 7 8 159 160 11 12 161 16 17 22 23 29
7 11 12 16 17 18 22 23 24 25 1 29 30 31 32 2 3 36 37 38 39 4 5 6 43 44 45 46 8 9 10 50 51 52 53 13 14 15 57 58 59 60 19 20 21 64 65 66 67 26 27 28 71 72 73 74 33 34 35 78 79 80 81 40 41 42 85 86 87 88 47 48 49 92 93 94 95 54 55 56 99 100 101 102 61 62 63 106 107 108 109 68 69 70 113 114 115 116 75 76 77 120 121 122 123 82 83 84 127 128 129 130 89 90 91 134 135 136 137 96 97 98 141 142 143 144 103 104 105 147 148 149 150 110 111 112 152 153 154 155 117 118 119 156 157 158 124 125 126 159 160 131 132 133 161 138 139 140 145 146 151
8 12 13 17 18 19 23 24 25 26 29 30 31 32 33 3 36 37 38 39 40 5 6 43 44 45 46 47 9 10 50 51 52 53 54 14 15 57 58 59 60 61 20 21 64 65 66 67 68 27 28 71 72 73 74 75 34 35 78 79 80 81 82 41 42 85 86 87 88 89 48 49 92 93 94 95 96 55 56 99 100 101 102 103 62 63 106 107 108 109 110 69 70 113 114 115 116 117 76 77 120 121 122 123 124 83 84 127 128 129 130 131 90 91 134 135 136 137 138 97 98 141 142 143 144 145 104 105 147 148 149 150 151 111 112 152 153 154 155 4 118 119 156 157 158 7 125 126 159 160 11 132 133 161 16 139 140 22 146 1 2
9 13 14 18 19 20 24 25 26 27 30 31 32 33 34 36 37 38 39 40 41 6 43 44 45 46 47 48 10 50 51 52 53 54 55 15 57 58 59 60 61 62 21 64 65 66 67 68 69 28 71 72 73 74 75 76 35 78 79 80 81 82 83 42 85 86 87 88 89 90 49 92 93 94 95 96 97 56 99 100 101 102 103 104 63 106 107 108 109 110 111 70 113 114 115 116 117 118 77 120 121 122 123 124 125 84 127 128 129 130 131 132 91 134 135 136 137 138 139 98 141 142 143 144 145 146 105 147 148 149 150 151 2 112 152 153 154 155 4 5 119 156 157 158 7 8 126 159 160 11 12 133 161 16 17 140 22 23 1 29 3
10 14 15 19 20 21 25 26 27 28 31 32 33 34 35 37 38 39 40 41 42 43 44 45 46 47 48 49 50 51 52 53 54 55 56 57 58 59 60 61 62 63 64 65 66 67 68 69 70 71 72 73 74 75 76 77 78 79 80 81 82 83 84 85 86 87 88 89 90 91 92 93 94 95 96 97 98 99 100 101 102 103 104 105 106 107 108 109 110 111 112 113 114 115 116 117 118 119 120 121 122 123 124 125 126 127 128 129 130 131 132 133 134 135 136 137 138 139 140 141 142 143 144 145 146 1 147 148 149 150 151 2 3 152 153 154 155 4 5 6 156 157 158 7 8 9 159 160 11 12 13 161 16 17 18 22 23 24 29 30 36
11 16 17 22 23 24 1 29 30 31 2 3 36 37 38 4 5 6 43 44 45 7 8 9 10 50 51 52 12 13 14 15 57 58 59 18 19 20 21 64 65 66 25 26 27 28 71 72 73 32 33 34 35 78 79 80 39 40 41 42 85 86 87 46 47 48 49 92 93 94 53 54 55 56 99 100 101 60 61 62 63 106 107 108 67 68 69 70 113 114 115 74 75 76 77 120 121 122 81 82 83 84 127 128 129 88 89 90 91 134 135 136 95 96 97 98 141 142 143 102 103 104 105 147 148 149 109 110 111 112 152 153 154 116 117 118 119 156 157 158 123 124 125 126 159 160 130 131 132 133 161 137 138 139 140 144 145 146 150 151 155
12 17 18 23 24 25 29 30 31 32 3 36 37 38 39 5 6 43 44 45 46 8 9 10 50 51 52 53 13 14 15 57 58 59 60 19 20 21 64 65 66 67 26 27 28 71 72 73 74 33 34 35 78 79 80 81 40 41 42 85 86 87 88 47 48 49 92 93 94 95 54 55 56 99 100 101 102 61 62 63 106 107 108 109 68 69 70 113 114 115 116 75 76 77 120 121 122 123 82 83 84 127 128 129 130 89 90 91 134 135 136 137 96 97 98 141 142 143 144 103 104 105 147 148 149 150 110 111 112 152 153 154 155 117 118 119 156 157 158 7 124 125 126 159 160 11 131 132 133 161 16 138 139 140 22 145 146 1 151 2 4
13 18 19 24 25 26 30 31 32 33 36 37 38 39 40 6 43 44 45 46 47 9 10 50 51 52 53 54 14 15 57 58 59 60 61 20 21 64 65 66 67 68 27 28 71 72 73 74 75 34 35 78 79 80 81 82 41 42 85 86 87 88 89 48 49 92 93 94 95 96 55 56 99 100 101 102 103 62 63 106 107 108 109 110 69 70 113 114 115 116 117 76 77 120 121 122 123 124 83 84 127 128 129 130 131 90 91 134 135 136 137 138 97 98 141 142 143 144 145 104 105 147 148 149 150 151 111 112 152 153 154 155 4 118 119 156 157 158 7 8 125 126 159 160 11 12 132 133 161 16 17 139 140 22 23 146 1 29 2 3 5
14 19 20 25 26 27 31 32 33 34 37 38 39 40 41 43 44 45 46 47 48 10 50 51 52 53 54 55 15 57 58 59 60 61 62 21 64 65 66 67 68 69 28 71 72 73 74 75 76 35 78 79 80 81 82 83 42 85 86 87 88 89 90 49 92 93 94 95 96 97 56 99 100 101 102 103 104 63 106 107 108 109 110 111 70 113 114 115 116 117 118 77 120 121 122 123 124 125 84 127 128 129 130 131 132 91 134 135 136 137 138 139 98 141 142 143 144 145 146 105 147 148 149 150 151 2 112 152 153 154 155 4 5 119 156 157 158 7 8 9 126 159 160 11 12 13 133 161 16 17 18 140 22 23 24 1 29 30 3 36 6
15 20 21 26 27 28 32 33 34 35 38 39 40 41 42 44 45 46 47 48 49 50 51 52 53 54 55 56 57 58 59 60 61 62 63 64 65 66 67 68 69 70 71 72 73 74 75 76 77 78 79 80 81 82 83 84 85 86 87 88 89 90 91 92 93 94 95 96 97 98 99 100 101 102 103 104 105 106 107 108 109 110 111 112 113 114 115 116 117 118 119 120 121 122 123 124 125 126 127 128 129 130 131 132 133 134 135 136 137 138 139 140 141 142 143 144 145 146 1 147 148 149 150 151 2 3 152 153 154 155 4 5 6 156 157 158 7 8 9 10 159 160 11 12 13 14 161 16 17 18 19 22 23 24 25 29 30 31 36 37 43
16 22 23 1 29 30 2 3 36 37 4 5 6 43 44 7 8 9 10 50 51 11 12 13 14 15 57 58 17 18 19 20 21 64 65 24 25 26 27 28 71 72 31 32 33 34 35 78 79 38 39 40 41 42 85 86 45 46 47 48 49 92 93 52 53 54 55 56 99 100 59 60 61 62 63 106 107 66 67 68 69 70 113 114 73 74 75 76 77 120 121 80 81 82 83 84 127 128 87 88 89 90 91 134 135 94 95 96 97 98 141 142 101 102 103 104 105 147 148 108 109 110 111 112 152 153 115 116 117 118 119 156 157 122 123 124 125 126 159 160 129 130 131 132 133 161 136 137 138 139 140 143 144 145 146 149 150 151 154 155 158
17 23 24 29 30 31 3 36 37 38 5 6 43 44 45 8 9 10 50 51 52 12 13 14 15 57 58 59 18 19 20 21 64 65 66 25 26 27 28 71 72 73 32 33 34 35 78 79 80 39 40 41 42 85 86 87 46 47 48 49 92 93 94 53 54 55 56 99 100 101 60 61 62 63 106 107 108 67 68 69 70 113 114 115 74 75 76 77 120 121 122 81 82 83 84 127 128 129 88 89 90 91 134 135 136 95 96 97 98 141 142 143 102 103 104 105 147 148 149 109 110 111 112 152 153 154 116 117 118 119 156 157 158 123 124 125 126 159 160 11 130 131 132 133 161 16 137 138 139 140 22 144 145 146 1 150 151 2 155 4 7
18 24 25 30 31 32 36 37 38 39 6 43 44 45 46 9 10 50 51 52 53 13 14 15 57 58 59 60 19 20 21 64 65 66 67 26 27 28 71 72 73 74 33 34 35 78 79 80 81 40 41 42 85 86 87 88 47 48 49 92 93 94 95 54 55 56 99 100 101 102 61 62 63 106 107 108 109 68 69 70 113 114 115 116 75 76 77 120 121 122 123 82 83 84 127 128 129 130 89 90 91 134 135 136 137 96 97 98 141 142 143 144 103 104 105 147 148 149 150 110 111 112 152 153 154 155 117 118 119 156 157 158 7 124 125 126 159 160 11 12 131 132 133 161 16 17 138 139 140 22 23 145 146 1 29 151 2 3 4 5 8
19 25 26 31 32 33 37 38 39 40 43 44 45 46 47 10 50 51 52 53 54 14 15 57 58 59 60 61 20 21 64 65 66 67 68 27 28 71 72 73 74 75 34 35 78 79 80 81 82 41 42 85 86 87 88 89 48 49 92 93 94 95 96 55 56 99 100 101 102 103 62 63 106 107 108 109 110 69 70 113 114 115 116 117 76 77 120 121 122 123 124 83 84 127 128 129 130 131 90 91 134 135 136 137 138 97 98 141 142 143 144 145 104 105 147 148 149 150 151 111 112 152 153 154 155 4 118 119 156 157 158 7 8 125 126 159 160 11 12 13 132 133 161 16 17 18 139 140 22 23 24 146 1 29 30 2 3 36 5 6 9
20 26 27 32 33 34 38 39 40 41 44 45 46 47 48 50 51 52 53 54 55 15 57 58 59 60 61 62 21 64 65 66 67 68 69 28 71 72 73 74 75 76 35 78 79 80 81 82 83 42 85 86 87 88 89 90 49 92 93 94 95 96 97 56 99 100 101 102 103 104 63 106 107 108 109 110 111 70 113 114 115 116 117 118 77 120 121 122 123 124 125 84 127 128 129 130 131 132 91 134 135 136 137 138 139 98 141 142 143 144 145 146 105 147 148 149 150 151 2 112 152 153 154 155 4 5 119 156 157 158 7 8 9 126 159 160 11 12 13 14 133 161 16 17 18 19 140 22 23 24 25 1 29 30 31 3 36 37 6 43 10
21 27 28 33 34 35 39 40 41 42 45 46 47 48 49 51 52 53 54 55 56 57 58 59 60 61 62 63 64 65 66 67 68 69 70 71 72 73 74 75 76 77 78 79 80 81 82 83 84 85 86 87 88 89 90 91 92 93 94 95 96 97 98 99 100 101 102 103 104 105 106 107 108 109 110 111 112 113 114 115 116 117 118 119 120 121 122 123 124 125 126 127 128 129 130 131 132 133 134 135 136 137 138 139 140 141 142 143 144 145 146 1 147 148 149 150 151 2 3 152 153 154 155 4 5 6 156 157 158 7 8 9 10 159 160 11 12 13 14 15 161 16 17 18 19 20 22 23 24 25 26 29 30 31 32 36 37 38 43 44 50
22 1 29 2 3 36 4 5 6 43 7 8 9 10 50 11 12 13 14 15 57 16 17 18 19 20 21 64 23 24 25 26 27 28 71 30 31 32 33 34 35 78 37 38 39 40 41 42 85 44 45 46 47 48 49 92 51 52 53 54 55 56 99 58 59 60 61 62 63 106 65 66 67 68 69 70 113 72 73 74 75 76 77 120 79 80 81 82 83 84 127 86 87 88 89 90 91 134 93 94 95 96 97 98 141 100 101 102 103 104 105 147 107 108 109 110 111 112 152 114 115 116 117 118 119 156 121 122 123 124 125 126 159 128 129 130 131 132 133 161 135 136 137 138 139 140 142 143 144 145 146 148 149 150 151 153 154 155 157 158 160
23 29 30 3 36 37 5 6 43 44 8 9 10 50 51 12 13 14 15 57 58 17 18 19 20 21 64 65 24 25 26 27 28 71 72 31 32 33 34 35 78 79 38 39 40 41 42 85 86 45 46 47 48 49 92 93 52 53 54 55 56 99 100 59 60 61 62 63 106 107 66 67 68 69 70 113 114 73 74 75 76 77 120 121 80 81 82 83 84 127 128 87 88 89 90 91 134 135 94 95 96 97 98 141 142 101 102 103 104 105 147 148 108 109 110 111 112 152 153 115 116 117 118 119 156 157 122 123 124 125 126 159 160 129 130 131 132 133 161 16 136 137 138 139 140 22 143 144 145 146 1 149 150 151 2 154 155 4 158 7 11
24 30 31 36 37 38 6 43 44 45 9 10 50 51 52 13 14 15 57 58 59 18 19 20 21 64 65 66 25 26 27 28 71 72 73 32 33 34 35 78 79 80 39 40 41 42 85 86 87 46 47 48 49 92 93 94 53 54 55 56 99 100 101 60 61 62 63 106 107 108 67 68 69 70 113 114 115 74 75 76 77 120 121 122 81 82 83 84 127 128 129 88 89 90 91 134 135 136 95 96 97 98 141 142 143 102 103 104 105 147 148 149 109 110 111 112 152 153 154 116 117 118 119 156 157 158 123 124 125 126 159 160 11 130 131 132 133 161 16 17 137 138 139 140 22 23 144 145 146 1 29 150 151 2 3 155 4 5 7 8 12
25 31 32 37 38 39 43 44 45 46 10 50 51 52 53 14 15 57 58 59 60 19 20 21 64 65 66 67 26 27 28 71 72 73 74 33 34 35 78 79 80 81 40 41 42 85 86 87 88 47 48 49 92 93 94 95 54 55 56 99 100 101 102 61 62 63 106 107 108 109 68 69 70 113 114 115 116 75 76 77 120 121 122 123 82 83 84 127 128 129 130 89 90 91 134 135 136 137 96 97 98 141 142 143 144 103 104 105 147 148 149 150 110 111 112 152 153 154 155 117 118 119 156 157 158 7 124 125 126 159 160 11 12 131 132 133 161 16 17 18 138 139 140 22 23 24 145 146 1 29 30 151 2 3 36 4 5 6 8 9 13
26 32 33 38 39 40 44 45 46 47 50 51 52 53 54 15 57 58 59 60 61 20 21 64 65 66 67 68 27 28 71 72 73 74 75 34 35 78 79 80 81 82 41 42 85 86 87 88 89 48 49 92 93 94 95 96 55 56 99 100 101 102 103 62 63 106 107 108 109 110 69 70 113 114 115 116 117 76 77 120 121 122 123 124 83 84 127 128 129 130 131 90 91 134 135 136 137 138 97 98 141 142 143 144 145 104 105 147 148 149 150 151 111 112 152 153 154 155 4 118 119 156 157 158 7 8 125 126 159 160 11 12 13 132 133 161 16 17 18 19 139 140 22 23 24 25 146 1 29 30 31 2 3 36 37 5 6 43 9 10 14
27 33 34 39 40 41 45 46 47 48 51 52 53 54 55 57 58 59 60 61 62 21 64 65 66 67 68 69 28 71 72 73 74 75 76 35 78 79 80 81 82 83 42 85 86 87 88 89 90 49 92 93 94 95 96 97 56 99 100 101 102 103 104 63 106 107 108 109 110 111 70 113 114 115 116 117 118 77 120 121 122 123 124 125 84 127 128 129 130 131 132 91 134 135 136 137 138 139 98 141 142 143 144 145 146 105 147 148 149 150 151 2 112 152 153 154 155 4 5 119 156 157 158 7 8 9 126 159 160 11 12 13 14 133 161 16 17 18 19 20 140 22 23 24 25 26 1 29 30 31 32 3 36 37 38 6 43 44 10 50 15
28 34 35 40 41 42 46 47 48 49 52 53 54 55 56 58 59 60 61 62 63 64 65 66 67 68 69 70 71 72 73 74 75 76 77 78 79 80 81 82 83 84 85 86 87 88 89 90 91 92 93 94 95 96 97 98 99 100 101 102 103 104 105 106 107 108 109 110 111 112 113 114 115 116 117 118 119 120 121 122 123 124 125 126 127 128 129 130 131 132 133 134 135 136 137 138 139 140 141 142 143 144 145 146 1 147 148 149 150 151 2 3 152 153 154 155 4 5 6 156 157 158 7 8 9 10 159 160 11 12 13 14 15 161 16 17 18 19 20 21 22 23 24 25 26 27 29 30 31 32 33 36 37 38 39 43 44 45 50 51 57
29 3 36 5 6 43 8 9 10 50 12 13 14 15 57 17 18 19 20 21 64 23 24 25 26 27 28 71 30 31 32 33 34 35 78 37 38 39 40 41 42 85 44 45 46 47 48 49 92 51 52 53 54 55 56 99 58 59 60 61 62 63 106 65 66 67 68 69 70 113 72 73 74 75 76 77 120 79 80 81 82 83 84 127 86 87 88 89 90 91 134 93 94 95 96 97 98 141 100 101 102 103 104 105 147 107 108 109 110 111 112 152 114 115 116 117 118 119 156 121 122 123 124 125 126 159 128 129 130 131 132 133 161 135 136 137 138 139 140 22 142 143 144 145 146 1 148 149 150 151 2 153 154 155 4 157 158 7 160 11 16
30 36 37 6 43 44 9 10 50 51 13 14 15 57 58 18 19 20 21 64 65 24 25 26 27 28 71 72 31 32 33 34 35 78 79 38 39 40 41 42 85 86 45 46 47 48 49 92 93 52 53 54 55 56 99 100 59 60 61 62 63 106 107 66 67 68 69 70 113 114 73 74 75 76 77 120 121 80 81 82 83 84 127 128 87 88 89 90 91 134 135 94 95 96 97 98 141 142 101 102 103 104 105 147 148 108 109 110 111 112 152 153 115 116 117 118 119 156 157 122 123 124 125 126 159 160 129 130 131 132 133 161 16 136 137 138 139 140 22 23 143 144 145 146 1 29 149 150 151 2 3 154 155 4 5 158 7 8 11 12 17
31 37 38 43 44 45 10 50 51 52 14 15 57 58 59 19 20 21 64 65 66 25 26 27 28 71 72 73 32 33 34 35 78 79 80 39 40 41 42 85 86 87 46 47 48 49 92 93 94 53 54 55 56 99 100 101 60 61 62 63 106 107 108 67 68 69 70 113 114 115 74 75 76 77 120 121 122 81 82 83 84 127 128 129 88 89 90 91 134 135 136 95 96 97 98 141 142 143 102 103 104 105 147 148 149 109 110 111 112 152 153 154 116 117 118 119 156 157 158 123 124 125 126 159 160 11 130 131 132 133 161 16 17 137 138 139 140 22 23 24 144 145 146 1 29 30 150 151 2 3 36 155 4 5 6 7 8 9 12 13 18
32 38 39 44 45 46 50 51 52 53 15 57 58 59 60 20 21 64 65 66 67 26 27 28 71 72 73 74 33 34 35 78 79 80 81 40 41 42 85 86 87 88 47 48 49 92 93 94 95 54 55 56 99 100 101 102 61 62 63 106 107 108 109 68 69 70 113 114 115 116 75 76 77 120 121 122 123 82 83 84 127 128 129 130 89 90 91 134 135 136 137 96 97 98 141 142 143 144 103 104 105 147 148 149 150 110 111 112 152 153 154 155 117 118 119 156 157 158 7 124 125 126 159 160 11 12 131 132 133 161 16 17 18 138 139 140 22 23 24 25 145 146 1 29 30 31 151 2 3 36 37 4 5 6 43 8 9 10 13 14 19
33 39 40 45 46 47 51 52 53 54 57 58 59 60 61 21 64 65 66 67 68 27 28 71 72 73 74 75 34 35 78 79 80 81 82 41 42 85 86 87 88 89 48 49 92 93 94 95 96 55 56 99 100 101 102 103 62 63 106 107 108 109 110 69 70 113 114 115 116 117 76 77 120 121 122 123 124 83 84 127 128 129 130 131 90 91 134 135 136 137 138 97 98 141 142 143 144 145 104 105 147 148 149 150 151 111 112 152 153 154 155 4 118 119 156 157 158 7 8 125 126 159 160 11 12 13 132 133 161 16 17 18 19 139 140 22 23 24 25 26 146 1 29 30 31 32 2 3 36 37 38 5 6 43 44 9 10 50 14 15 20
34 40 41 46 47 48 52 53 54 55 58 59 60 61 62 64 65 66 67 68 69 28 71 72 73 74 75 76 35 78 79 80 81 82 83 42 85 86 87 88 89 90 49 92 93 94 95 96 97 56 99 100 101 102 103 104 63 106 107 108 109 110 111 70 113 114 115 116 117 118 77 120 121 122 123 124 125 84 127 128 129 130 131 132 91 134 135 136 137 138 139 98 141 142 143 144 145 146 105 147 148 149 150 151 2 112 152 153 154 155 4 5 119 156 157 158 7 8 9 126 159 160 11 12 13 14 133 161 16 17 18 19 20 140 22 23 24 25 26 27 1 29 30 31 32 33 3 36 37 38 39 6 43 44 45 10 50 51 15 57 21
35 41 42 47 48 49 53 54 55 56 59 60 61 62 63 65 66 67 68 69 70 71 72 73 74 75 76 77 78 79 80 81 82 83 84 85 86 87 88 89 90 91 92 93 94 95 96 97 98 99 100 101 102 103 104 105 106 107 108 109 110 111 112 113 114 115 116 117 118 119 120 121 122 123 124 125 126 127 128 129 130 131 132 133 134 135 136 137 138 139 140 141 142 143 144 145 146 1 147 148 149 150 151 2 3 152 153 154 155 4 5 6 156 157 158 7 8 9 10 159 160 11 12 13 14 15 161 16 17 18 19 20 21 22 23 24 25 26 27 28 29 30 31 32 33 34 36 37 38 39 40 43 44 45 46 50 51 52 57 58 64
36 6 43 9 10 50 13 14 15 57 18 19 20 21 64 24 25 26 27 28 71 30 31 32 33 34 35 78 37 38 39 40 41 42 85 44 45 46 47 48 49 92 51 52 53 54 55 56 99 58 59 60 61 62 63 106 65 66 67 68 69 70 113 72 73 74 75 76 77 120 79 80 81 82 83 84 127 86 87 88 89 90 91 134 93 94 95 96 97 98 141 100 101 102 103 104 105 147 107 108 109 110 111 112 152 114 115 116 117 118 119 156 121 122 123 124 125 126 159 128 129 130 131 132 133 161 135 136 137 138 139 140 22 142 143 144 145 146 1 29 148 149 150 151 2 3 153 154 155 4 5 157 158 7 8 160 11 12 16 17 23
37 43 44 10 50 51 14 15 57 58 19 20 21 64 65 25 26 27 28 71 72 31 32 33 34 35 78 79 38 39 40 41 42 85 86 45 46 47 48 49 92 93 52 53 54 55 56 99 100 59 60 61 62 63 106 107 66 67 68 69 70 113 114 73 74 75 76 77 120 121 80 81 82 83 84 127 128 87 88 89 90 91 134 135 94 95 96 97 98 141 142 101 102 103 104 105 147 148 108 109 110 111 112 152 153 115 116 117 118 119 156 157 122 123 124 125 126 159 160 129 130 131 132 133 161 16 136 137 138 139 140 22 23 143 144 145 146 1 29 30 149 150 151 2 3 36 154 155 4 5 6 158 7 8 9 11 12 13 17 18 24
38 44 45 50 51 52 15 57 58 59 20 21 64 65 66 26 27 28 71 72 73 32 33 34 35 78 79 80 39 40 41 42 85 86 87 46 47 48 49 92 93 94 53 54 55 56 99 100 101 60 61 62 63 106 107 108 67 68 69 70 113 114 115 74 75 76 77 120 121 122 81 82 83 84 127 128 129 88 89 90 91 134 135 136 95 96 97 98 141 142 143 102 103 104 105 147 148 149 109 110 111 112 152 153 154 116 117 118 119 156 157 158 123 124 125 126 159 160 11 130 131 132 133 161 16 17 137 138 139 140 22 23 24 144 145 146 1 29 30 31 150 151 2 3 36 37 155 4 5 6 43 7 8 9 10 12 13 14 18 19 25
39 45 46 51 52 53 57 58 59 60 21 64 65 66 67 27 28 71 72 73 74 33 34 35 78 79 80 81 40 41 42 85 86 87 88 47 48 49 92 93 94 95 54 55 56 99 100 101 102 61 62 63 106 107 108 109 68 69 70 113 114 115 116 75 76 77 120 121 122 123 82 83 84 127 128 129 130 89 90 91 134 135 136 137 96 97 98 141 142 143 144 103 104 105 147 148 149 150 110 111 112 152 153 154 155 117 118 119 156 157 158 7 124 125 126 159 160 11 12 131 132 133 161 16 17 18 138 139 140 22 23 24 25 145 146 1 29 30 31 32 151 2 3 36 37 38 4 5 6 43 44 8 9 10 50 13 14 15 19 20 26
40 46 47 52 53 54 58 59 60 61 64 65 66 67 68 28 71 72 73 74 75 34 35 78 79 80 81 82 41 42 85 86 87 88 89 48 49 92 93 94 95 96 55 56 99 100 101 102 103 62 63 106 107 108 109 110 69 70 113 114 115 116 117 76 77 120 121 122 123 124 83 84 127 128 129 130 131 90 91 134 135 136 137 138 97 98 141 142 143 144 145 104 105 147 148 149 150 151 111 112 152 153 154 155 4 118 119 156 157 158 7 8 125 126 159 160 11 12 13 132 133 161 16 17 18 19 139 140 22 23 24 25 26 146 1 29 30 31 32 33 2 3 36 37 38 39 5 6 43 44 45 9 10 50 51 14 15 57 20 21 27
41 47 48 53 54 55 59 60 61 62 65 66 67 68 69 71 72 73 74 75 76 35 78 79 80 81 82 83 42 85 86 87 88 89 90 49 92 93 94 95 96 97 56 99 100 101 102 103 104 63 106 107 108 109 110 111 70 113 114 115 116 117 118 77 120 121 122 123 124 125 84 127 128 129 130 131 132 91 134 135 136 137 138 139 98 141 142 143 144 145 146 105 147 148 149 150 151 2 112 152 153 154 155 4 5 119 156 157 158 7 8 9 126 159 160 11 12 13 14 133 161 16 17 18 19 20 140 22 23 24 25 26 27 1 29 30 31 32 33 34 3 36 37 38 39 40 6 43 44 45 46 10 50 51 52 15 57 58 21 64 28
42 48 49 54 55 56 60 61 62 63 66 67 68 69 70 72 73 74 75 76 77 78 79 80 81 82 83 84 85 86 87 88 89 90 91 92 93 94 95 96 97 98 99 100 101 102 103 104 105 106 107 108 109 110 111 112 113 114 115 116 117 118 119 120 121 122 123 124 125 126 127 128 129 130 131 132 133 134 135 136 137 138 139 140 141 142 143 144 145 146 1 147 148 149 150 151 2 3 152 153 154 155 4 5 6 156 157 158 7 8 9 10 159 160 11 12 13 14 15 161 16 17 18 19 20 21 22 23 24 25 26 27 28 29 30 31 32 33 34 35 36 37 38 39 40 41 43 44 45 46 47 50 51 52 53 57 58 59 64 65 71
43 10 50 14 15 57 19 20 21 64 25 26 27 28 71 31 32 33 34 35 78 37 38 39 40 41 42 85 44 45 46 47 48 49 92 51 52 53 54 55 56 99 58 59 60 61 62 63 106 65 66 67 68 69 70 113 72 73 74 75 76 77 120 79 80 81 82 83 84 127 86 87 88 89 90 91 134 93 94 95 96 97 98 141 100 101 102 103 104 105 147 107 108 109 110 111 112 152 114 115 116 117 118 119 156 121 122 123 124 125 126 159 128 129 130 131 132 133 161 135 136 137 138 139 140 22 142 143 144 145 146 1 29 148 149 150 151 2 3 36 153 154 155 4 5 6 157 158 7 8 9 160 11 12 13 16 17 18 23 24 30
44 50 51 15 57 58 20 21 64 65 26 27 28 71 72 32 33 34 35 78 79 38 39 40 41 42 85 86 45 46 47 48 49 92 93 52 53 54 55 56 99 100 59 60 61 62 63 106 107 66 67 68 69 70 113 114 73 74 75 76 77 120 121 80 81 82 83 84 127 128 87 88 89 90 91 134 135 94 95 96 97 98 141 142 101 102 103 104 105 147 148 108 109 110 111 112 152 153 115 116 117 118 119 156 157 122 123 124 125 126 159 160 129 130 131 132 133 161 16 136 137 138 139 140 22 23 143 144 145 146 1 29 30 149 150 151 2 3 36 37 154 155 4 5 6 43 158 7 8 9 10 11 12 13 14 17 18 19 24 25 31
45 51 52 57 58 59 21 64 65 66 27 28 71 72 73 33 34 35 78 79 80 39 40 41 42 85 86 87 46 47 48 49 92 93 94 53 54 55 56 99 100 101 60 61 62 63 106 107 108 67 68 69 70 113 114 115 74 75 76 77 120 121 122 81 82 83 84 127 128 129 88 89 90 91 134 135 136 95 96 97 98 141 142 143 102 103 104 105 147 148 149 109 110 111 112 152 153 154 116 117 118 119 156 157 158 123 124 125 126 159 160 11 130 131 132 133 161 16 17 137 138 139 140 22 23 24 144 145 146 1 29 30 31 150 151 2 3 36 37 38 155 4 5 6 43 44 7 8 9 10 50 12 13 14 15 18 19 20 25 26 32
46 52 53 58 59 60 64 65 66 67 28 71 72 73 74 34 35 78 79 80 81 40 41 42 85 86 87 88 47 48 49 92 93 94 95 54 55 56 99 100 101 102 61 62 63 106 107 108 109 68 69 70 113 114 115 116 75 76 77 120 121 122 123 82 83 84 127 128 129 130 89 90 91 134 135 136 137 96 97 98 141 142 143 144 103 104 105 147 148 149 150 110 111 112 152 153 154 155 117 118 119 156 157 158 7 124 125 126 159 160 11 12 131 132 133 161 16 17 18 138 139 140 22 23 24 25 145 146 1 29 30 31 32 151 2 3 36 37 38 39 4 5 6 43 44 45 8 9 10 50 51 13 14 15 57 19 20 21 26 27 33
47 53 54 59 60 61 65 66 67 68 71 72 73 74 75 35 78 79 80 81 82 41 42 85 86 87 88 89 48 49 92 93 94 95 96 55 56 99 100 101 102 103 62 63 106 107 108 109 110 69 70 113 114 115 116 117 76 77 120 121 122 123 124 83 84 127 128 129 130 131 90 91 134 135 136 137 138 97 98 141 142 143 144 145 104 105 147 148 149 150 151 111 112 152 153 154 155 4 118 119 156 157 158 7 8 125 126 159 160 11 12 13 132 133 161 16 17 18 19 139 140 22 23 24 25 26 146 1 29 30 31 32 33 2 3 36 37 38 39 40 5 6 43 44 45 46 9 10 50 51 52 14 15 57 58 20 21 64 27 28 34
48 54 55 60 61 62 66 67 68 69 72 73 74 75 76 78 79 80 81 82 83 42 85 86 87 88 89 90 49 92 93 94 95 96 97 56 99 100 101 102 103 104 63 106 107 108 109 110 111 70 113 114 115 116 117 118 77 120 121 122 123 124 125 84 127 128 129 130 131 132 91 134 135 136 137 138 139 98 141 142 143 144 145 146 105 147 148 149 150 151 2 112 152 153 154 155 4 5 119 156 157 158 7 8 9 126 159 160 11 12 13 14 133 161 16 17 18 19 20 140 22 23 24 25 26 27 1 29 30 31 32 33 34 3 36 37 38 39 40 41 6 43 44 45 46 47 10 50 51 52 53 15 57 58 59 21 64 65 28 71 35
49 55 56 61 62 63 67 68 69 70 73 74 75 76 77 79 80 81 82 83 84 85 86 87 88 89 90 91 92 93 94 95 96 97 98 99 100 101 102 103 104 105 106 107 108 109 110 111 112 113 114 115 116 117 118 119 120 121 122 123 124 125 126 127 128 129 130 131 132 133 134 135 136 137 138 139 140 141 142 143 144 145 146 1 147 148 149 150 151 2 3 152 153 154 155 4 5 6 156 157 158 7 8 9 10 159 160 11 12 13 14 15 161 16 17 18 19 20 21 22 23 24 25 26 27 28 29 30 31 32 33 34 35 36 37 38 39 40 41 42 43 44 45 46 47 48 50 51 52 53 54 57 58 59 60 64 65 66 71 72 78
50 15 57 20 21 64 26 27 28 71 32 33 34 35 78 38 39 40 41 42 85 44 45 46 47 48 49 92 51 52 53 54 55 56 99 58 59 60 61 62 63 106 65 66 67 68 69 70 113 72 73 74 75 76 77 120 79 80 81 82 83 84 127 86 87 88 89 90 91 134 93 94 95 96 97 98 141 100 101 102 103 104 105 147 107 108 109 110 111 112 152 114 115 116 117 118 119 156 121 122 123 124 125 126 159 128 129 130 131 132 133 161 135 136 137 138 139 140 22 142 143 144 145 146 1 29 148 149 150 151 2 3 36 153 154 155 4 5 6 43 157 158 7 8 9 10 160 11 12 13 14 16 17 18 19 23 24 25 30 31 37
51 57 58 21 64 65 27 28 71 72 33 34 35 78 79 39 40 41 42 85 86 45 46 47 48 49 92 93 52 53 54 55 56 99 100 59 60 61 62 63 106 107 66 67 68 69 70 113 114 73 74 75 76 77 120 121 80 81 82 83 84 127 128 87 88 89 90 91 134 135 94 95 96 97 98 141 142 101 102 103 104 105 147 148 108 109 110 111 112 152 153 115 116 117 118 119 156 157 122 123 124 125 126 159 160 129 130 131 132 133 161 16 136 137 138 139 140 22 23 143 144 145 146 1 29 30 149 150 151 2 3 36 37 154 155 4 5 6 43 44 158 7 8 9 10 50 11 12 13 14 15 17 18 19 20 24 25 26 31 32 38
52 58 59 64 65 66 28 71 72 73 34 35 78 79 80 40 41 42 85 86 87 46 47 48 49 92 93 94 53 54 55 56 99 100 101 60 61 62 63 106 107 108 67 68 69 70 113 114 115 74 75 76 77 120 121 122 81 82 83 84 127 128 129 88 89 90 91 134 135 136 95 96 97 98 141 142 143 102 103 104 105 147 148 149 109 110 111 112 152 153 154 116 117 118 119 156 157 158 123 124 125 126 159 160 11 130 131 132 133 161 16 17 137 138 139 140 22 23 24 144 145 146 1 29 30 31 150 151 2 3 36 37 38 155 4 5 6 43 44 45 7 8 9 10 50 51 12 13 14 15 57 18 19 20 21 25 26 27 32 33 39
53 59 60 65 66 67 71 72 73 74 35 78 79 80 81 41 42 85 86 87 88 47 48 49 92 93 94 95 54 55 56 99 100 101 102 61 62 63 106 107 108 109 68 69 70 113 114 115 116 75 76 77 120 121 122 123 82 83 84 127 128 129 130 89 90 91 134 135 136 137 96 97 98 141 142 143 144 103 104 105 147 148 149 150 110 111 112 152 153 154 155 117 118 119 156 157 158 7 124 125 126 159 160 11 12 131 132 133 161 16 17 18 138 139 140 22 23 24 25 145 146 1 29 30 31 32 151 2 3 36 37 38 39 4 5 6 43 44 45 46 8 9 10 50 51 52 13 14 15 57 58 19 20 21 64 26 27 28 33 34 40
54 60 61 66 67 68 72 73 74 75 78 79 80 81 82 42 85 86 87 88 89 48 49 92 93 94 95 96 55 56 99 100 101 102 103 62 63 106 107 108 109 110 69 70 113 114 115 116 117 76 77 120 121 122 123 124 83 84 127 128 129 130 131 90 91 134 135 136 137 138 97 98 141 142 143 144 145 104 105 147 148 149 150 151 111 112 152 153 154 155 4 118 119 156 157 158 7 8 125 126 159 160 11 12 13 132 133 161 16 17 18 19 139 140 22 23 24 25 26 146 1 29 30 31 32 33 2 3 36 37 38 39 40 5 6 43 44 45 46 47 9 10 50 51 52 53 14 15 57 58 59 20 21 64 65 27 28 71 34 35 41
55 61 62 67 68 69 73 74 75 76 79 80 81 82 83 85 86 87 88 89 90 49 92 93 94 95 96 97 56 99 100 101 102 103 104 63 106 107 108 109 110 111 70 113 114 115 116 117 118 77 120 121 122 123 124 125 84 127 128 129 130 131 132 91 134 135 136 137 138 139 98 141 142 143 144 145 146 105 147 148 149 150 151 2 112 152 153 154 155 4 5 119 156 157 158 7 8 9 126 159 160 11 12 13 14 133 161 16 17 18 19 20 140 22 23 24 25 26 27 1 29 30 31 32 33 34 3 36 37 38 39 40 41 6 43 44 45 46 47 48 10 50 51 52 53 54 15 57 58 59 60 21 64 65 66 28 71 72 35 78 42
56 62 63 68 69 70 74 75 76 77 80 81 82 83 84 86 87 88 89 90 91 92 93 94 95 96 97 98 99 100 101 102 103 104 105 106 107 108 109 110 111 112 113 114 115 116 117 118 119 120 121 122 123 124 125 126 127 128 129 130 131 132 133 134 135 136 137 138 139 140 141 142 143 144 145 146 1 147 148 149 150 151 2 3 152 153 154 155 4 5 6 156 157 158 7 8 9 10 159 160 11 12 13 14 15 161 16 17 18 19 20 21 22 23 24 25 26 27 28 29 30 31 32 33 34 35 36 37 38 39 40 41 42 43 44 45 46 47 48 49 50 51 52 53 54 55 57 58 59 60 61 64 65 66 67 71 72 73 78 79 85
57 21 64 27 28 71 33 34 35 78 39 40 41 42 85 45 46 47 48 49 92 51 52 53 54 55 56 99 58 59 60 61 62 63 106 65 66 67 68 69 70 113 72 73 74 75 76 77 120 79 80 81 82 83 84 127 86 87 88 89 90 91 134 93 94 95 96 97 98 141 100 101 102 103 104 105 147 107 108 109 110 111 112 152 114 115 116 117 118 119 156 121 122 123 124 125 126 159 128 129 130 131 132 133 161 135 136 137 138 139 140 22 142 143 144 145 146 1 29 148 149 150 151 2 3 36 153 154 155 4 5 6 43 157 158 7 8 9 10 50 160 11 12 13 14 15 16 17 18 19 20 23 24 25 26 30 31 32 37 38 44
58 64 65 28 71 72 34 35 78 79 40 41 42 85 86 46 47 48 49 92 93 52 53 54 55 56 99 100 59 60 61 62 63 106 107 66 67 68 69 70 113 114 73 74 75 76 77 120 121 80 81 82 83 84 127 128 87 88 89 90 91 134 135 94 95 96 97 98 141 142 101 102 103 104 105 147 148 108 109 110 111 112 152 153 115 116 117 118 119 156 157 122 123 124 125 126 159 160 129 130 131 132 133 161 16 136 137 138 139 140 22 23 143 144 145 146 1 29 30 149 150 151 2 3 36 37 154 155 4 5 6 43 44 158 7 8 9 10 50 51 11 12 13 14 15 57 17 18 19 20 21 24 25 26 27 31 32 33 38 39 45
59 65 66 71 72 73 35 78 79 80 41 42 85 86 87 47 48 49 92 93 94 53 54 55 56 99 100 101 60 61 62 63 106 107 108 67 68 69 70 113 114 115 74 75 76 77 120 121 122 81 82 83 84 127 128 129 88 89 90 91 134 135 136 95 96 97 98 141 142 143 102 103 104 105 147 148 149 109 110 111 112 152 153 154 116 117 118 119 156 157 158 123 124 125 126 159 160 11 130 131 132 133 161 16 17 137 138 139 140 22 23 24 144 145 146 1 29 30 31 150 151 2 3 36 37 38 155 4 5 6 43 44 45 7 8 9 10 50 51 52 12 13 14 15 57 58 18 19 20 21 64 25 26 27 28 32 33 34 39 40 46
60 66 67 72 73 74 78 79 80 81 42 85 86 87 88 48 49 92 93 94 95 54 55 56 99 100 101 102 61 62 63 106 107 108 109 68 69 70 113 114 115 116 75 76 77 120 121 122 123 82 83 84 127 128 129 130 89 90 91 134 135 136 137 96 97 98 141 142 143 144 103 104 105 147 148 149 150 110 111 112 152 153 154 155 117 118 119 156 157 158 7 124 125 126 159 160 11 12 131 132 133 161 16 17 18 138 139 140 22 23 24 25 145 146 1 29 30 31 32 151 2 3 36 37 38 39 4 5 6 43 44 45 46 8 9 10 50 51 52 53 13 14 15 57 58 59 19 20 21 64 65 26 27 28 71 33 34 35 40 41 47
61 67 68 73 74 75 79 80 81 82 85 86 87 88 89 49 92 93 94 95 96 55 56 99 100 101 102 103 62 63 106 107 108 109 110 69 70 113 114 115 116 117 76 77 120 121 122 123 124 83 84 127 128 129 130 131 90 91 134 135 136 137 138 97 98 141 142 143 144 145 104 105 147 148 149 150 151 111 112 152 153 154 155 4 118 119 156 157 158 7 8 125 126 159 160 11 12 13 132 133 161 16 17 18 19 139 140 22 23 24 25 26 146 1 29 30 31 32 33 2 3 36 37 38 39 40 5 6 43 44 45 46 47 9 10 50 51 52 53 54 14 15 57 58 59 60 20 21 64 65 66 27 28 71 72 34 35 78 41 42 48
62 68 69 74 75 76 80 81 82 83 86 87 88 89 90 92 93 94 95 96 97 56 99 100 101 102 103 104 63 106 107 108 109 110 111 70 113 114 115 116 117 118 77 120 121 122 123 124 125 84 127 128 129 130 131 132 91 134 135 136 137 138 139 98 141 142 143 144 145 146 105 147 148 149 150 151 2 112 152 153 154 155 4 5 119 156 157 158 7 8 9 126 159 160 11 12 13 14 133 161 16 17 18 19 20 140 22 23 24 25 26 27 1 29 30 31 32 33 34 3 36 37 38 39 40 41 6 43 44 45 46 47 48 10 50 51 52 53 54 55 15 57 58 59 60 61 21 64 65 66 67 28 71 72 73 35 78 79 42 85 49
63 69 70 75 76 77 81 82 83 84 87 88 89 90 91 93 94 95 96 97 98 99 100 101 102 103 104 105 106 107 108 109 110 111 112 113 114 115 116 117 118 119 120 121 122 123 124 125 126 127 128 129 130 131 132 133 134 135 136 137 138 139 140 141 142 143 144 145 146 1 147 148 149 150 151 2 3 152 153 154 155 4 5 6 156 157 158 7 8 9 10 159 160 11 12 13 14 15 161 16 17 18 19 20 21 22 23 24 25 26 27 28 29 30 31 32 33 34 35 36 37 38 39 40 41 42 43 44 45 46 47 48 49 50 51 52 53 54 55 56 57 58 59 60 61 62 64 65 66 67 68 71 72 73 74 78 79 80 85 86 92
64 28 71 34 35 78 40 41 42 85 46 47 48 49 92 52 53 54 55 56 99 58 59 60 61 62 63 106 65 66 67 68 69 70 113 72 73 74 75 76 77 120 79 80 81 82 83 84 127 86 87 88 89 90 91 134 93 94 95 96 97 98 141 100 101 102 103 104 105 147 107 108 109 110 111 112 152 114 115 116 117 118 119 156 121 122 123 124 125 126 159 128 129 130 131 132 133 161 135 136 137 138 139 140 22 142 143 144 145 146 1 29 148 149 150 151 2 3 36 153 154 155 4 5 6 43 157 158 7 8 9 10 50 160 11 12 13 14 15 57 16 17 18 19 20 21 23 24 25 26 27 30 31 32 33 37 38 39 44 45 51
65 71 72 35 78 79 41 42 85 86 47 48 49 92 93 53 54 55 56 99 100 59 60 61 62 63 106 107 66 67 68 69 70 113 114 73 74 75 76 77 120 121 80 81 82 83 84 127 128 87 88 89 90 91 134 135 94 95 96 97 98 141 142 101 102 103 104 105 147 148 108 109 110 111 112 152 153 115 116 117 118 119 156 157 122 123 124 125 126 159 160 129 130 131 132 133 161 16 136 137 138 139 140 22 23 143 144 145 146 1 29 30 149 150 151 2 3 36 37 154 155 4 5 6 43 44 158 7 8 9 10 50 51 11 12 13 14 15 57 58 17 18 19 20 21 64 24 25 26 27 28 31 32 33 34 38 39 40 45 46 52
66 72 73 78 79 80 42 85 86 87 48 49 92 93 94 54 55 56 99 100 101 60 61 62 63 106 107 108 67 68 69 70 113 114 115 74 75 76 77 120 121 122 81 82 83 84 127 128 129 88 89 90 91 134 135 136 95 96 97 98 141 142 143 102 103 104 105 147 148 149 109 110 111 112 152 153 154 116 117 118 119 156 157 158 123 124 125 126 159 160 11 130 131 132 133 161 16 17 137 138 139 140 22 23 24 144 145 146 1 29 30 31 150 151 2 3 36 37 38 155 4 5 6 43 44 45 7 8 9 10 50 51 52 12 13 14 15 57 58 59 18 19 20 21 64 65 25 26 27 28 71 32 33 34 35 39 40 41 46 47 53
67 73 74 79 80 81 85 86 87 88 49 92 93 94 95 55 56 99 100 101 102 61 62 63 106 107 108 109 68 69 70 113 114 115 116 75 76 77 120 121 122 123 82 83 84 127 128 129 130 89 90 91 134 135 136 137 96 97 98 141 142 143 144 103 104 105 147 148 149 150 110 111 112 152 153 154 155 117 118 119 156 157 158 7 124 125 126 159 160 11 12 131 132 133 161 16 17 18 138 139 140 22 23 24 25 145 146 1 29 30 31 32 151 2 3 36 37 38 39 4 5 6 43 44 45 46 8 9 10 50 51 52 53 13 14 15 57 58 59 60 19 20 21 64 65 66 26 27 28 71 72 33 34 35 78 40 41 42 47 48 54
68 74 75 80 81 82 86 87 88 89 92 93 94 95 96 56 99 100 101 102 103 62 63 106 107 108 109 110 69 70 113 114 115 116 117 76 77 120 121 122 123 124 83 84 127 128 129 130 131 90 91 134 135 136 137 138 97 98 141 142 143 144 145 104 105 147 148 149 150 151 111 112 152 153 154 155 4 118 119 156 157 158 7 8 125 126 159 160 11 12 13 132 133 161 16 17 18 19 139 140 22 23 24 25 26 146 1 29 30 31 32 33 2 3 36 37 38 39 40 5 6 43 44 45 46 47 9 10 50 51 52 53 54 14 15 57 58 59 60 61 20 21 64 65 66 67 27 28 71 72 73 34 35 78 79 41 42 85 48 49 55
69 75 76 81 82 83 87 88 89 90 93 94 95 96 97 99 100 101 102 103 104 63 106 107 108 109 110 111 70 113 114 115 116 117 118 77 120 121 122 123 124 125 84 127 128 129 130 131 132 91 134 135 136 137 138 139 98 141 142 143 144 145 146 105 147 148 149 150 151 2 112 152 153 154 155 4 5 119 156 157 158 7 8 9 126 159 160 11 12 13 14 133 161 16 17 18 19 20 140 22 23 24 25 26 27 1 29 30 31 32 33 34 3 36 37 38 39 40 41 6 43 44 45 46 47 48 10 50 51 52 53 54 55 15 57 58 59 60 61 62 21 64 65 66 67 68 28 71 72 73 74 35 78 79 80 42 85 86 49 92 56
70 76 77 82 83 84 88 89 90 91 94 95 96 97 98 100 101 102 103 104 105 106 107 108 109 110 111 112 113 114 115 116 117 118 119 120 121 122 123 124 125 126 127 128 129 130 131 132 133 134 135 136 137 138 139 140 141 142 143 144 145 146 1 147 148 149 150 151 2 3 152 153 154 155 4 5 6 156 157 158 7 8 9 10 159 160 11 12 13 14 15 161 16 17 18 19 20 21 22 23 24 25 26 27 28 29 30 31 32 33 34 35 36 37 38 39 40 41 42 43 44 45 46 47 48 49 50 51 52 53 54 55 56 57 58 59 60 61 62 63 64 65 66 67 68 69 71 72 73 74 75 78 79 80 81 85 86 87 92 93 99
71 35 78 41 42 85 47 48 49 92 53 54 55 56 99 59 60 61 62 63 106 65 66 67 68 69 70 113 72 73 74 75 76 77 120 79 80 81 82 83 84 127 86 87 88 89 90 91 134 93 94 95 96 97 98 141 100 101 102 103 104 105 147 107 108 109 110 111 112 152 114 115 116 117 118 119 156 121 122 123 124 125 126 159 128 129 130 131 132 133 161 135 136 137 138 139 140 22 142 143 144 145 146 1 29 148 149 150 151 2 3 36 153 154 155 4 5 6 43 157 158 7 8 9 10 50 160 11 12 13 14 15 57 16 17 18 19 20 21 64 23 24 25 26 27 28 30 31 32 33 34 37 38 39 40 44 45 46 51 52 58
72 78 79 42 85 86 48 49 92 93 54 55 56 99 100 60 61 62 63 106 107 66 67 68 69 70 113 114 73 74 75 76 77 120 121 80 81 82 83 84 127 128 87 88 89 90 91 134 135 94 95 96 97 98 141 142 101 102 103 104 105 147 148 108 109 110 111 112 152 153 115 116 117 118 119 156 157 122 123 124 125 126 159 160 129 130 131 132 133 161 16 136 137 138 139 140 22 23 143 144 145 146 1 29 30 149 150 151 2 3 36 37 154 155 4 5 6 43 44 158 7 8 9 10 50 51 11 12 13 14 15 57 58 17 18 19 20 21 64 65 24 25 26 27 28 71 31 32 33 34 35 38 39 40 41 45 46 47 52 53 59
73 79 80 85 86 87 49 92 93 94 55 56 99 100 101 61 62 63 106 107 108 67 68 69 70 113 114 115 74 75 76 77 120 121 122 81 82 83 84 127 128 129 88 89 90 91 134 135 136 95 96 97 98 141 142 143 102 103 104 105 147 148 149 109 110 111 112 152 153 154 116 117 118 119 156 157 158 123 124 125 126 159 160 11 130 131 132 133 161 16 17 137 138 139 140 22 23 24 144 145 146 1 29 30 31 150 151 2 3 36 37 38 155 4 5 6 43 44 45 7 8 9 10 50 51 52 12 13 14 15 57 58 59 18 19 20 21 64 65 66 25 26 27 28 71 72 32 33 34 35 78 39 40 41 42 46 47 48 53 54 60
74 80 81 86 87 88 92 93 94 95 56 99 100 101 102 62 63 106 107 108 109 68 69 70 113 114 115 116 75 76 77 120 121 122 123 82 83 84 127 128 129 130 89 90 91 134 135 136 137 96 97 98 141 142 143 144 103 104 105 147 148 149 150 110 111 112 152 153 154 155 117 118 119 156 157 158 7 124 125 126 159 160 11 12 131 132 133 161 16 17 18 138 139 140 22 23 24 25 145 146 1 29 30 31 32 151 2 3 36 37 38 39 4 5 6 43 44 45 46 8 9 10 50 51 52 53 13 14 15 57 58 59 60 19 20 21 64 65 66 67 26 27 28 71 72 73 33 34 35 78 79 40 41 42 85 47 48 49 54 55 61
75 81 82 87 88 89 93 94 95 96 99 100 101 102 103 63 106 107 108 109 110 69 70 113 114 115 116 117 76 77 120 121 122 123 124 83 84 127 128 129 130 131 90 91 134 135 136 137 138 97 98 141 142 143 144 145 104 105 147 148 149 150 151 111 112 152 153 154 155 4 118 119 156 157 158 7 8 125 126 159 160 11 12 13 132 133 161 16 17 18 19 139 140 22 23 24 25 26 146 1 29 30 31 32 33 2 3 36 37 38 39 40 5 6 43 44 45 46 47 9 10 50 51 52 53 54 14 15 57 58 59 60 61 20 21 64 65 66 67 68 27 28 71 72 73 74 34 35 78 79 80 41 42 85 86 48 49 92 55 56 62
76 82 83 88 89 90 94 95 96 97 100 101 102 103 104 106 107 108 109 110 111 70 113 114 115 116 117 118 77 120 121 122 123 124 125 84 127 128 129 130 131 132 91 134 135 136 137 138 139 98 141 142 143 144 145 146 105 147 148 149 150 151 2 112 152 153 154 155 4 5 119 156 157 158 7 8 9 126 159 160 11 12 13 14 133 161 16 17 18 19 20 140 22 23 24 25 26 27 1 29 30 31 32 33 34 3 36 37 38 39 40 41 6 43 44 45 46 47 48 10 50 51 52 53 54 55 15 57 58 59 60 61 62 21 64 65 66 67 68 69 28 71 72 73 74 75 35 78 79 80 81 42 85 86 87 49 92 93 56 99 63
77 83 84 89 90 91 95 96 97 98 101 102 103 104 105 107 108 109 110 111 112 113 114 115 116 117 118 119 120 121 122 123 124 125 126 127 128 129 130 131 132 133 134 135 136 137 138 139 140 141 142 143 144 145 146 1 147 148 149 150 151 2 3 152 153 154 155 4 5 6 156 157 158 7 8 9 10 159 160 11 12 13 14 15 161 16 17 18 19 20 21 22 23 24 25 26 27 28 29 30 31 32 33 34 35 36 37 38 39 40 41 42 43 44 45 46 47 48 49 50 51 52 53 54 55 56 57 58 59 60 61 62 63 64 65 66 67 68 69 70 71 72 73 74 75 76 78 79 80 81 82 85 86 87 88 92 93 94 99 100 106
78 42 85 48 49 92 54 55 56 99 60 61 62 63 106 66 67 68 69 70 113 72 73 74 75 76 77 120 79 80 81 82 83 84 127 86 87 88 89 90 91 134 93 94 95 96 97 98 141 100 101 102 103 104 105 147 107 108 109 110 111 112 152 114 115 116 117 118 119 156 121 122 123 124 125 126 159 128 129 130 131 132 133 161 135 136 137 138 139 140 22 142 143 144 145 146 1 29 148 149 150 151 2 3 36 153 154 155 4 5 6 43 157 158 7 8 9 10 50 160 11 12 13 14 15 57 16 17 18 19 20 21 64 23 24 25 26 27 28 71 30 31 32 33 34 35 37 38 39 40 41 44 45 46 47 51 52 53 58 59 65
79 85 86 49 92 93 55 56 99 100 61 62 63 106 107 67 68 69 70 113 114 73 74 75 76 77 120 121 80 81 82 83 84 127 128 87 88 89 90 91 134 135 94 95 96 97 98 141 142 101 102 103 104 105 147 148 108 109 110 111 112 152 153 115 116 117 118 119 156 157 122 123 124 125 126 159 160 129 130 131 132 133 161 16 136 137 138 139 140 22 23 143 144 145 146 1 29 30 149 150 151 2 3 36 37 154 155 4 5 6 43 44 158 7 8 9 10 50 51 11 12 13 14 15 57 58 17 18 19 20 21 64 65 24 25 26 27 28 71 72 31 32 33 34 35 78 38 39 40 41 42 45 46 47 48 52 53 54 59 60 66
80 86 87 92 93 94 56 99 100 101 62 63 106 107 108 68 69 70 113 114 115 74 75 76 77 120 121 122 81 82 83 84 127 128 129 88 89 90 91 134 135 136 95 96 97 98 141 142 143 102 103 104 105 147 148 149 109 110 111 112 152 153 154 116 117 118 119 156 157 158 123 124 125 126 159 160 11 130 131 132 133 161 16 17 137 138 139 140 22 23 24 144 145 146 1 29 30 31 150 151 2 3 36 37 38 155 4 5 6 43 44 45 7 8 9 10 50 51 52 12 13 14 15 57 58 59 18 19 20 21 64 65 66 25 26 27 28 71 72 73 32 33 34 35 78 79 39 40 41 42 85 46 47 48 49 53 54 55 60 61 67
81 87 88 93 94 95 99 100 101 102 63 106 107 108 109 69 70 113 114 115 116 75 76 77 120 121 122 123 82 83 84 127 128 129 130 89 90 91 134 135 136 137 96 97 98 141 142 143 144 103 104 105 147 148 149 150 110 111 112 152 153 154 155 117 118 119 156 157 158 7 124 125 126 159 160 11 12 131 132 133 161 16 17 18 138 139 140 22 23 24 25 145 146 1 29 30 31 32 151 2 3 36 37 38 39 4 5 6 43 44 45 46 8 9 10 50 51 52 53 13 14 15 57 58 59 60 19 20 21 64 65 66 67 26 27 28 71 72 73 74 33 34 35 78 79 80 40 41 42 85 86 47 48 49 92 54 55 56 61 62 68
82 88 89 94 95 96 100 101 102 103 106 107 108 109 110 70 113 114 115 116 117 76 77 120 121 122 123 124 83 84 127 128 129 130 131 90 91 134 135 136 137 138 97 98 141 142 143 144 145 104 105 147 148 149 150 151 111 112 152 153 154 155 4 118 119 156 157 158 7 8 125 126 159 160 11 12 13 132 133 161 16 17 18 19 139 140 22 23 24 25 26 146 1 29 30 31 32 33 2 3 36 37 38 39 40 5 6 43 44 45 46 47 9 10 50 51 52 53 54 14 15 57 58 59 60 61 20 21 64 65 66 67 68 27 28 71 72 73 74 75 34 35 78 79 80 81 41 42 85 86 87 48 49 92 93 55 56 99 62 63 69
83 89 90 95 96 97 101 102 103 104 107 108 109 110 111 113 114 115 116 117 118 77 120 121 122 123 124 125 84 127 128 129 130 131 132 91 134 135 136 137 138 139 98 141 142 143 144 145 146 105 147 148 149 150 151 2 112 152 153 154 155 4 5 119 156 157 158 7 8 9 126 159 160 11 12 13 14 133 161 16 17 18 19 20 140 22 23 24 25 26 27 1 29 30 31 32 33 34 3 36 37 38 39 40 41 6 43 44 45 46 47 48 10 50 51 52 53 54 55 15 57 58 59 60 61 62 21 64 65 66 67 68 69 28 71 72 73 74 75 76 35 78 79 80 81 82 42 85 86 87 88 49 92 93 94 56 99 100 63 106 70
84 90 91 96 97 98 102 103 104 105 108 109 110 111 112 114 115 116 117 118 119 120 121 122 123 124 125 126 127 128 129 130 131 132 133 134 135 136 137 138 139 140 141 142 143 144 145 146 1 147 148 149 150 151 2 3 152 153 154 155 4 5 6 156 157 158 7 8 9 10 159 160 11 12 13 14 15 161 16 17 18 19 20 21 22 23 24 25 26 27 28 29 30 31 32 33 34 35 36 37 38 39 40 41 42 43 44 45 46 47 48 49 50 51 52 53 54 55 56 57 58 59 60 61 62 63 64 65 66 67 68 69 70 71 72 73 74 75 76 77 78 79 80 81 82 83 85 86 87 88 89 92 93 94 95 99 100 101 106 107 113
85 49 92 55 56 99 61 62 63 106 67 68 69 70 113 73 74 75 76 77 120 79 80 81 82 83 84 127 86 87 88 89 90 91 134 93 94 95 96 97 98 141 100 101 102 103 104 105 147 107 108 109 110 111 112 152 114 115 116 117 118 119 156 121 122 123 124 125 126 159 128 129 130 131 132 133 161 135 136 137 138 139 140 22 142 143 144 145 146 1 29 148 149 150 151 2 3 36 153 154 155 4 5 6 43 157 158 7 8 9 10 50 160 11 12 13 14 15 57 16 17 18 19 20 21 64 23 24 25 26 27 28 71 30 31 32 33 34 35 78 37 38 39 40 41 42 44 45 46 47 48 51 52 53 54 58 59 60 65 66 72
86 92 93 56 99 100 62 63 106 107 68 69 70 113 114 74 75 76 77 120 121 80 81 82 83 84 127 128 87 88 89 90 91 134 135 94 95 96 97 98 141 142 101 102 103 104 105 147 148 108 109 110 111 112 152 153 115 116 117 118 119 156 157 122 123 124 125 126 159 160 129 130 131 132 133 161 16 136 137 138 139 140 22 23 143 144 145 146 1 29 30 149 150 151 2 3 36 37 154 155 4 5 6 43 44 158 7 8 9 10 50 51 11 12 13 14 15 57 58 17 18 19 20 21 64 65 24 25 26 27 28 71 72 31 32 33 34 35 78 79 38 39 40 41 42 85 45 46 47 48 49 52 53 54 55 59 60 61 66 67 73
87 93 94 99 100 101 63 106 107 108 69 70 113 114 115 75 76 77 120 121 122 81 82 83 84 127 128 129 88 89 90 91 134 135 136 95 96 97 98 141 142 143 102 103 104 105 147 148 149 109 110 111 112 152 153 154 116 117 118 119 156 157 158 123 124 125 126 159 160 11 130 131 132 133 161 16 17 137 138 139 140 22 23 24 144 145 146 1 29 30 31 150 151 2 3 36 37 38 155 4 5 6 43 44 45 7 8 9 10 50 51 52 12 13 14 15 57 58 59 18 19 20 21 64 65 66 25 26 27 28 71 72 73 32 33 34 35 78 79 80 39 40 41 42 85 86 46 47 48 49 92 53 54 55 56 60 61 62 67 68 74
88 94 95 100 101 102 106 107 108 109 70 113 114 115 116 76 77 120 121 122 123 82 83 84 127 128 129 130 89 90 91 134 135 136 137 96 97 98 141 142 143 144 103 104 105 147 148 149 150 110 111 112 152 153 154 155 117 118 119 156 157 158 7 124 125 126 159 160 11 12 131 132 133 161 16 17 18 138 139 140 22 23 24 25 145 146 1 29 30 31 32 151 2 3 36 37 38 39 4 5 6 43 44 45 46 8 9 10 50 51 52 53 13 14 15 57 58 59 60 19 20 21 64 65 66 67 26 27 28 71 72 73 74 33 34 35 78 79 80 81 40 41 42 85 86 87 47 48 49 92 93 54 55 56 99 61 62 63 68 69 75
89 95 96 101 102 103 107 108 109 110 113 114 115 116 117 77 120 121 122 123 124 83 84 127 128 129 130 131 90 91 134 135 136 137 138 97 98 141 142 143 144 145 104 105 147 148 149 150 151 111 112 152 153 154 155 4 118 119 156 157 158 7 8 125 126 159 160 11 12 13 132 133 161 16 17 18 19 139 140 22 23 24 25 26 146 1 29 30 31 32 33 2 3 36 37 38 39 40 5 6 43 44 45 46 47 9 10 50 51 52 53 54 14 15 57 58 59 60 61 20 21 64 65 66 67 68 27 28 71 72 73 74 75 34 35 78 79 80 81 82 41 42 85 86 87 88 48 49 92 93 94 55 56 99 100 62 63 106 69 70 76
90 96 97 102 103 104 108 109 110 111 114 115 116 117 118 120 121 122 123 124 125 84 127 128 129 130 131 132 91 134 135 136 137 138 139 98 141 142 143 144 145 146 105 147 148 149 150 151 2 112 152 153 154 155 4 5 119 156 157 158 7 8 9 126 159 160 11 12 13 14 133 161 16 17 18 19 20 140 22 23 24 25 26 27 1 29 30 31 32 33 34 3 36 37 38 39 40 41 6 43 44 45 46 47 48 10 50 51 52 53 54 55 15 57 58 59 60 61 62 21 64 65 66 67 68 69 28 71 72 73 74 75 76 35 78 79 80 81 82 83 42 85 86 87 88 89 49 92 93 94 95 56 99 100 101 63 106 107 70 113 77
91 97 98 103 104 105 109 110 111 112 115 116 117 118 119 121 122 123 124 125 126 127 128 129 130 131 132 133 134 135 136 137 138 139 140 141 142 143 144 145 146 1 147 148 149 150 151 2 3 152 153 154 155 4 5 6 156 157 158 7 8 9 10 159 160 11 12 13 14 15 161 16 17 18 19 20 21 22 23 24 25 26 27 28 29 30 31 32 33 34 35 36 37 38 39 40 41 42 43 44 45 46 47 48 49 50 51 52 53 54 55 56 57 58 59 60 61 62 63 64 65 66 67 68 69 70 71 72 73 74 75 76 77 78 79 80 81 82 83 84 85 86 87 88 89 90 92 93 94 95 96 99 100 101 102 106 107 108 113 114 120
92 56 99 62 63 106 68 69 70 113 74 75 76 77 120 80 81 82 83 84 127 86 87 88 89 90 91 134 93 94 95 96 97 98 141 100 101 102 103 104 105 147 107 108 109 110 111 112 152 114 115 116 117 118 119 156 121 122 123 124 125 126 159 128 129 130 131 132 133 161 135 136 137 138 139 140 22 142 143 144 145 146 1 29 148 149 150 151 2 3 36 153 154 155 4 5 6 43 157 158 7 8 9 10 50 160 11 12 13 14 15 57 16 17 18 19 20 21 64 23 24 25 26 27 28 71 30 31 32 33 34 35 78 37 38 39 40 41 42 85 44 45 46 47 48 49 51 52 53 54 55 58 59 60 61 65 66 67 72 73 79
93 99 100 63 106 107 69 70 113 114 75 76 77 120 121 81 82 83 84 127 128 87 88 89 90 91 134 135 94 95 96 97 98 141 142 101 102 103 104 105 147 148 108 109 110 111 112 152 153 115 116 117 118 119 156 157 122 123 124 125 126 159 160 129 130 131 132 133 161 16 136 137 138 139 140 22 23 143 144 145 146 1 29 30 149 150 151 2 3 36 37 154 155 4 5 6 43 44 158 7 8 9 10 50 51 11 12 13 14 15 57 58 17 18 19 20 21 64 65 24 25 26 27 28 71 72 31 32 33 34 35 78 79 38 39 40 41 42 85 86 45 46 47 48 49 92 52 53 54 55 56 59 60 61 62 66 67 68 73 74 80
94 100 101 106 107 108 70 113 114 115 76 77 120 121 122 82 83 84 127 128 129 88 89 90 91 134 135 136 95 96 97 98 141 142 143 102 103 104 105 147 148 149 109 110 111 112 152 153 154 116 117 118 119 156 157 158 123 124 125 126 159 160 11 130 131 132 133 161 16 17 137 138 139 140 22 23 24 144 145 146 1 29 30 31 150 151 2 3 36 37 38 155 4 5 6 43 44 45 7 8 9 10 50 51 52 12 13 14 15 57 58 59 18 19 20 21 64 65 66 25 26 27 28 71 72 73 32 33 34 35 78 79 80 39 40 41 42 85 86 87 46 47 48 49 92 93 53 54 55 56 99 60 61 62 63 67 68 69 74 75 81
95 101 102 107 108 109 113 114 115 116 77 120 121 122 123 83 84 127 128 129 130 89 90 91 134 135 136 137 96 97 98 141 142 143 144 103 104 105 147 148 149 150 110 111 112 152 153 154 155 117 118 119 156 157 158 7 124 125 126 159 160 11 12 131 132 133 161 16 17 18 138 139 140 22 23 24 25 145 146 1 29 30 31 32 151 2 3 36 37 38 39 4 5 6 43 44 45 46 8 9 10 50 51 52 53 13 14 15 57 58 59 60 19 20 21 64 65 66 67 26 27 28 71 72 73 74 33 34 35 78 79 80 81 40 41 42 85 86 87 88 47 48 49 92 93 94 54 55 56 99 100 61 62 63 106 68 69 70 75 76 82
96 102 103 108 109 110 114 115 116 117 120 121 122 123 124 84 127 128 129 130 131 90 91 134 135 136 137 138 97 98 141 142 143 144 145 104 105 147 148 149 150 151 111 112 152 153 154 155 4 118 119 156 157 158 7 8 125 126 159 160 11 12 13 132 133 161 16 17 18 19 139 140 22 23 24 25 26 146 1 29 30 31 32 33 2 3 36 37 38 39 40 5 6 43 44 45 46 47 9 10 50 51 52 53 54 14 15 57 58 59 60 61 20 21 64 65 66 67 68 27 28 71 72 73 74 75 34 35 78 79 80 81 82 41 42 85 86 87 88 89 48 49 92 93 94 95 55 56 99 100 101 62 63 106 107 69 70 113 76 77 83
97 103 104 109 110 111 115 116 117 118 121 122 123 124 125 127 128 129 130 131 132 91 134 135 136 137 138 139 98 141 142 143 144 145 146 105 147 148 149 150 151 2 112 152 153 154 155 4 5 119 156 157 158 7 8 9 126 159 160 11 12 13 14 133 161 16 17 18 19 20 140 22 23 24 25 26 27 1 29 30 31 32 33 34 3 36 37 38 39 40 41 6 43 44 45 46 47 48 10 50 51 52 53 54 55 15 57 58 59 60 61 62 21 64 65 66 67 68 69 28 71 72 73 74 75 76 35 78 79 80 81 82 83 42 85 86 87 88 89 90 49 92 93 94 95 96 56 99 100 101 102 63 106 107 108 70 113 114 77 120 84
98 104 105 110 111 112 116 117 118 119 122 123 124 125 126 128 129 130 131 132 133 134 135 136 137 138 139 140 141 142 143 144 145 146 1 147 148 149 150 151 2 3 152 153 154 155 4 5 6 156 157 158 7 8 9 10 159 160 11 12 13 14 15 161 16 17 18 19 20 21 22 23 24 25 26 27 28 29 30 31 32 33 34 35 36 37 38 39 40 41 42 43 44 45 46 47 48 49 50 51 52 53 54 55 56 57 58 59 60 61 62 63 64 65 66 67 68 69 70 71 72 73 74 75 76 77 78 79 80 81 82 83 84 85 86 87 88 89 90 91 92 93 94 95 96 97 99 100 101 102 103 106 107 108 109 113 114 115 120 121 127
99 63 106 69 70 113 75 76 77 120 81 82 83 84 127 87 88 89 90 91 134 93 94 95 96 97 98 141 100 101 102 103 104 105 147 107 108 109 110 111 112 152 114 115 116 117 118 119 156 121 122 123 124 125 126 159 128 129 130 131 132 133 161 135 136 137 138 139 140 22 142 143 144 145 146 1 29 148 149 150 151 2 3 36 153 154 155 4 5 6 43 157 158 7 8 9 10 50 160 11 12 13 14 15 57 16 17 18 19 20 21 64 23 24 25 26 27 28 71 30 31 32 33 34 35 78 37 38 39 40 41 42 85 44 45 46 47 48 49 92 51 52 53 54 55 56 58 59 60 61 62 65 66 67 68 72 73 74 79 80 86
100 106 107 70 113 114 76 77 120 121 82 83 84 127 128 88 89 90 91 134 135 94 95 96 97 98 141 142 101 102 103 104 105 147 148 108 109 110 111 112 152 153 115 116 117 118 119 156 157 122 123 124 125 126 159 160 129 130 131 132 133 161 16 136 137 138 139 140 22 23 143 144 145 146 1 29 30 149 150 151 2 3 36 37 154 155 4 5 6 43 44 158 7 8 9 10 50 51 11 12 13 14 15 57 58 17 18 19 20 21 64 65 24 25 26 27 28 71 72 31 32 33 34 35 78 79 38 39 40 41 42 85 86 45 46 47 48 49 92 93 52 53 54 55 56 99 59 60 61 62 63 66 67 68 69 73 74 75 80 81 87
101 107 108 113 114 115 77 120 121 122 83 84 127 128 129 89 90 91 134 135 136 95 96 97 98 141 142 143 102 103 104 105 147 148 149 109 110 111 112 152 153 154 116 117 118 119 156 157 158 123 124 125 126 159 160 11 130 131 132 133 161 16 17 137 138 139 140 22 23 24 144 145 146 1 29 30 31 150 151 2 3 36 37 38 155 4 5 6 43 44 45 7 8 9 10 50 51 52 12 13 14 15 57 58 59 18 19 20 21 64 65 66 25 26 27 28 71 72 73 32 33 34 35 78 79 80 39 40 41 42 85 86 87 46 47 48 49 92 93 94 53 54 55 56 99 100 60 61 62 63 106 67 68 69 70 74 75 76 81 82 88
102 108 109 114 115 116 120 121 122 123 84 127 128 129 130 90 91 134 135 136 137 96 97 98 141 142 143 144 103 104 105 147 148 149 150 110 111 112 152 153 154 155 117 118 119 156 157 158 7 124 125 126 159 160 11 12 131 132 133 161 16 17 18 138 139 140 22 23 24 25 145 146 1 29 30 31 32 151 2 3 36 37 38 39 4 5 6 43 44 45 46 8 9 10 50 51 52 53 13 14 15 57 58 59 60 19 20 21 64 65 66 67 26 27 28 71 72 73 74 33 34 35 78 79 80 81 40 41 42 85 86 87 88 47 48 49 92 93 94 95 54 55 56 99 100 101 61 62 63 106 107 68 69 70 113 75 76 77 82 83 89
103 109 110 115 116 117 121 122 123 124 127 128 129 130 131 91 134 135 136 137 138 97 98 141 142 143 144 145 104 105 147 148 149 150 151 111 112 152 153 154 155 4 118 119 156 157 158 7 8 125 126 159 160 11 12 13 132 133 161 16 17 18 19 139 140 22 23 24 25 26 146 1 29 30 31 32 33 2 3 36 37 38 39 40 5 6 43 44 45 46 47 9 10 50 51 52 53 54 14 15 57 58 59 60 61 20 21 64 65 66 67 68 27 28 71 72 73 74 75 34 35 78 79 80 81 82 41 42 85 86 87 88 89 48 49 92 93 94 95 96 55 56 99 100 101 102 62 63 106 107 108 69 70 113 114 76 77 120 83 84 90
104 110 111 116 117 118 122 123 124 125 128 129 130 131 132 134 135 136 137 138 139 98 141 142 143 144 145 146 105 147 148 149 150 151 2 112 152 153 154 155 4 5 119 156 157 158 7 8 9 126 159 160 11 12 13 14 133 161 16 17 18 19 20 140 22 23 24 25 26 27 1 29 30 31 32 33 34 3 36 37 38 39 40 41 6 43 44 45 46 47 48 10 50 51 52 53 54 55 15 57 58 59 60 61 62 21 64 65 66 67 68 69 28 71 72 73 74 75 76 35 78 79 80 81 82 83 42 85 86 87 88 89 90 49 92 93 94 95 96 97 56 99 100 101 102 103 63 106 107 108 109 70 113 114 115 77 120 121 84 127 91
105 111 112 117 118 119 123 124 125 126 129 130 131 132 133 135 136 137 138 139 140 141 142 143 144 145 146 1 147 148 149 150 151 2 3 152 153 154 155 4 5 6 156 157 158 7 8 9 10 159 160 11 12 13 14 15 161 16 17 18 19 20 21 22 23 24 25 26 27 28 29 30 31 32 33 34 35 36 37 38 39 40 41 42 43 44 45 46 47 48 49 50 51 52 53 54 55 56 57 58 59 60 61 62 63 64 65 66 67 68 69 70 71 72 73 74 75 76 77 78 79 80 81 82 83 84 85 86 87 88 89 90 91 92 93 94 95 96 97 98 99 100 101 102 103 104 106 107 108 109 110 113 114 115 116 120 121 122 127 128 134
106 70 113 76 77 120 82 83 84 127 88 89 90 91 134 94 95 96 97 98 141 100 101 102 103 104 105 147 107 108 109 110 111 112 152 114 115 116 117 118 119 156 121 122 123 124 125 126 159 128 129 130 131 132 133 161 135 136 137 138 139 140 22 142 143 144 145 146 1 29 148 149 150 151 2 3 36 153 154 155 4 5 6 43 157 158 7 8 9 10 50 160 11 12 13 14 15 57 16 17 18 19 20 21 64 23 24 25 26 27 28 71 30 31 32 33 34 35 78 37 38 39 40 41 42 85 44 45 46 47 48 49 92 51 52 53 54 55 56 99 58 59 60 61 62 63 65 66 67 68 69 72 73 74 75 79 80 81 86 87 93
107 113 114 77 120 121 83 84 127 128 89 90 91 134 135 95 96 97 98 141 142 101 102 103 104 105 147 148 108 109 110 111 112 152 153 115 116 117 118 119 156 157 122 123 124 125 126 159 160 129 130 131 132 133 161 16 136 137 138 139 140 22 23 143 144 145 146 1 29 30 149 150 151 2 3 36 37 154 155 4 5 6 43 44 158 7 8 9 10 50 51 11 12 13 14 15 57 58 17 18 19 20 21 64 65 24 25 26 27 28 71 72 31 32 33 34 35 78 79 38 39 40 41 42 85 86 45 46 47 48 49 92 93 52 53 54 55 56 99 100 59 60 61 62 63 106 66 67 68 69 70 73 74 75 76 80 81 82 87 88 94
108 114 115 120 121 122 84 127 128 129 90 91 134 135 136 96 97 98 141 142 143 102 103 104 105 147 148 149 109 110 111 112 152 153 154 116 117 118 119 156 157 158 123 124 125 126 159 160 11 130 131 132 133 161 16 17 137 138 139 140 22 23 24 144 145 146 1 29 30 31 150 151 2 3 36 37 38 155 4 5 6 43 44 45 7 8 9 10 50 51 52 12 13 14 15 57 58 59 18 19 20 21 64 65 66 25 26 27 28 71 72 73 32 33 34 35 78 79 80 39 40 41 42 85 86 87 46 47 48 49 92 93 94 53 54 55 56 99 100 101 60 61 62 63 106 107 67 68 69 70 113 74 75 76 77 81 82 83 88 89 95
109 115 116 121 122 123 127 128 129 130 91 134 135 136 137 97 98 141 142 143 144 103 104 105 147 148 149 150 110 111 112 152 153 154 155 117 118 119 156 157 158 7 124 125 126 159 160 11 12 131 132 133 161 16 17 18 138 139 140 22 23 24 25 145 146 1 29 30 31 32 151 2 3 36 37 38 39 4 5 6 43 44 45 46 8 9 10 50 51 52 53 13 14 15 57 58 59 60 19 20 21 64 65 66 67 26 27 28 71 72 73 74 33 34 35 78 79 80 81 40 41 42 85 86 87 88 47 48 49 92 93 94 95 54 55 56 99 100 101 102 61 62 63 106 107 108 68 69 70 113 114 75 76 77 120 82 83 84 89 90 96
110 116 117 122 123 124 128 129 130 131 134 135 136 137 138 98 141 142 143 144 145 104 105 147 148 149 150 151 111 112 152 153 154 155 4 118 119 156 157 158 7 8 125 126 159 160 11 12 13 132 133 161 16 17 18 19 139 140 22 23 24 25 26 146 1 29 30 31 32 33 2 3 36 37 38 39 40 5 6 43 44 45 46 47 9 10 50 51 52 53 54 14 15 57 58 59 60 61 20 21 64 65 66 67 68 27 28 71 72 73 74 75 34 35 78 79 80 81 82 41 42 85 86 87 88 89 48 49 92 93 94 95 96 55 56 99 100 101 102 103 62 63 106 107 108 109 69 70 113 114 115 76 77 120 121 83 84 127 90 91 97
111 117 118 123 124 125 129 130 131 132 135 136 137 138 139 141 142 143 144 145 146 105 147 148 149 150 151 2 112 152 153 154 155 4 5 119 156 157 158 7 8 9 126 159 160 11 12 13 14 133 161 16 17 18 19 20 140 22 23 24 25 26 27 1 29 30 31 32 33 34 3 36 37 38 39 40 41 6 43 44 45 46 47 48 10 50 51 52 53 54 55 15 57 58 59 60 61 62 21 64 65 66 67 68 69 28 71 72 73 74 75 76 35 78 79 80 81 82 83 42 85 86 87 88 89 90 49 92 93 94 95 96 97 56 99 100 101 102 103 104 63 106 107 108 109 110 70 113 114 115 116 77 120 121 122 84 127 128 91 134 98
112 118 119 124 125 126 130 131 132 133 136 137 138 139 140 142 143 144 145 146 1 147 148 149 150 151 2 3 152 153 154 155 4 5 6 156 157 158 7 8 9 10 159 160 11 12 13 14 15 161 16 17 18 19 20 21 22 23 24 25 26 27 28 29 30 31 32 33 34 35 36 37 38 39 40 41 42 43 44 45 46 47 48 49 50 51 52 53 54 55 56 57 58 59 60 61 62 63 64 65 66 67 68 69 70 71 72 73 74 75 76 77 78 79 80 81 82 83 84 85 86 87 88 89 90 91 92 93 94 95 96 97 98 99 100 101 102 103 104 105 106 107 108 109 110 111 113 114 115 116 117 120 121 122 123 127 128 129 134 135 141
113 77 120 83 84 127 89 90 91 134 95 96 97 98 141 101 102 103 104 105 147 107 108 109 110 111 112 152 114 115 116 117 118 119 156 121 122 123 124 125 126 159 128 129 130 131 132 133 161 135 136 137 138 139 140 22 142 143 144 145 146 1 29 148 149 150 151 2 3 36 153 154 155 4 5 6 43 157 158 7 8 9 10 50 160 11 12 13 14 15 57 16 17 18 19 20 21 64 23 24 25 26 27 28 71 30 31 32 33 34 35 78 37 38 39 40 41 42 85 44 45 46 47 48 49 92 51 52 53 54 55 56 99 58 59 60 61 62 63 106 65 66 67 68 69 70 72 73 74 75 76 79 80 81 82 86 87 88 93 94 100
114 120 121 84 127 128 90 91 134 135 96 97 98 141 142 102 103 104 105 147 148 108 109 110 111 112 152 153 115 116 117 118 119 156 157 122 123 124 125 126 159 160 129 130 131 132 133 161 16 136 137 138 139 140 22 23 143 144 145 146 1 29 30 149 150 151 2 3 36 37 154 155 4 5 6 43 44 158 7 8 9 10 50 51 11 12 13 14 15 57 58 17 18 19 20 21 64 65 24 25 26 27 28 71 72 31 32 33 34 35 78 79 38 39 40 41 42 85 86 45 46 47 48 49 92 93 52 53 54 55 56 99 100 59 60 61 62 63 106 107 66 67 68 69 70 113 73 74 75 76 77 80 81 82 83 87 88 89 94 95 101
115 121 122 127 128 129 91 134 135 136 97 98 141 142 143 103 104 105 147 148 149 109 110 111 112 152 153 154 116 117 118 119 156 157 158 123 124 125 126 159 160 11 130 131 132 133 161 16 17 137 138 139 140 22 23 24 144 145 146 1 29 30 31 150 151 2 3 36 37 38 155 4 5 6 43 44 45 7 8 9 10 50 51 52 12 13 14 15 57 58 59 18 19 20 21 64 65 66 25 26 27 28 71 72 73 32 33 34 35 78 79 80 39 40 41 42 85 86 87 46 47 48 49 92 93 94 53 54 55 56 99 100 101 60 61 62 63 106 107 108 67 68 69 70 113 114 74 75 76 77 120 81 82 83 84 88 89 90 95 96 102
116 122 123 128 129 130 134 135 136 137 98 141 142 143 144 104 105 147 148 149 150 110 111 112 152 153 154 155 117 118 119 156 157 158 7 124 125 126 159 160 11 12 131 132 133 161 16 17 18 138 139 140 22 23 24 25 145 146 1 29 30 31 32 151 2 3 36 37 38 39 4 5 6 43 44 45 46 8 9 10 50 51 52 53 13 14 15 57 58 59 60 19 20 21 64 65 66 67 26 27 28 71 72 73 74 33 34 35 78 79 80 81 40 41 42 85 86 87 88 47 48 49 92 93 94 95 54 55 56 99 100 101 102 61 62 63 106 107 108 109 68 69 70 113 114 115 75 76 77 120 121 82 83 84 127 89 90 91 96 97 103
117 123 124 129 130 131 135 136 137 138 141 142 143 144 145 105 147 148 149 150 151 111 112 152 153 154 155 4 118 119 156 157 158 7 8 125 126 159 160 11 12 13 132 133 161 16 17 18 19 139 140 22 23 24 25 26 146 1 29 30 31 32 33 2 3 36 37 38 39 40 5 6 43 44 45 46 47 9 10 50 51 52 53 54 14 15 57 58 59 60 61 20 21 64 65 66 67 68 27 28 71 72 73 74 75 34 35 78 79 80 81 82 41 42 85 86 87 88 89 48 49 92 93 94 95 96 55 56 99 100 101 102 103 62 63 106 107 108 109 110 69 70 113 114 115 116 76 77 120 121 122 83 84 127 128 90 91 134 97 98 104
118 124 125 130 131 132 136 137 138 139 142 143 144 145 146 147 148 149 150 151 2 112 152 153 154 155 4 5 119 156 157 158 7 8 9 126 159 160 11 12 13 14 133 161 16 17 18 19 20 140 22 23 24 25 26 27 1 29 30 31 32 33 34 3 36 37 38 39 40 41 6 43 44 45 46 47 48 10 50 51 52 53 54 55 15 57 58 59 60 61 62 21 64 65 66 67 68 69 28 71 72 73 74 75 76 35 78 79 80 81 82 83 42 85 86 87 88 89 90 49 92 93 94 95 96 97 56 99 100 101 102 103 104 63 106 107 108 109 110 111 70 113 114 115 116 117 77 120 121 122 123 84 127 128 129 91 134 135 98 141 105
119 125 126 131 132 133 137 138 139 140 143 144 145 146 1 148 149 150 151 2 3 152 153 154 155 4 5 6 156 157 158 7 8 9 10 159 160 11 12 13 14 15 161 16 17 18 19 20 21 22 23 24 25 26 27 28 29 30 31 32 33 34 35 36 37 38 39 40 41 42 43 44 45 46 47 48 49 50 51 52 53 54 55 56 57 58 59 60 61 62 63 64 65 66 67 68 69 70 71 72 73 74 75 76 77 78 79 80 81 82 83 84 85 86 87 88 89 90 91 92 93 94 95 96 97 98 99 100 101 102 103 104 105 106 107 108 109 110 111 112 113 114 115 116 117 118 120 121 122 123 124 127 128 129 130 134 135 136 141 142 147
120 84 127 90 91 134 96 97 98 141 102 103 104 105 147 108 109 110 111 112 152 114 115 116 117 118 119 156 121 122 123 124 125 126 159 128 129 130 131 132 133 161 135 136 137 138 139 140 22 142 143 144 145 146 1 29 148 149 150 151 2 3 36 153 154 155 4 5 6 43 157 158 7 8 9 10 50 160 11 12 13 14 15 57 16 17 18 19 20 21 64 23 24 25 26 27 28 71 30 31 32 33 34 35 78 37 38 39 40 41 42 85 44 45 46 47 48 49 92 51 52 53 54 55 56 99 58 59 60 61 62 63 106 65 66 67 68 69 70 113 72 73 74 75 76 77 79 80 81 82 83 86 87 88 89 93 94 95 100 101 107
121 127 128 91 134 135 97 98 141 142 103 104 105 147 148 109 110 111 112 152 153 115 116 117 118 119 156 157 122 123 124 125 126 159 160 129 130 131 132 133 161 16 136 137 138 139 140 22 23 143 144 145 146 1 29 30 149 150 151 2 3 36 37 154 155 4 5 6 43 44 158 7 8 9 10 50 51 11 12 13 14 15 57 58 17 18 19 20 21 64 65 24 25 26 27 28 71 72 31 32 33 34 35 78 79 38 39 40 41 42 85 86 45 46 47 48 49 92 93 52 53 54 55 56 99 100 59 60 61 62 63 106 107 66 67 68 69 70 113 114 73 74 75 76 77 120 80 81 82 83 84 87 88 89 90 94 95 96 101 102 108
122 128 129 134 135 136 98 141 142 143 104 105 147 148 149 110 111 112 152 153 154 116 117 118 119 156 157 158 123 124 125 126 159 160 11 130 131 132 133 161 16 17 137 138 139 140 22 23 24 144 145 146 1 29 30 31 150 151 2 3 36 37 38 155 4 5 6 43 44 45 7 8 9 10 50 51 52 12 13 14 15 57 58 59 18 19 20 21 64 65 66 25 26 27 28 71 72 73 32 33 34 35 78 79 80 39 40 41 42 85 86 87 46 47 48 49 92 93 94 53 54 55 56 99 100 101 60 61 62 63 106 107 108 67 68 69 70 113 114 115 74 75 76 77 120 121 81 82 83 84 127 88 89 90 91 95 96 97 102 103 109
123 129 130 135 136 137 141 142 143 144 105 147 148 149 150 111 112 152 153 154 155 117 118 119 156 157 158 7 124 125 126 159 160 11 12 131 132 133 161 16 17 18 138 139 140 22 23 24 25 145 146 1 29 30 31 32 151 2 3 36 37 38 39 4 5 6 43 44 45 46 8 9 10 50 51 52 53 13 14 15 57 58 59 60 19 20 21 64 65 66 67 26 27 28 71 72 73 74 33 34 35 78 79 80 81 40 41 42 85 86 87 88 47 48 49 92 93 94 95 54 55 56 99 100 101 102 61 62 63 106 107 108 109 68 69 70 113 114 115 116 75 76 77 120 121 122 82 83 84 127 128 89 90 91 134 96 97 98 103 104 110
124 130 131 136 137 138 142 143 144 145 147 148 149 150 151 112 152 153 154 155 4 118 119 156 157 158 7 8 125 126 159 160 11 12 13 132 133 161 16 17 18 19 139 140 22 23 24 25 26 146 1 29 30 31 32 33 2 3 36 37 38 39 40 5 6 43 44 45 46 47 9 10 50 51 52 53 54 14 15 57 58 59 60 61 20 21 64 65 66 67 68 27 28 71 72 73 74 75 34 35 78 79 80 81 82 41 42 85 86 87 88 89 48 49 92 93 94 95 96 55 56 99 100 101 102 103 62 63 106 107 108 109 110 69 70 113 114 115 116 117 76 77 120 121 122 123 83 84 127 128 129 90 91 134 135 97 98 141 104 105 111
125 131 132 137 138 139 143 144 145 146 148 149 150 151 2 152 153 154 155 4 5 119 156 157 158 7 8 9 126 159 160 11 12 13 14 133 161 16 17 18 19 20 140 22 23 24 25 26 27 1 29 30 31 32 33 34 3 36 37 38 39 40 41 6 43 44 45 46 47 48 10 50 51 52 53 54 55 15 57 58 59 60 61 62 21 64 65 66 67 68 69 28 71 72 73 74 75 76 35 78 79 80 81 82 83 42 85 86 87 88 89 90 49 92 93 94 95 96 97 56 99 100 101 102 103 104 63 106 107 108 109 110 111 70 113 114 115 116 117 118 77 120 121 122 123 124 84 127 128 129 130 91 134 135 136 98 141 142 105 147 112
126 132 133 138 139 140 144 145 146 1 149 150 151 2 3 153 154 155 4 5 6 156 157 158 7 8 9 10 159 160 11 12 13 14 15 161 16 17 18 19 20 21 22 23 24 25 26 27 28 29 30 31 32 33 34 35 36 37 38 39 40 41 42 43 44 45 46 47 48 49 50 51 52 53 54 55 56 57 58 59 60 61 62 63 64 65 66 67 68 69 70 71 72 73 74 75 76 77 78 79 80 81 82 83 84 85 86 87 88 89 90 91 92 93 94 95 96 97 98 99 100 101 102 103 104 105 106 107 108 109 110 111 112 113 114 115 116 117 118 119 120 121 122 123 124 125 127 128 129 130 131 134 135 136 137 141 142 143 147 148 152
127 91 134 97 98 141 103 104 105 147 109 110 111 112 152 115 116 117 118 119 156 121 122 123 124 125 126 159 128 129 130 131 132 133 161 135 136 137 138 139 140 22 142 143 144 145 146 1 29 148 149 150 151 2 3 36 153 154 155 4 5 6 43 157 158 7 8 9 10 50 160 11 12 13 14 15 57 16 17 18 19 20 21 64 23 24 25 26 27 28 71 30 31 32 33 34 35 78 37 38 39 40 41 42 85 44 45 46 47 48 49 92 51 52 53 54 55 56 99 58 59 60 61 62 63 106 65 66 67 68 69 70 113 72 73 74 75 76 77 120 79 80 81 82 83 84 86 87 88 89 90 93 94 95 96 100 101 102 107 108 114
128 134 135 98 141 142 104 105 147 148 110 111 112 152 153 116 117 118 119 156 157 122 123 124 125 126 159 160 129 130 131 132 133 161 16 136 137 138 139 140 22 23 143 144 145 146 1 29 30 149 150 151 2 3 36 37 154 155 4 5 6 43 44 158 7 8 9 10 50 51 11 12 13 14 15 57 58 17 18 19 20 21 64 65 24 25 26 27 28 71 72 31 32 33 34 35 78 79 38 39 40 41 42 85 86 45 46 47 48 49 92 93 52 53 54 55 56 99 100 59 60 61 62 63 106 107 66 67 68 69 70 113 114 73 74 75 76 77 120 121 80 81 82 83 84 127 87 88 89 90 91 94 95 96 97 101 102 103 108 109 115
129 135 136 141 142 143 105 147 148 149 111 112 152 153 154 117 118 119 156 157 158 123 124 125 126 159 160 11 130 131 132 133 161 16 17 137 138 139 140 22 23 24 144 145 146 1 29 30 31 150 151 2 3 36 37 38 155 4 5 6 43 44 45 7 8 9 10 50 51 52 12 13 14 15 57 58 59 18 19 20 21 64 65 66 25 26 27 28 71 72 73 32 33 34 35 78 79 80 39 40 41 42 85 86 87 46 47 48 49 92 93 94 53 54 55 56 99 100 101 60 61 62 63 106 107 108 67 68 69 70 113 114 115 74 75 76 77 120 121 122 81 82 83 84 127 128 88 89 90 91 134 95 96 97 98 102 103 104 109 110 116
130 136 137 142 143 144 147 148 149 150 112 152 153 154 155 118 119 156 157 158 7 124 125 126 159 160 11 12 131 132 133 161 16 17 18 138 139 140 22 23 24 25 145 146 1 29 30 31 32 151 2 3 36 37 38 39 4 5 6 43 44 45 46 8 9 10 50 51 52 53 13 14 15 57 58 59 60 19 20 21 64 65 66 67 26 27 28 71 72 73 74 33 34 35 78 79 80 81 40 41 42 85 86 87 88 47 48 49 92 93 94 95 54 55 56 99 100 101 102 61 62 63 106 107 108 109 68 69 70 113 114 115 116 75 76 77 120 121 122 123 82 83 84 127 128 129 89 90 91 134 135 96 97 98 141 103 104 105 110 111 117
131 137 138 143 144 145 148 149 150 151 152 153 154 155 4 119 156 157 158 7 8 125 126 159 160 11 12 13 132 133 161 16 17 18 19 139 140 22 23 24 25 26 146 1 29 30 31 32 33 2 3 36 37 38 39 40 5 6 43 44 45 46 47 9 10 50 51 52 53 54 14 15 57 58 59 60 61 20 21 64 65 66 67 68 27 28 71 72 73 74 75 34 35 78 79 80 81 82 41 42 85 86 87 88 89 48 49 92 93 94 95 96 55 56 99 100 101 102 103 62 63 106 107 108 109 110 69 70 113 114 115 116 117 76 77 120 121 122 123 124 83 84 127 128 129 130 90 91 134 135 136 97 98 141 142 104 105 147 111 112 118
132 138 139 144 145 146 149 150 151 2 153 154 155 4 5 156 157 158 7 8 9 126 159 160 11 12 13 14 133 161 16 17 18 19 20 140 22 23 24 25 26 27 1 29 30 31 32 33 34 3 36 37 38 39 40 41 6 43 44 45 46 47 48 10 50 51 52 53 54 55 15 57 58 59 60 61 62 21 64 65 66 67 68 69 28 71 72 73 74 75 76 35 78 79 80 81 82 83 42 85 86 87 88 89 90 49 92 93 94 95 96 97 56 99 100 101 102 103 104 63 106 107 108 109 110 111 70 113 114 115 116 117 118 77 120 121 122 123 124 125 84 127 128 129 130 131 91 134 135 136 137 98 141 142 143 105 147 148 112 152 119
133 139 140 145 146 1 150 151 2 3 154 155 4 5 6 157 158 7 8 9 10 159 160 11 12 13 14 15 161 16 17 18 19 20 21 22 23 24 25 26 27 28 29 30 31 32 33 34 35 36 37 38 39 40 41 42 43 44 45 46 47 48 49 50 51 52 53 54 55 56 57 58 59 60 61 62 63 64 65 66 67 68 69 70 71 72 73 74 75 76 77 78 79 80 81 82 83 84 85 86 87 88 89 90 91 92 93 94 95 96 97 98 99 100 101 102 103 104 105 106 107 108 109 110 111 112 113 114 115 116 117 118 119 120 121 122 123 124 125 126 127 128 129 130 131 132 134 135 136 137 138 141 142 143 144 147 148 149 152 153 156
134 98 141 104 105 147 110 111 112 152 116 117 118 119 156 122 123 124 125 126 159 128 129 130 131 132 133 161 135 136 137 138 139 140 22 142 143 144 145 146 1 29 148 149 150 151 2 3 36 153 154 155 4 5 6 43 157 158 7 8 9 10 50 160 11 12 13 14 15 57 16 17 18 19 20 21 64 23 24 25 26 27 28 71 30 31 32 33 34 35 78 37 38 39 40 41 42 85 44 45 46 47 48 49 92 51 52 53 54 55 56 99 58 59 60 61 62 63 106 65 66 67 68 69 70 113 72 73 74 75 76 77 120 79 80 81 82 83 84 127 86 87 88 89 90 91 93 94 95 96 97 100 101 102 103 107 108 109 114 115 121
135 141 142 105 147 148 111 112 152 153 117 118 119 156 157 123 124 125 126 159 160 129 130 131 132 133 161 16 136 137 138 139 140 22 23 143 144 145 146 1 29 30 149 150 151 2 3 36 37 154 155 4 5 6 43 44 158 7 8 9 10 50 51 11 12 13 14 15 57 58 17 18 19 20 21 64 65 24 25 26 27 28 71 72 31 32 33 34 35 78 79 38 39 40 41 42 85 86 45 46 47 48 49 92 93 52 53 54 55 56 99 100 59 60 61 62 63 106 107 66 67 68 69 70 113 114 73 74 75 76 77 120 121 80 81 82 83 84 127 128 87 88 89 90 91 134 94 95 96 97 98 101 102 103 104 108 109 110 115 116 122
136 142 143 147 148 149 112 152 153 154 118 119 156 157 158 124 125 126 159 160 11 130 131 132 133 161 16 17 137 138 139 140 22 23 24 144 145 146 1 29 30 31 150 151 2 3 36 37 38 155 4 5 6 43 44 45 7 8 9 10 50 51 52 12 13 14 15 57 58 59 18 19 20 21 64 65 66 25 26 27 28 71 72 73 32 33 34 35 78 79 80 39 40 41 42 85 86 87 46 47 48 49 92 93 94 53 54 55 56 99 100 101 60 61 62 63 106 107 108 67 68 69 70 113 114 115 74 75 76 77 120 121 122 81 82 83 84 127 128 129 88 89 90 91 134 135 95 96 97 98 141 102 103 104 105 109 110 111 116 117 123
137 143 144 148 149 150 152 153 154 155 119 156 157 158 7 125 126 159 160 11 12 131 132 133 161 16 17 18 138 139 140 22 23 24 25 145 146 1 29 30 31 32 151 2 3 36 37 38 39 4 5 6 43 44 45 46 8 9 10 50 51 52 53 13 14 15 57 58 59 60 19 20 21 64 65 66 67 26 27 28 71 72 73 74 33 34 35 78 79 80 81 40 41 42 85 86 87 88 47 48 49 92 93 94 95 54 55 56 99 100 101 102 61 62 63 106 107 108 109 68 69 70 113 114 115 116 75 76 77 120 121 122 123 82 83 84 127 128 129 130 89 90 91 134 135 136 96 97 98 141 142 103 104 105 147 110 111 112 117 118 124
138 144 145 149 150 151 153 154 155 4 156 157 158 7 8 126 159 160 11 12 13 132 133 161 16 17 18 19 139 140 22 23 24 25 26 146 1 29 30 31 32 33 2 3 36 37 38 39 40 5 6 43 44 45 46 47 9 10 50 51 52 53 54 14 15 57 58 59 60 61 20 21 64 65 66 67 68 27 28 71 72 73 74 75 34 35 78 79 80 81 82 41 42 85 86 87 88 89 48 49 92 93 94 95 96 55 56 99 100 101 102 103 62 63 106 107 108 109 110 69 70 113 114 115 116 117 76 77 120 121 122 123 124 83 84 127 128 129 130 131 90 91 134 135 136 137 97 98 141 142 143 104 105 147 148 111 112 152 118 119 125
139 145 146 150 151 2 154 155 4 5 157 158 7 8 9 159 160 11 12 13 14 133 161 16 17 18 19 20 140 22 23 24 25 26 27 1 29 30 31 32 33 34 3 36 37 38 39 40 41 6 43 44 45 46 47 48 10 50 51 52 53 54 55 15 57 58 59 60 61 62 21 64 65 66 67 68 69 28 71 72 73 74 75 76 35 78 79 80 81 82 83 42 85 86 87 88 89 90 49 92 93 94 95 96 97 56 99 100 101 102 103 104 63 106 107 108 109 110 111 70 113 114 115 116 117 118 77 120 121 122 123 124 125 84 127 128 129 130 131 132 91 134 135 136 137 138 98 141 142 143 144 105 147 148 149 112 152 153 119 156 126
140 146 1 151 2 3 155 4 5 6 158 7 8 9 10 160 11 12 13 14 15 161 16 17 18 19 20 21 22 23 24 25 26 27 28 29 30 31 32 33 34 35 36 37 38 39 40 41 42 43 44 45 46 47 48 49 50 51 52 53 54 55 56 57 58 59 60 61 62 63 64 65 66 67 68 69 70 71 72 73 74 75 76 77 78 79 80 81 82 83 84 85 86 87 88 89 90 91 92 93 94 95 96 97 98 99 100 101 102 103 104 105 106 107 108 109 110 111 112 113 114 115 116 117 118 119 120 121 122 123 124 125 126 127 128 129 130 131 132 133 134 135 136 137 138 139 141 142 143 144 145 147 148 149 150 152 153 154 156 157 159
141 105 147 111 112 152 117 118 119 156 123 124 125 126 159 129 130 131 132 133 161 135 136 137 138 139 140 22 142 143 144 145 146 1 29 148 149 150 151 2 3 36 153 154 155 4 5 6 43 157 158 7 8 9 10 50 160 11 12 13 14 15 57 16 17 18 19 20 21 64 23 24 25 26 27 28 71 30 31 32 33 34 35 78 37 38 39 40 41 42 85 44 45 46 47 48 49 92 51 52 53 54 55 56 99 58 59 60 61 62 63 106 65 66 67 68 69 70 113 72 73 74 75 76 77 120 79 80 81 82 83 84 127 86 87 88 89 90 91 134 93 94 95 96 97 98 100 101 102 103 104 107 108 109 110 114 115 116 121 122 128
142 147 148 112 152 153 118 119 156 157 124 125 126 159 160 130 131 132 133 161 16 136 137 138 139 140 22 23 143 144 145 146 1 29 30 149 150 151 2 3 36 37 154 155 4 5 6 43 44 158 7 8 9 10 50 51 11 12 13 14 15 57 58 17 18 19 20 21 64 65 24 25 26 27 28 71 72 31 32 33 34 35 78 79 38 39 40 41 42 85 86 45 46 47 48 49 92 93 52 53 54 55 56 99 100 59 60 61 62 63 106 107 66 67 68 69 70 113 114 73 74 75 76 77 120 121 80 81 82 83 84 127 128 87 88 89 90 91 134 135 94 95 96 97 98 141 101 102 103 104 105 108 109 110 111 115 116 117 122 123 129
143 148 149 152 153 154 119 156 157 158 125 126 159 160 11 131 132 133 161 16 17 137 138 139 140 22 23 24 144 145 146 1 29 30 31 150 151 2 3 36 37 38 155 4 5 6 43 44 45 7 8 9 10 50 51 52 12 13 14 15 57 58 59 18 19 20 21 64 65 66 25 26 27 28 71 72 73 32 33 34 35 78 79 80 39 40 41 42 85 86 87 46 47 48 49 92 93 94 53 54 55 56 99 100 101 60 61 62 63 106 107 108 67 68 69 70 113 114 115 74 75 76 77 120 121 122 81 82 83 84 127 128 129 88 89 90 91 134 135 136 95 96 97 98 141 142 102 103 104 105 147 109 110 111 112 116 117 118 123 124 130
144 149 150 153 154 155 156 157 158 7 126 159 160 11 12 132 133 161 16 17 18 138 139 140 22 23 24 25 145 146 1 29 30 31 32 151 2 3 36 37 38 39 4 5 6 43 44 45 46 8 9 10 50 51 52 53 13 14 15 57 58 59 60 19 20 21 64 65 66 67 26 27 28 71 72 73 74 33 34 35 78 79 80 81 40 41 42 85 86 87 88 47 48 49 92 93 94 95 54 55 56 99 100 101 102 61 62 63 106 107 108 109 68 69 70 113 114 115 116 75 76 77 120 121 122 123 82 83 84 127 128 129 130 89 90 91 134 135 136 137 96 97 98 141 142 143 103 104 105 147 148 110 111 112 152 117 118 119 124 125 131
145 150 151 154 155 4 157 158 7 8 159 160 11 12 13 133 161 16 17 18 19 139 140 22 23 24 25 26 146 1 29 30 31 32 33 2 3 36 37 38 39 40 5 6 43 44 45 46 47 9 10 50 51 52 53 54 14 15 57 58 59 60 61 20 21 64 65 66 67 68 27 28 71 72 73 74 75 34 35 78 79 80 81 82 41 42 85 86 87 88 89 48 49 92 93 94 95 96 55 56 99 100 101 102 103 62 63 106 107 108 109 110 69 70 113 114 115 116 117 76 77 120 121 122 123 124 83 84 127 128 129 130 131 90 91 134 135 136 137 138 97 98 141 142 143 144 104 105 147 148 149 111 112 152 153 118 119 156 125 126 132
146 151 2 155 4 5 158 7 8 9 160 11 12 13 14 161 16 17 18 19 20 140 22 23 24 25 26 27 1 29 30 31 32 33 34 3 36 37 38 39 40 41 6 43 44 45 46 47 48 10 50 51 52 53 54 55 15 57 58 59 60 61 62 21 64 65 66 67 68 69 28 71 72 73 74 75 76 35 78 79 80 81 82 83 42 85 86 87 88 89 90 49 92 93 94 95 96 97 56 99 100 101 102 103 104 63 106 107 108 109 110 111 70 113 114 115 116 117 118 77 120 121 122 123 124 125 84 127 128 129 130 131 132 91 134 135 136 137 138 139 98 141 142 143 144 145 105 147 148 149 150 112 152 153 154 119 156 157 126 159 133
147 112 152 118 119 156 124 125 126 159 130 131 132 133 161 136 137 138 139 140 22 142 143 144 145 146 1 29 148 149 150 151 2 3 36 153 154 155 4 5 6 43 157 158 7 8 9 10 50 160 11 12 13 14 15 57 16 17 18 19 20 21 64 23 24 25 26 27 28 71 30 31 32 33 34 35 78 37 38 39 40 41 42 85 44 45 46 47 48 49 92 51 52 53 54 55 56 99 58 59 60 61 62 63 106 65 66 67 68 69 70 113 72 73 74 75 76 77 120 79 80 81 82 83 84 127 86 87 88 89 90 91 134 93 94 95 96 97 98 141 100 101 102 103 104 105 107 108 109 110 111 114 115 116 117 121 122 123 128 129 135
148 152 153 119 156 157 125 126 159 160 131 132 133 161 16 137 138 139 140 22 23 143 144 145 146 1 29 30 149 150 151 2 3 36 37 154 155 4 5 6 43 44 158 7 8 9 10 50 51 11 12 13 14 15 57 58 17 18 19 20 21 64 65 24 25 26 27 28 71 72 31 32 33 34 35 78 79 38 39 40 41 42 85 86 45 46 47 48 49 92 93 52 53 54 55 56 99 100 59 60 61 62 63 106 107 66 67 68 69 70 113 114 73 74 75 76 77 120 121 80 81 82 83 84 127 128 87 88 89 90 91 134 135 94 95 96 97 98 141 142 101 102 103 104 105 147 108 109 110 111 112 115 116 117 118 122 123 124 129 130 136
149 153 154 156 157 158 126 159 160 11 132 133 161 16 17 138 139 140 22 23 24 144 145 146 1 29 30 31 150 151 2 3 36 37 38 155 4 5 6 43 44 45 7 8 9 10 50 51 52 12 13 14 15 57 58 59 18 19 20 21 64 65 66 25 26 27 28 71 72 73 32 33 34 35 78 79 80 39 40 41 42 85 86 87 46 47 48 49 92 93 94 53 54 55 56 99 100 101 60 61 62 63 106 107 108 67 68 69 70 113 114 115 74 75 76 77 120 121 122 81 82 83 84 127 128 129 88 89 90 91 134 135 136 95 96 97 98 141 142 143 102 103 104 105 147 148 109 110 111 112 152 116 117 118 119 123 124 125 130 131 137
150 154 155 157 158 7 159 160 11 12 133 161 16 17 18 139 140 22 23 24 25 145 146 1 29 30 31 32 151 2 3 36 37 38 39 4 5 6 43 44 45 46 8 9 10 50 51 52 53 13 14 15 57 58 59 60 19 20 21 64 65 66 67 26 27 28 71 72 73 74 33 34 35 78 79 80 81 40 41 42 85 86 87 88 47 48 49 92 93 94 95 54 55 56 99 100 101 102 61 62 63 106 107 108 109 68 69 70 113 114 115 116 75 76 77 120 121 122 123 82 83 84 127 128 129 130 89 90 91 134 135 136 137 96 97 98 141 142 143 144 103 104 105 147 148 149 110 111 112 152 153 117 118 119 156 124 125 126 131 132 138
151 155 4 158 7 8 160 11 12 13 161 16 17 18 19 140 22 23 24 25 26 146 1 29 30 31 32 33 2 3 36 37 38 39 40 5 6 43 44 45 46 47 9 10 50 51 52 53 54 14 15 57 58 59 60 61 20 21 64 65 66 67 68 27 28 71 72 73 74 75 34 35 78 79 80 81 82 41 42 85 86 87 88 89 48 49 92 93 94 95 96 55 56 99 100 101 102 103 62 63 106 107 108 109 110 69 70 113 114 115 116 117 76 77 120 121 122 123 124 83 84 127 128 129 130 131 90 91 134 135 136 137 138 97 98 141 142 143 144 145 104 105 147 148 149 150 111 112 152 153 154 118 119 156 157 125 126 159 132 133 139
152 119 156 125 126 159 131 132 133 161 137 138 139 140 22 143 144 145 146 1 29 148 149 150 151 2 3 36 153 154 155 4 5 6 43 157 158 7 8 9 10 50 160 11 12 13 14 15 57 16 17 18 19 20 21 64 23 24 25 26 27 28 71 30 31 32 33 34 35 78 37 38 39 40 41 42 85 44 45 46 47 48 49 92 51 52 53 54 55 56 99 58 59 60 61 62 63 106 65 66 67 68 69 70 113 72 73 74 75 76 77 120 79 80 81 82 83 84 127 86 87 88 89 90 91 134 93 94 95 96 97 98 141 100 101 102 103 104 105 147 107 108 109 110 111 112 114 115 116 117 118 121 122 123 124 128 129 130 135 136 142
153 156 157 126 159 160 132 133 161 16 138 139 140 22 23 144 145 146 1 29 30 149 150 151 2 3 36 37 154 155 4 5 6 43 44 158 7 8 9 10 50 51 11 12 13 14 15 57 58 17 18 19 20 21 64 65 24 25 26 27 28 71 72 31 32 33 34 35 78 79 38 39 40 41 42 85 86 45 46 47 48 49 92 93 52 53 54 55 56 99 100 59 60 61 62 63 106 107 66 67 68 69 70 113 114 73 74 75 76 77 120 121 80 81 82 83 84 127 128 87 88 89 90 91 134 135 94 95 96 97 98 141 142 101 102 103 104 105 147 148 108 109 110 111 112 152 115 116 117 118 119 122 123 124 125 129 130 131 136 137 143
154 157 158 159 160 11 133 161 16 17 139 140 22 23 24 145 146 1 29 30 31 150 151 2 3 36 37 38 155 4 5 6 43 44 45 7 8 9 10 50 51 52 12 13 14 15 57 58 59 18 19 20 21 64 65 66 25 26 27 28 71 72 73 32 33 34 35 78 79 80 39 40 41 42 85 86 87 46 47 48 49 92 93 94 53 54 55 56 99 100 101 60 61 62 63 106 107 108 67 68 69 70 113 114 115 74 75 76 77 120 121 122 81 82 83 84 127 128 129 88 89 90 91 134 135 136 95 96 97 98 141 142 143 102 103 104 105 147 148 149 109 110 111 112 152 153 116 117 118 119 156 123 124 125 126 130 131 132 137 138 144
155 158 7 160 11 12 161 16 17 18 140 22 23 24 25 146 1 29 30 31 32 151 2 3 36 37 38 39 4 5 6 43 44 45 46 8 9 10 50 51 52 53 13 14 15 57 58 59 60 19 20 21 64 65 66 67 26 27 28 71 72 73 74 33 34 35 78 79 80 81 40 41 42 85 86 87 88 47 48 49 92 93 94 95 54 55 56 99 100 101 102 61 62 63 106 107 108 109 68 69 70 113 114 115 116 75 76 77 120 121 122 123 82 83 84 127 128 129 130 89 90 91 134 135 136 137 96 97 98 141 142 143 144 103 104 105 147 148 149 150 110 111 112 152 153 154 117 118 119 156 157 124 125 126 159 131 132 133 138 139 145
156 126 159 132 133 161 138 139 140 22 144 145 146 1 29 149 150 151 2 3 36 153 154 155 4 5 6 43 157 158 7 8 9 10 50 160 11 12 13 14 15 57 16 17 18 19 20 21 64 23 24 25 26 27 28 71 30 31 32 33 34 35 78 37 38 39 40 41 42 85 44 45 46 47 48 49 92 51 52 53 54 55 56 99 58 59 60 61 62 63 106 65 66 67 68 69 70 113 72 73 74 75 76 77 120 79 80 81 82 83 84 127 86 87 88 89 90 91 134 93 94 95 96 97 98 141 100 101 102 103 104 105 147 107 108 109 110 111 112 152 114 115 116 117 118 119 121 122 123 124 125 128 129 130 131 135 136 137 142 143 148
157 159 160 133 161 16 139 140 22 23 145 146 1 29 30 150 151 2 3 36 37 154 155 4 5 6 43 44 158 7 8 9 10 50 51 11 12 13 14 15 57 58 17 18 19 20 21 64 65 24 25 26 27 28 71 72 31 32 33 34 35 78 79 38 39 40 41 42 85 86 45 46 47 48 49 92 93 52 53 54 55 56 99 100 59 60 61 62 63 106 107 66 67 68 69 70 113 114 73 74 75 76 77 120 121 80 81 82 83 84 127 128 87 88 89 90 91 134 135 94 95 96 97 98 141 142 101 102 103 104 105 147 148 108 109 110 111 112 152 153 115 116 117 118 119 156 122 123 124 125 126 129 130 131 132 136 137 138 143 144 149
158 160 11 161 16 17 140 22 23 24 146 1 29 30 31 151 2 3 36 37 38 155 4 5 6 43 44 45 7 8 9 10 50 51 52 12 13 14 15 57 58 59 18 19 20 21 64 65 66 25 26 27 28 71 72 73 32 33 34 35 78 79 80 39 40 41 42 85 86 87 46 47 48 49 92 93 94 53 54 55 56 99 100 101 60 61 62 63 106 107 108 67 68 69 70 113 114 115 74 75 76 77 120 121 122 81 82 83 84 127 128 129 88 89 90 91 134 135 136 95 96 97 98 141 142 143 102 103 104 105 147 148 149 109 110 111 112 152 153 154 116 117 118 119 156 157 123 124 125 126 159 130 131 132 133 137 138 139 144 145 150
159 133 161 139 140 22 145 146 1 29 150 151 2 3 36 154 155 4 5 6 43 157 158 7 8 9 10 50 160 11 12 13 14 15 57 16 17 18 19 20 21 64 23 24 25 26 27 28 71 30 31 32 33 34 35 78 37 38 39 40 41 42 85 44 45 46 47 48 49 92 51 52 53 54 55 56 99 58 59 60 61 62 63 106 65 66 67 68 69 70 113 72 73 74 75 76 77 120 79 80 81 82 83 84 127 86 87 88 89 90 91 134 93 94 95 96 97 98 141 100 101 102 103 104 105 147 107 108 109 110 111 112 152 114 115 116 117 118 119 156 121 122 123 124 125 126 128 129 130 131 132 135 136 137 138 142 143 144 148 149 153
160 161 16 140 22 23 146 1 29 30 151 2 3 36 37 155 4 5 6 43 44 158 7 8 9 10 50 51 11 12 13 14 15 57 58 17 18 19 20 21 64 65 24 25 26 27 28 71 72 31 32 33 34 35 78 79 38 39 40 41 42 85 86 45 46 47 48 49 92 93 52 53 54 55 56 99 100 59 60 61 62 63 106 107 66 67 68 69 70 113 114 73 74 75 76 77 120 121 80 81 82 83 84 127 128 87 88 89 90 91 134 135 94 95 96 97 98 141 142 101 102 103 104 105 147 148 108 109 110 111 112 152 153 115 116 117 118 119 156 157 122 123 124 125 126 159 129 130 131 132 133 136 137 138 139 143 144 145 149 150 154
161 140 22 146 1 29 151 2 3 36 155 4 5 6 43 158 7 8 9 10 50 160 11 12 13 14 15 57 16 17 18 19 20 21 64 23 24 25 26 27 28 71 30 31 32 33 34 35 78 37 38 39 40 41 42 85 44 45 46 47 48 49 92 51 52 53 54 55 56 99 58 59 60 61 62 63 106 65 66 67 68 69 70 113 72 73 74 75 76 77 120 79 80 81 82 83 84 127 86 87 88 89 90 91 134 93 94 95 96 97 98 141 100 101 102 103 104 105 147 107 108 109 110 111 112 152 114 115 116 117 118 119 156 121 122 123 124 125 126 159 128 129 130 131 132 133 135 136 137 138 139 142 143 144 145 148 149 150 153 154 157
