49
1 2 3 4 5 6 7 8 9 10 11 12 13 14 15 16 17 18 19 20 21 22 23 24 25 26 27 28 29 30 31 32 33 34 35 36 37 38 39 40 41 42 43 44 45 46 47 48 49
2 4 5 7 8 9 11 12 13 14 16 17 18 19 20 22 23 24 25 26 27 1 29 30 31 32 33 34 3 35 36 37 38 39 6 40 41 42 43 10 44 45 46 15 47 48 21 49 28
3 5 6 8 9 10 12 13 14 15 17 18 19 20 21 23 24 25 26 27 28 29 30 31 32 33 34 1 35 36 37 38 39 2 40 41 42 43 4 44 45 46 7 47 48 11 49 16 22
4 7 8 11 12 13 16 17 18 19 22 23 24 25 26 1 29 30 31 32 33 2 3 35 36 37 38 39 5 6 40 41 42 43 9 10 44 45 46 14 15 47 48 20 21 49 27 28 34
5 8 9 12 13 14 17 18 19 20 23 24 25 26 27 29 30 31 32 33 34 3 35 36 37 38 39 2 6 40 41 42 43 4 10 44 45 46 7 15 47 48 11 21 49 16 28 22 1
6 9 10 13 14 15 18 19 20 21 24 25 26 27 28 30 31 32 33 34 1 35 36 37 38 39 2 3 40 41 42 43 4 5 44 45 46 7 8 47 48 11 12 49 16 17 22 23 29
7 11 12 16 17 18 22 23 24 25 1 29 30 31 32 2 3 35 36 37 38 4 5 6 40 41 42 43 8 9 10 44 45 46 13 14 15 47 48 19 20 21 49 26 27 28 33 34 39
8 12 13 17 18 19 23 24 25 26 29 30 31 32 33 3 35 36 37 38 39 5 6 40 41 42 43 4 9 10 44 45 46 7 14 15 47 48 11 20 21 49 16 27 28 22 34 1 2
9 13 14 18 19 20 24 25 26 27 30 31 32 33 34 35 36 37 38 39 2 6 40 41 42 43 4 5 10 44 45 46 7 8 15 47 48 11 12 21 49 16 17 28 22 23 1 29 3
10 14 15 19 20 21 25 26 27 28 31 32 33 34 1 36 37 38 39 2 3 40 41 42 43 4 5 6 44 45 46 7 8 9 47 48 11 12 13 49 16 17 18 22 23 24 29 30 35
11 16 17 22 23 24 1 29 30 31 2 3 35 36 37 4 5 6 40 41 42 7 8 9 10 44 45 46 12 13 14 15 47 48 18 19 20 21 49 25 26 27 28 32 33 34 38 39 43
12 17 18 23 24 25 29 30 31 32 3 35 36 37 38 5 6 40 41 42 43 8 9 10 44 45 46 7 13 14 15 47 48 11 19 20 21 49 16 26 27 28 22 33 34 1 39 2 4
13 18 19 24 25 26 30 31 32 33 35 36 37 38 39 6 40 41 42 43 4 9 10 44 45 46 7 8 14 15 47 48 11 12 20 21 49 16 17 27 28 22 23 34 1 29 2 3 5
14 19 20 25 26 27 31 32 33 34 36 37 38 39 2 40 41 42 43 4 5 10 44 45 46 7 8 9 15 47 48 11 12 13 21 49 16 17 18 28 22 23 24 1 29 30 3 35 6
15 20 21 26 27 28 32 33 34 1 37 38 39 2 3 41 42 43 4 5 6 44 45 46 7 8 9 10 47 48 11 12 13 14 49 16 17 18 19 22 23 24 25 29 30 31 35 36 40
16 22 23 1 29 30 2 3 35 36 4 5 6 40 41 7 8 9 10 44 45 11 12 13 14 15 47 48 17 18 19 20 21 49 24 25 26 27 28 31 32 33 34 37 38 39 42 43 46
17 23 24 29 30 31 3 35 36 37 5 6 40 41 42 8 9 10 44 45 46 12 13 14 15 47 48 11 18 19 20 21 49 16 25 26 27 28 22 32 33 34 1 38 39 2 43 4 7
18 24 25 30 31 32 35 36 37 38 6 40 41 42 43 9 10 44 45 46 7 13 14 15 47 48 11 12 19 20 21 49 16 17 26 27 28 22 23 33 34 1 29 39 2 3 4 5 8
19 25 26 31 32 33 36 37 38 39 40 41 42 43 4 10 44 45 46 7 8 14 15 47 48 11 12 13 20 21 49 16 17 18 27 28 22 23 24 34 1 29 30 2 3 35 5 6 9
20 26 27 32 33 34 37 38 39 2 41 42 43 4 5 44 45 46 7 8 9 15 47 48 11 12 13 14 21 49 16 17 18 19 28 22 23 24 25 1 29 30 31 3 35 36 6 40 10
21 27 28 33 34 1 38 39 2 3 42 43 4 5 6 45 46 7 8 9 10 47 48 11 12 13 14 15 49 16 17 18 19 20 22 23 24 25 26 29 30 31 32 35 36 37 40 41 44
22 1 29 2 3 35 4 5 6 40 7 8 9 10 44 11 12 13 14 15 47 16 17 18 19 20 21 49 23 24 25 26 27 28 30 31 32 33 34 36 37 38 39 41 42 43 45 46 48
23 29 30 3 35 36 5 6 40 41 8 9 10 44 45 12 13 14 15 47 48 17 18 19 20 21 49 16 24 25 26 27 28 22 31 32 33 34 1 37 38 39 2 42 43 4 46 7 11
24 30 31 35 36 37 6 40 41 42 9 10 44 45 46 13 14 15 47 48 11 18 19 20 21 49 16 17 25 26 27 28 22 23 32 33 34 1 29 38 39 2 3 43 4 5 7 8 12
25 31 32 36 37 38 40 41 42 43 10 44 45 46 7 14 15 47 48 11 12 19 20 21 49 16 17 18 26 27 28 22 23 24 33 34 1 29 30 39 2 3 35 4 5 6 8 9 13
26 32 33 37 38 39 41 42 43 4 44 45 46 7 8 15 47 48 11 12 13 20 21 49 16 17 18 19 27 28 22 23 24 25 34 1 29 30 31 2 3 35 36 5 6 40 9 10 14
27 33 34 38 39 2 42 43 4 5 45 46 7 8 9 47 48 11 12 13 14 21 49 16 17 18 19 20 28 22 23 24 25 26 1 29 30 31 32 3 35 36 37 6 40 41 10 44 15
28 34 1 39 2 3 43 4 5 6 46 7 8 9 10 48 11 12 13 14 15 49 16 17 18 19 20 21 22 23 24 25 26 27 29 30 31 32 33 35 36 37 38 40 41 42 44 45 47
29 3 35 5 6 40 8 9 10 44 12 13 14 15 47 17 18 19 20 21 49 23 24 25 26 27 28 22 30 31 32 33 34 1 36 37 38 39 2 41 42 43 4 45 46 7 48 11 16
30 35 36 6 40 41 9 10 44 45 13 14 15 47 48 18 19 20 21 49 16 24 25 26 27 28 22 23 31 32 33 34 1 29 37 38 39 2 3 42 43 4 5 46 7 8 11 12 17
31 36 37 40 41 42 10 44 45 46 14 15 47 48 11 19 20 21 49 16 17 25 26 27 28 22 23 24 32 33 34 1 29 30 38 39 2 3 35 43 4 5 6 7 8 9 12 13 18
32 37 38 41 42 43 44 45 46 7 15 47 48 11 12 20 21 49 16 17 18 26 27 28 22 23 24 25 33 34 1 29 30 31 39 2 3 35 36 4 5 6 40 8 9 10 13 14 19
33 38 39 42 43 4 45 46 7 8 47 48 11 12 13 21 49 16 17 18 19 27 28 22 23 24 25 26 34 1 29 30 31 32 2 3 35 36 37 5 6 40 41 9 10 44 14 15 20
34 39 2 43 4 5 46 7 8 9 48 11 12 13 14 49 16 17 18 19 20 28 22 23 24 25 26 27 1 29 30 31 32 33 3 35 36 37 38 6 40 41 42 10 44 45 15 47 21
35 6 40 9 10 44 13 14 15 47 18 19 20 21 49 24 25 26 27 28 22 30 31 32 33 34 1 29 36 37 38 39 2 3 41 42 43 4 5 45 46 7 8 48 11 12 16 17 23
36 40 41 10 44 45 14 15 47 48 19 20 21 49 16 25 26 27 28 22 23 31 32 33 34 1 29 30 37 38 39 2 3 35 42 43 4 5 6 46 7 8 9 11 12 13 17 18 24
37 41 42 44 45 46 15 47 48 11 20 21 49 16 17 26 27 28 22 23 24 32 33 34 1 29 30 31 38 39 2 3 35 36 43 4 5 6 40 7 8 9 10 12 13 14 18 19 25
38 42 43 45 46 7 47 48 11 12 21 49 16 17 18 27 28 22 23 24 25 33 34 1 29 30 31 32 39 2 3 35 36 37 4 5 6 40 41 8 9 10 44 13 14 15 19 20 26
39 43 4 46 7 8 48 11 12 13 49 16 17 18 19 28 22 23 24 25 26 34 1 29 30 31 32 33 2 3 35 36 37 38 5 6 40 41 42 9 10 44 45 14 15 47 20 21 27
40 10 44 14 15 47 19 20 21 49 25 26 27 28 22 31 32 33 34 1 29 36 37 38 39 2 3 35 41 42 43 4 5 6 45 46 7 8 9 48 11 12 13 16 17 18 23 24 30
41 44 45 15 47 48 20 21 49 16 26 27 28 22 23 32 33 34 1 29 30 37 38 39 2 3 35 36 42 43 4 5 6 40 46 7 8 9 10 11 12 13 14 17 18 19 24 25 31
42 45 46 47 48 11 21 49 16 17 27 28 22 23 24 33 34 1 29 30 31 38 39 2 3 35 36 37 43 4 5 6 40 41 7 8 9 10 44 12 13 14 15 18 19 20 25 26 32
43 46 7 48 11 12 49 16 17 18 28 22 23 24 25 34 1 29 30 31 32 39 2 3 35 36 37 38 4 5 6 40 41 42 8 9 10 44 45 13 14 15 47 19 20 21 26 27 33
44 15 47 20 21 49 26 27 28 22 32 33 34 1 29 37 38 39 2 3 35 41 42 43 4 5 6 40 45 46 7 8 9 10 48 11 12 13 14 16 17 18 19 23 24 25 30 31 36
45 47 48 21 49 16 27 28 22 23 33 34 1 29 30 38 39 2 3 35 36 42 43 4 5 6 40 41 46 7 8 9 10 44 11 12 13 14 15 17 18 19 20 24 25 26 31 32 37
46 48 11 49 16 17 28 22 23 24 34 1 29 30 31 39 2 3 35 36 37 43 4 5 6 40 41 42 7 8 9 10 44 45 12 13 14 15 47 18 19 20 21 25 26 27 32 33 38
47 21 49 27 28 22 33 34 1 29 38 39 2 3 35 42 43 4 5 6 40 45 46 7 8 9 10 44 48 11 12 13 14 15 16 17 18 19 20 23 24 25 26 30 31 32 36 37 41
48 49 16 28 22 23 34 1 29 30 39 2 3 35 36 43 4 5 6 40 41 46 7 8 9 10 44 45 11 12 13 14 15 47 17 18 19 20 21 24 25 26 27 31 32 33 37 38 42
49 28 22 34 1 29 39 2 3 35 43 4 5 6 40 46 7 8 9 10 44 48 11 12 13 14 15 47 16 17 18 19 20 21 23 24 25 26 27 30 31 32 33 36 37 38 41 42 45
