169
1 2 3 4 5 6 7 8 9 10 11 12 13 14 15 16 17 18 19 20 21 22 23 24 25 26 27 28 29 30 31 32 33 34 35 36 37 38 39 40 41 42 43 44 45 46 47 48 49 50 51 52 53 54 55 56 57 58 59 60 61 62 63 64 65 66 67 68 69 70 71 72 73 74 75 76 77 78 79 80 81 82 83 84 85 86 87 88 89 90 91 92 93 94 95 96 97 98 99 100 101 102 103 104 105 106 107 108 109 110 111 112 113 114 115 116 117 118 119 120 121 122 123 124 125 126 127 128 129 130 131 132 133 134 135 136 137 138 139 140 141 142 143 144 145 146 147 148 149 150 151 152 153 154 155 156 157 158 159 160 161 162 163 164 165 166 167 168 169
2 4 5 7 8 9 11 12 13 14 16 17 18 19 20 22 23 24 25 26 27 29 30 31 32 33 34 35 37 38 39 40 41 42 43 44 46 47 48 49 50 51 52 53 54 56 57 58 59 60 61 62 63 64 65 67 68 69 70 71 72 73 74 75 76 77 79 80 81 82 83 84 85 86 87 88 89 90 1 92 93 94 95 96 97 98 99 100 101 102 103 3 104 105 106 107 108 109 110 111 112 113 114 6 115 116 117 118 119 120 121 122 123 124 10 125 126 127 128 129 130 131 132 133 15 134 135 136 137 138 139 140 141 21 142 143 144 145 146 147 148 28 149 150 151 152 153 154 36 155 156 157 158 159 45 160 161 162 163 55 164 165 166 66 167 168 78 169 91
3 5 6 8 9 10 12 13 14 15 17 18 19 20 21 23 24 25 26 27 28 30 31 32 33 34 35 36 38 39 40 41 42 43 44 45 47 48 49 50 51 52 53 54 55 57 58 59 60 61 62 63 64 65 66 68 69 70 71 72 73 74 75 76 77 78 80 81 82 83 84 85 86 87 88 89 90 91 92 93 94 95 96 97 98 99 100 101 102 103 1 104 105 106 107 108 109 110 111 112 113 114 2 115 116 117 118 119 120 121 122 123 124 4 125 126 127 128 129 130 131 132 133 7 134 135 136 137 138 139 140 141 11 142 143 144 145 146 147 148 16 149 150 151 152 153 154 22 155 156 157 158 159 29 160 161 162 163 37 164 165 166 46 167 168 56 169 67 79
4 7 8 11 12 13 16 17 18 19 22 23 24 25 26 29 30 31 32 33 34 37 38 39 40 41 42 43 46 47 48 49 50 51 52 53 56 57 58 59 60 61 62 63 64 67 68 69 70 71 72 73 74 75 76 79 80 81 82 83 84 85 86 87 88 89 1 92 93 94 95 96 97 98 99 100 101 102 2 3 104 105 106 107 108 109 110 111 112 113 114 5 6 115 116 117 118 119 120 121 122 123 124 9 10 125 126 127 128 129 130 131 132 133 14 15 134 135 136 137 138 139 140 141 20 21 142 143 144 145 146 147 148 27 28 149 150 151 152 153 154 35 36 155 156 157 158 159 44 45 160 161 162 163 54 55 164 165 166 65 66 167 168 77 78 169 90 91 103
5 8 9 12 13 14 17 18 19 20 23 24 25 26 27 30 31 32 33 34 35 38 39 40 41 42 43 44 47 48 49 50 51 52 53 54 57 58 59 60 61 62 63 64 65 68 69 70 71 72 73 74 75 76 77 80 81 82 83 84 85 86 87 88 89 90 92 93 94 95 96 97 98 99 100 101 102 103 3 104 105 106 107 108 109 110 111 112 113 114 2 6 115 116 117 118 119 120 121 122 123 124 4 10 125 126 127 128 129 130 131 132 133 7 15 134 135 136 137 138 139 140 141 11 21 142 143 144 145 146 147 148 16 28 149 150 151 152 153 154 22 36 155 156 157 158 159 29 45 160 161 162 163 37 55 164 165 166 46 66 167 168 56 78 169 67 91 79 1
6 9 10 13 14 15 18 19 20 21 24 25 26 27 28 31 32 33 34 35 36 39 40 41 42 43 44 45 48 49 50 51 52 53 54 55 58 59 60 61 62 63 64 65 66 69 70 71 72 73 74 75 76 77 78 81 82 83 84 85 86 87 88 89 90 91 93 94 95 96 97 98 99 100 101 102 103 1 104 105 106 107 108 109 110 111 112 113 114 2 3 115 116 117 118 119 120 121 122 123 124 4 5 125 126 127 128 129 130 131 132 133 7 8 134 135 136 137 138 139 140 141 11 12 142 143 144 145 146 147 148 16 17 149 150 151 152 153 154 22 23 155 156 157 158 159 29 30 160 161 162 163 37 38 164 165 166 46 47 167 168 56 57 169 67 68 79 80 92
7 11 12 16 17 18 22 23 24 25 29 30 31 32 33 37 38 39 40 41 42 46 47 48 49 50 51 52 56 57 58 59 60 61 62 63 67 68 69 70 71 72 73 74 75 79 80 81 82 83 84 85 86 87 88 1 92 93 94 95 96 97 98 99 100 101 2 3 104 105 106 107 108 109 110 111 112 113 4 5 6 115 116 117 118 119 120 121 122 123 124 8 9 10 125 126 127 128 129 130 131 132 133 13 14 15 134 135 136 137 138 139 140 141 19 20 21 142 143 144 145 146 147 148 26 27 28 149 150 151 152 153 154 34 35 36 155 156 157 158 159 43 44 45 160 161 162 163 53 54 55 164 165 166 64 65 66 167 168 76 77 78 169 89 90 91 102 103 114
8 12 13 17 18 19 23 24 25 26 30 31 32 33 34 38 39 40 41 42 43 47 48 49 50 51 52 53 57 58 59 60 61 62 63 64 68 69 70 71 72 73 74 75 76 80 81 82 83 84 85 86 87 88 89 92 93 94 95 96 97 98 99 100 101 102 3 104 105 106 107 108 109 110 111 112 113 114 5 6 115 116 117 118 119 120 121 122 123 124 4 9 10 125 126 127 128 129 130 131 132 133 7 14 15 134 135 136 137 138 139 140 141 11 20 21 142 143 144 145 146 147 148 16 27 28 149 150 151 152 153 154 22 35 36 155 156 157 158 159 29 44 45 160 161 162 163 37 54 55 164 165 166 46 65 66 167 168 56 77 78 169 67 90 91 79 103 1 2
9 13 14 18 19 20 24 25 26 27 31 32 33 34 35 39 40 41 42 43 44 48 49 50 51 52 53 54 58 59 60 61 62 63 64 65 69 70 71 72 73 74 75 76 77 81 82 83 84 85 86 87 88 89 90 93 94 95 96 97 98 99 100 101 102 103 104 105 106 107 108 109 110 111 112 113 114 2 6 115 116 117 118 119 120 121 122 123 124 4 5 10 125 126 127 128 129 130 131 132 133 7 8 15 134 135 136 137 138 139 140 141 11 12 21 142 143 144 145 146 147 148 16 17 28 149 150 151 152 153 154 22 23 36 155 156 157 158 159 29 30 45 160 161 162 163 37 38 55 164 165 166 46 47 66 167 168 56 57 78 169 67 68 91 79 80 1 92 3
10 14 15 19 20 21 25 26 27 28 32 33 34 35 36 40 41 42 43 44 45 49 50 51 52 53 54 55 59 60 61 62 63 64 65 66 70 71 72 73 74 75 76 77 78 82 83 84 85 86 87 88 89 90 91 94 95 96 97 98 99 100 101 102 103 1 105 106 107 108 109 110 111 112 113 114 2 3 115 116 117 118 119 120 121 122 123 124 4 5 6 125 126 127 128 129 130 131 132 133 7 8 9 134 135 136 137 138 139 140 141 11 12 13 142 143 144 145 146 147 148 16 17 18 149 150 151 152 153 154 22 23 24 155 156 157 158 159 29 30 31 160 161 162 163 37 38 39 164 165 166 46 47 48 167 168 56 57 58 169 67 68 69 79 80 81 92 93 104
11 16 17 22 23 24 29 30 31 32 37 38 39 40 41 46 47 48 49 50 51 56 57 58 59 60 61 62 67 68 69 70 71 72 73 74 79 80 81 82 83 84 85 86 87 1 92 93 94 95 96 97 98 99 100 2 3 104 105 106 107 108 109 110 111 112 4 5 6 115 116 117 118 119 120 121 122 123 7 8 9 10 125 126 127 128 129 130 131 132 133 12 13 14 15 134 135 136 137 138 139 140 141 18 19 20 21 142 143 144 145 146 147 148 25 26 27 28 149 150 151 152 153 154 33 34 35 36 155 156 157 158 159 42 43 44 45 160 161 162 163 52 53 54 55 164 165 166 63 64 65 66 167 168 75 76 77 78 169 88 89 90 91 101 102 103 113 114 124
12 17 18 23 24 25 30 31 32 33 38 39 40 41 42 47 48 49 50 51 52 57 58 59 60 61 62 63 68 69 70 71 72 73 74 75 80 81 82 83 84 85 86 87 88 92 93 94 95 96 97 98 99 100 101 3 104 105 106 107 108 109 110 111 112 113 5 6 115 116 117 118 119 120 121 122 123 124 8 9 10 125 126 127 128 129 130 131 132 133 7 13 14 15 134 135 136 137 138 139 140 141 11 19 20 21 142 143 144 145 146 147 148 16 26 27 28 149 150 151 152 153 154 22 34 35 36 155 156 157 158 159 29 43 44 45 160 161 162 163 37 53 54 55 164 165 166 46 64 65 66 167 168 56 76 77 78 169 67 89 90 91 79 102 103 1 114 2 4
13 18 19 24 25 26 31 32 33 34 39 40 41 42 43 48 49 50 51 52 53 58 59 60 61 62 63 64 69 70 71 72 73 74 75 76 81 82 83 84 85 86 87 88 89 93 94 95 96 97 98 99 100 101 102 104 105 106 107 108 109 110 111 112 113 114 6 115 116 117 118 119 120 121 122 123 124 4 9 10 125 126 127 128 129 130 131 132 133 7 8 14 15 134 135 136 137 138 139 140 141 11 12 20 21 142 143 144 145 146 147 148 16 17 27 28 149 150 151 152 153 154 22 23 35 36 155 156 157 158 159 29 30 44 45 160 161 162 163 37 38 54 55 164 165 166 46 47 65 66 167 168 56 57 77 78 169 67 68 90 91 79 80 103 1 92 2 3 5
14 19 20 25 26 27 32 33 34 35 40 41 42 43 44 49 50 51 52 53 54 59 60 61 62 63 64 65 70 71 72 73 74 75 76 77 82 83 84 85 86 87 88 89 90 94 95 96 97 98 99 100 101 102 103 105 106 107 108 109 110 111 112 113 114 2 115 116 117 118 119 120 121 122 123 124 4 5 10 125 126 127 128 129 130 131 132 133 7 8 9 15 134 135 136 137 138 139 140 141 11 12 13 21 142 143 144 145 146 147 148 16 17 18 28 149 150 151 152 153 154 22 23 24 36 155 156 157 158 159 29 30 31 45 160 161 162 163 37 38 39 55 164 165 166 46 47 48 66 167 168 56 57 58 78 169 67 68 69 91 79 80 81 1 92 93 3 104 6
15 20 21 26 27 28 33 34 35 36 41 42 43 44 45 50 51 52 53 54 55 60 61 62 63 64 65 66 71 72 73 74 75 76 77 78 83 84 85 86 87 88 89 90 91 95 96 97 98 99 100 101 102 103 1 106 107 108 109 110 111 112 113 114 2 3 116 117 118 119 120 121 122 123 124 4 5 6 125 126 127 128 129 130 131 132 133 7 8 9 10 134 135 136 137 138 139 140 141 11 12 13 14 142 143 144 145 146 147 148 16 17 18 19 149 150 151 152 153 154 22 23 24 25 155 156 157 158 159 29 30 31 32 160 161 162 163 37 38 39 40 164 165 166 46 47 48 49 167 168 56 57 58 59 169 67 68 69 70 79 80 81 82 92 93 94 104 105 115
16 22 23 29 30 31 37 38 39 40 46 47 48 49 50 56 57 58 59 60 61 67 68 69 70 71 72 73 79 80 81 82 83 84 85 86 1 92 93 94 95 96 97 98 99 2 3 104 105 106 107 108 109 110 111 4 5 6 115 116 117 118 119 120 121 122 7 8 9 10 125 126 127 128 129 130 131 132 11 12 13 14 15 134 135 136 137 138 139 140 141 17 18 19 20 21 142 143 144 145 146 147 148 24 25 26 27 28 149 150 151 152 153 154 32 33 34 35 36 155 156 157 158 159 41 42 43 44 45 160 161 162 163 51 52 53 54 55 164 165 166 62 63 64 65 66 167 168 74 75 76 77 78 169 87 88 89 90 91 100 101 102 103 112 113 114 123 124 133
17 23 24 30 31 32 38 39 40 41 47 48 49 50 51 57 58 59 60 61 62 68 69 70 71 72 73 74 80 81 82 83 84 85 86 87 92 93 94 95 96 97 98 99 100 3 104 105 106 107 108 109 110 111 112 5 6 115 116 117 118 119 120 121 122 123 8 9 10 125 126 127 128 129 130 131 132 133 12 13 14 15 134 135 136 137 138 139 140 141 11 18 19 20 21 142 143 144 145 146 147 148 16 25 26 27 28 149 150 151 152 153 154 22 33 34 35 36 155 156 157 158 159 29 42 43 44 45 160 161 162 163 37 52 53 54 55 164 165 166 46 63 64 65 66 167 168 56 75 76 77 78 169 67 88 89 90 91 79 101 102 103 1 113 114 2 124 4 7
18 24 25 31 32 33 39 40 41 42 48 49 50 51 52 58 59 60 61 62 63 69 70 71 72 73 74 75 81 82 83 84 85 86 87 88 93 94 95 96 97 98 99 100 101 104 105 106 107 108 109 110 111 112 113 6 115 116 117 118 119 120 121 122 123 124 9 10 125 126 127 128 129 130 131 132 133 7 13 14 15 134 135 136 137 138 139 140 141 11 12 19 20 21 142 143 144 145 146 147 148 16 17 26 27 28 149 150 151 152 153 154 22 23 34 35 36 155 156 157 158 159 29 30 43 44 45 160 161 162 163 37 38 53 54 55 164 165 166 46 47 64 65 66 167 168 56 57 76 77 78 169 67 68 89 90 91 79 80 102 103 1 92 114 2 3 4 5 8
19 25 26 32 33 34 40 41 42 43 49 50 51 52 53 59 60 61 62 63 64 70 71 72 73 74 75 76 82 83 84 85 86 87 88 89 94 95 96 97 98 99 100 101 102 105 106 107 108 109 110 111 112 113 114 115 116 117 118 119 120 121 122 123 124 4 10 125 126 127 128 129 130 131 132 133 7 8 14 15 134 135 136 137 138 139 140 141 11 12 13 20 21 142 143 144 145 146 147 148 16 17 18 27 28 149 150 151 152 153 154 22 23 24 35 36 155 156 157 158 159 29 30 31 44 45 160 161 162 163 37 38 39 54 55 164 165 166 46 47 48 65 66 167 168 56 57 58 77 78 169 67 68 69 90 91 79 80 81 103 1 92 93 2 3 104 5 6 9
20 26 27 33 34 35 41 42 43 44 50 51 52 53 54 60 61 62 63 64 65 71 72 73 74 75 76 77 83 84 85 86 87 88 89 90 95 96 97 98 99 100 101 102 103 106 107 108 109 110 111 112 113 114 2 116 117 118 119 120 121 122 123 124 4 5 125 126 127 128 129 130 131 132 133 7 8 9 15 134 135 136 137 138 139 140 141 11 12 13 14 21 142 143 144 145 146 147 148 16 17 18 19 28 149 150 151 152 153 154 22 23 24 25 36 155 156 157 158 159 29 30 31 32 45 160 161 162 163 37 38 39 40 55 164 165 166 46 47 48 49 66 167 168 56 57 58 59 78 169 67 68 69 70 91 79 80 81 82 1 92 93 94 3 104 105 6 115 10
21 27 28 34 35 36 42 43 44 45 51 52 53 54 55 61 62 63 64 65 66 72 73 74 75 76 77 78 84 85 86 87 88 89 90 91 96 97 98 99 100 101 102 103 1 107 108 109 110 111 112 113 114 2 3 117 118 119 120 121 122 123 124 4 5 6 126 127 128 129 130 131 132 133 7 8 9 10 134 135 136 137 138 139 140 141 11 12 13 14 15 142 143 144 145 146 147 148 16 17 18 19 20 149 150 151 152 153 154 22 23 24 25 26 155 156 157 158 159 29 30 31 32 33 160 161 162 163 37 38 39 40 41 164 165 166 46 47 48 49 50 167 168 56 57 58 59 60 169 67 68 69 70 71 79 80 81 82 83 92 93 94 95 104 105 106 115 116 125
22 29 30 37 38 39 46 47 48 49 56 57 58 59 60 67 68 69 70 71 72 79 80 81 82 83 84 85 1 92 93 94 95 96 97 98 2 3 104 105 106 107 108 109 110 4 5 6 115 116 117 118 119 120 121 7 8 9 10 125 126 127 128 129 130 131 11 12 13 14 15 134 135 136 137 138 139 140 16 17 18 19 20 21 142 143 144 145 146 147 148 23 24 25 26 27 28 149 150 151 152 153 154 31 32 33 34 35 36 155 156 157 158 159 40 41 42 43 44 45 160 161 162 163 50 51 52 53 54 55 164 165 166 61 62 63 64 65 66 167 168 73 74 75 76 77 78 169 86 87 88 89 90 91 99 100 101 102 103 111 112 113 114 122 123 124 132 133 141
23 30 31 38 39 40 47 48 49 50 57 58 59 60 61 68 69 70 71 72 73 80 81 82 83 84 85 86 92 93 94 95 96 97 98 99 3 104 105 106 107 108 109 110 111 5 6 115 116 117 118 119 120 121 122 8 9 10 125 126 127 128 129 130 131 132 12 13 14 15 134 135 136 137 138 139 140 141 17 18 19 20 21 142 143 144 145 146 147 148 16 24 25 26 27 28 149 150 151 152 153 154 22 32 33 34 35 36 155 156 157 158 159 29 41 42 43 44 45 160 161 162 163 37 51 52 53 54 55 164 165 166 46 62 63 64 65 66 167 168 56 74 75 76 77 78 169 67 87 88 89 90 91 79 100 101 102 103 1 112 113 114 2 123 124 4 133 7 11
24 31 32 39 40 41 48 49 50 51 58 59 60 61 62 69 70 71 72 73 74 81 82 83 84 85 86 87 93 94 95 96 97 98 99 100 104 105 106 107 108 109 110 111 112 6 115 116 117 118 119 120 121 122 123 9 10 125 126 127 128 129 130 131 132 133 13 14 15 134 135 136 137 138 139 140 141 11 18 19 20 21 142 143 144 145 146 147 148 16 17 25 26 27 28 149 150 151 152 153 154 22 23 33 34 35 36 155 156 157 158 159 29 30 42 43 44 45 160 161 162 163 37 38 52 53 54 55 164 165 166 46 47 63 64 65 66 167 168 56 57 75 76 77 78 169 67 68 88 89 90 91 79 80 101 102 103 1 92 113 114 2 3 124 4 5 7 8 12
25 32 33 40 41 42 49 50 51 52 59 60 61 62 63 70 71 72 73 74 75 82 83 84 85 86 87 88 94 95 96 97 98 99 100 101 105 106 107 108 109 110 111 112 113 115 116 117 118 119 120 121 122 123 124 10 125 126 127 128 129 130 131 132 133 7 14 15 134 135 136 137 138 139 140 141 11 12 19 20 21 142 143 144 145 146 147 148 16 17 18 26 27 28 149 150 151 152 153 154 22 23 24 34 35 36 155 156 157 158 159 29 30 31 43 44 45 160 161 162 163 37 38 39 53 54 55 164 165 166 46 47 48 64 65 66 167 168 56 57 58 76 77 78 169 67 68 69 89 90 91 79 80 81 102 103 1 92 93 114 2 3 104 4 5 6 8 9 13
26 33 34 41 42 43 50 51 52 53 60 61 62 63 64 71 72 73 74 75 76 83 84 85 86 87 88 89 95 96 97 98 99 100 101 102 106 107 108 109 110 111 112 113 114 116 117 118 119 120 121 122 123 124 4 125 126 127 128 129 130 131 132 133 7 8 15 134 135 136 137 138 139 140 141 11 12 13 20 21 142 143 144 145 146 147 148 16 17 18 19 27 28 149 150 151 152 153 154 22 23 24 25 35 36 155 156 157 158 159 29 30 31 32 44 45 160 161 162 163 37 38 39 40 54 55 164 165 166 46 47 48 49 65 66 167 168 56 57 58 59 77 78 169 67 68 69 70 90 91 79 80 81 82 103 1 92 93 94 2 3 104 105 5 6 115 9 10 14
27 34 35 42 43 44 51 52 53 54 61 62 63 64 65 72 73 74 75 76 77 84 85 86 87 88 89 90 96 97 98 99 100 101 102 103 107 108 109 110 111 112 113 114 2 117 118 119 120 121 122 123 124 4 5 126 127 128 129 130 131 132 133 7 8 9 134 135 136 137 138 139 140 141 11 12 13 14 21 142 143 144 145 146 147 148 16 17 18 19 20 28 149 150 151 152 153 154 22 23 24 25 26 36 155 156 157 158 159 29 30 31 32 33 45 160 161 162 163 37 38 39 40 41 55 164 165 166 46 47 48 49 50 66 167 168 56 57 58 59 60 78 169 67 68 69 70 71 91 79 80 81 82 83 1 92 93 94 95 3 104 105 106 6 115 116 10 125 15
28 35 36 43 44 45 52 53 54 55 62 63 64 65 66 73 74 75 76 77 78 85 86 87 88 89 90 91 97 98 99 100 101 102 103 1 108 109 110 111 112 113 114 2 3 118 119 120 121 122 123 124 4 5 6 127 128 129 130 131 132 133 7 8 9 10 135 136 137 138 139 140 141 11 12 13 14 15 142 143 144 145 146 147 148 16 17 18 19 20 21 149 150 151 152 153 154 22 23 24 25 26 27 155 156 157 158 159 29 30 31 32 33 34 160 161 162 163 37 38 39 40 41 42 164 165 166 46 47 48 49 50 51 167 168 56 57 58 59 60 61 169 67 68 69 70 71 72 79 80 81 82 83 84 92 93 94 95 96 104 105 106 107 115 116 117 125 126 134
29 37 38 46 47 48 56 57 58 59 67 68 69 70 71 79 80 81 82 83 84 1 92 93 94 95 96 97 2 3 104 105 106 107 108 109 4 5 6 115 116 117 118 119 120 7 8 9 10 125 126 127 128 129 130 11 12 13 14 15 134 135 136 137 138 139 16 17 18 19 20 21 142 143 144 145 146 147 22 23 24 25 26 27 28 149 150 151 152 153 154 30 31 32 33 34 35 36 155 156 157 158 159 39 40 41 42 43 44 45 160 161 162 163 49 50 51 52 53 54 55 164 165 166 60 61 62 63 64 65 66 167 168 72 73 74 75 76 77 78 169 85 86 87 88 89 90 91 98 99 100 101 102 103 110 111 112 113 114 121 122 123 124 131 132 133 140 141 148
30 38 39 47 48 49 57 58 59 60 68 69 70 71 72 80 81 82 83 84 85 92 93 94 95 96 97 98 3 104 105 106 107 108 109 110 5 6 115 116 117 118 119 120 121 8 9 10 125 126 127 128 129 130 131 12 13 14 15 134 135 136 137 138 139 140 17 18 19 20 21 142 143 144 145 146 147 148 23 24 25 26 27 28 149 150 151 152 153 154 22 31 32 33 34 35 36 155 156 157 158 159 29 40 41 42 43 44 45 160 161 162 163 37 50 51 52 53 54 55 164 165 166 46 61 62 63 64 65 66 167 168 56 73 74 75 76 77 78 169 67 86 87 88 89 90 91 79 99 100 101 102 103 1 111 112 113 114 2 122 123 124 4 132 133 7 141 11 16
31 39 40 48 49 50 58 59 60 61 69 70 71 72 73 81 82 83 84 85 86 93 94 95 96 97 98 99 104 105 106 107 108 109 110 111 6 115 116 117 118 119 120 121 122 9 10 125 126 127 128 129 130 131 132 13 14 15 134 135 136 137 138 139 140 141 18 19 20 21 142 143 144 145 146 147 148 16 24 25 26 27 28 149 150 151 152 153 154 22 23 32 33 34 35 36 155 156 157 158 159 29 30 41 42 43 44 45 160 161 162 163 37 38 51 52 53 54 55 164 165 166 46 47 62 63 64 65 66 167 168 56 57 74 75 76 77 78 169 67 68 87 88 89 90 91 79 80 100 101 102 103 1 92 112 113 114 2 3 123 124 4 5 133 7 8 11 12 17
32 40 41 49 50 51 59 60 61 62 70 71 72 73 74 82 83 84 85 86 87 94 95 96 97 98 99 100 105 106 107 108 109 110 111 112 115 116 117 118 119 120 121 122 123 10 125 126 127 128 129 130 131 132 133 14 15 134 135 136 137 138 139 140 141 11 19 20 21 142 143 144 145 146 147 148 16 17 25 26 27 28 149 150 151 152 153 154 22 23 24 33 34 35 36 155 156 157 158 159 29 30 31 42 43 44 45 160 161 162 163 37 38 39 52 53 54 55 164 165 166 46 47 48 63 64 65 66 167 168 56 57 58 75 76 77 78 169 67 68 69 88 89 90 91 79 80 81 101 102 103 1 92 93 113 114 2 3 104 124 4 5 6 7 8 9 12 13 18
33 41 42 50 51 52 60 61 62 63 71 72 73 74 75 83 84 85 86 87 88 95 96 97 98 99 100 101 106 107 108 109 110 111 112 113 116 117 118 119 120 121 122 123 124 125 126 127 128 129 130 131 132 133 7 15 134 135 136 137 138 139 140 141 11 12 20 21 142 143 144 145 146 147 148 16 17 18 26 27 28 149 150 151 152 153 154 22 23 24 25 34 35 36 155 156 157 158 159 29 30 31 32 43 44 45 160 161 162 163 37 38 39 40 53 54 55 164 165 166 46 47 48 49 64 65 66 167 168 56 57 58 59 76 77 78 169 67 68 69 70 89 90 91 79 80 81 82 102 103 1 92 93 94 114 2 3 104 105 4 5 6 115 8 9 10 13 14 19
34 42 43 51 52 53 61 62 63 64 72 73 74 75 76 84 85 86 87 88 89 96 97 98 99 100 101 102 107 108 109 110 111 112 113 114 117 118 119 120 121 122 123 124 4 126 127 128 129 130 131 132 133 7 8 134 135 136 137 138 139 140 141 11 12 13 21 142 143 144 145 146 147 148 16 17 18 19 27 28 149 150 151 152 153 154 22 23 24 25 26 35 36 155 156 157 158 159 29 30 31 32 33 44 45 160 161 162 163 37 38 39 40 41 54 55 164 165 166 46 47 48 49 50 65 66 167 168 56 57 58 59 60 77 78 169 67 68 69 70 71 90 91 79 80 81 82 83 103 1 92 93 94 95 2 3 104 105 106 5 6 115 116 9 10 125 14 15 20
35 43 44 52 53 54 62 63 64 65 73 74 75 76 77 85 86 87 88 89 90 97 98 99 100 101 102 103 108 109 110 111 112 113 114 2 118 119 120 121 122 123 124 4 5 127 128 129 130 131 132 133 7 8 9 135 136 137 138 139 140 141 11 12 13 14 142 143 144 145 146 147 148 16 17 18 19 20 28 149 150 151 152 153 154 22 23 24 25 26 27 36 155 156 157 158 159 29 30 31 32 33 34 45 160 161 162 163 37 38 39 40 41 42 55 164 165 166 46 47 48 49 50 51 66 167 168 56 57 58 59 60 61 78 169 67 68 69 70 71 72 91 79 80 81 82 83 84 1 92 93 94 95 96 3 104 105 106 107 6 115 116 117 10 125 126 15 134 21
36 44 45 53 54 55 63 64 65 66 74 75 76 77 78 86 87 88 89 90 91 98 99 100 101 102 103 1 109 110 111 112 113 114 2 3 119 120 121 122 123 124 4 5 6 128 129 130 131 132 133 7 8 9 10 136 137 138 139 140 141 11 12 13 14 15 143 144 145 146 147 148 16 17 18 19 20 21 149 150 151 152 153 154 22 23 24 25 26 27 28 155 156 157 158 159 29 30 31 32 33 34 35 160 161 162 163 37 38 39 40 41 42 43 164 165 166 46 47 48 49 50 51 52 167 168 56 57 58 59 60 61 62 169 67 68 69 70 71 72 73 79 80 81 82 83 84 85 92 93 94 95 96 97 104 105 106 107 108 115 116 117 118 125 126 127 134 135 142
37 46 47 56 57 58 67 68 69 70 79 80 81 82 83 1 92 93 94 95 96 2 3 104 105 106 107 108 4 5 6 115 116 117 118 119 7 8 9 10 125 126 127 128 129 11 12 13 14 15 134 135 136 137 138 16 17 18 19 20 21 142 143 144 145 146 22 23 24 25 26 27 28 149 150 151 152 153 29 30 31 32 33 34 35 36 155 156 157 158 159 38 39 40 41 42 43 44 45 160 161 162 163 48 49 50 51 52 53 54 55 164 165 166 59 60 61 62 63 64 65 66 167 168 71 72 73 74 75 76 77 78 169 84 85 86 87 88 89 90 91 97 98 99 100 101 102 103 109 110 111 112 113 114 120 121 122 123 124 130 131 132 133 139 140 141 147 148 154
38 47 48 57 58 59 68 69 70 71 80 81 82 83 84 92 93 94 95 96 97 3 104 105 106 107 108 109 5 6 115 116 117 118 119 120 8 9 10 125 126 127 128 129 130 12 13 14 15 134 135 136 137 138 139 17 18 19 20 21 142 143 144 145 146 147 23 24 25 26 27 28 149 150 151 152 153 154 30 31 32 33 34 35 36 155 156 157 158 159 29 39 40 41 42 43 44 45 160 161 162 163 37 49 50 51 52 53 54 55 164 165 166 46 60 61 62 63 64 65 66 167 168 56 72 73 74 75 76 77 78 169 67 85 86 87 88 89 90 91 79 98 99 100 101 102 103 1 110 111 112 113 114 2 121 122 123 124 4 131 132 133 7 140 141 11 148 16 22
39 48 49 58 59 60 69 70 71 72 81 82 83 84 85 93 94 95 96 97 98 104 105 106 107 108 109 110 6 115 116 117 118 119 120 121 9 10 125 126 127 128 129 130 131 13 14 15 134 135 136 137 138 139 140 18 19 20 21 142 143 144 145 146 147 148 24 25 26 27 28 149 150 151 152 153 154 22 31 32 33 34 35 36 155 156 157 158 159 29 30 40 41 42 43 44 45 160 161 162 163 37 38 50 51 52 53 54 55 164 165 166 46 47 61 62 63 64 65 66 167 168 56 57 73 74 75 76 77 78 169 67 68 86 87 88 89 90 91 79 80 99 100 101 102 103 1 92 111 112 113 114 2 3 122 123 124 4 5 132 133 7 8 141 11 12 16 17 23
40 49 50 59 60 61 70 71 72 73 82 83 84 85 86 94 95 96 97 98 99 105 106 107 108 109 110 111 115 116 117 118 119 120 121 122 10 125 126 127 128 129 130 131 132 14 15 134 135 136 137 138 139 140 141 19 20 21 142 143 144 145 146 147 148 16 25 26 27 28 149 150 151 152 153 154 22 23 32 33 34 35 36 155 156 157 158 159 29 30 31 41 42 43 44 45 160 161 162 163 37 38 39 51 52 53 54 55 164 165 166 46 47 48 62 63 64 65 66 167 168 56 57 58 74 75 76 77 78 169 67 68 69 87 88 89 90 91 79 80 81 100 101 102 103 1 92 93 112 113 114 2 3 104 123 124 4 5 6 133 7 8 9 11 12 13 17 18 24
41 50 51 60 61 62 71 72 73 74 83 84 85 86 87 95 96 97 98 99 100 106 107 108 109 110 111 112 116 117 118 119 120 121 122 123 125 126 127 128 129 130 131 132 133 15 134 135 136 137 138 139 140 141 11 20 21 142 143 144 145 146 147 148 16 17 26 27 28 149 150 151 152 153 154 22 23 24 33 34 35 36 155 156 157 158 159 29 30 31 32 42 43 44 45 160 161 162 163 37 38 39 40 52 53 54 55 164 165 166 46 47 48 49 63 64 65 66 167 168 56 57 58 59 75 76 77 78 169 67 68 69 70 88 89 90 91 79 80 81 82 101 102 103 1 92 93 94 113 114 2 3 104 105 124 4 5 6 115 7 8 9 10 12 13 14 18 19 25
42 51 52 61 62 63 72 73 74 75 84 85 86 87 88 96 97 98 99 100 101 107 108 109 110 111 112 113 117 118 119 120 121 122 123 124 126 127 128 129 130 131 132 133 7 134 135 136 137 138 139 140 141 11 12 21 142 143 144 145 146 147 148 16 17 18 27 28 149 150 151 152 153 154 22 23 24 25 34 35 36 155 156 157 158 159 29 30 31 32 33 43 44 45 160 161 162 163 37 38 39 40 41 53 54 55 164 165 166 46 47 48 49 50 64 65 66 167 168 56 57 58 59 60 76 77 78 169 67 68 69 70 71 89 90 91 79 80 81 82 83 102 103 1 92 93 94 95 114 2 3 104 105 106 4 5 6 115 116 8 9 10 125 13 14 15 19 20 26
43 52 53 62 63 64 73 74 75 76 85 86 87 88 89 97 98 99 100 101 102 108 109 110 111 112 113 114 118 119 120 121 122 123 124 4 127 128 129 130 131 132 133 7 8 135 136 137 138 139 140 141 11 12 13 142 143 144 145 146 147 148 16 17 18 19 28 149 150 151 152 153 154 22 23 24 25 26 35 36 155 156 157 158 159 29 30 31 32 33 34 44 45 160 161 162 163 37 38 39 40 41 42 54 55 164 165 166 46 47 48 49 50 51 65 66 167 168 56 57 58 59 60 61 77 78 169 67 68 69 70 71 72 90 91 79 80 81 82 83 84 103 1 92 93 94 95 96 2 3 104 105 106 107 5 6 115 116 117 9 10 125 126 14 15 134 20 21 27
44 53 54 63 64 65 74 75 76 77 86 87 88 89 90 98 99 100 101 102 103 109 110 111 112 113 114 2 119 120 121 122 123 124 4 5 128 129 130 131 132 133 7 8 9 136 137 138 139 140 141 11 12 13 14 143 144 145 146 147 148 16 17 18 19 20 149 150 151 152 153 154 22 23 24 25 26 27 36 155 156 157 158 159 29 30 31 32 33 34 35 45 160 161 162 163 37 38 39 40 41 42 43 55 164 165 166 46 47 48 49 50 51 52 66 167 168 56 57 58 59 60 61 62 78 169 67 68 69 70 71 72 73 91 79 80 81 82 83 84 85 1 92 93 94 95 96 97 3 104 105 106 107 108 6 115 116 117 118 10 125 126 127 15 134 135 21 142 28
45 54 55 64 65 66 75 76 77 78 87 88 89 90 91 99 100 101 102 103 1 110 111 112 113 114 2 3 120 121 122 123 124 4 5 6 129 130 131 132 133 7 8 9 10 137 138 139 140 141 11 12 13 14 15 144 145 146 147 148 16 17 18 19 20 21 150 151 152 153 154 22 23 24 25 26 27 28 155 156 157 158 159 29 30 31 32 33 34 35 36 160 161 162 163 37 38 39 40 41 42 43 44 164 165 166 46 47 48 49 50 51 52 53 167 168 56 57 58 59 60 61 62 63 169 67 68 69 70 71 72 73 74 79 80 81 82 83 84 85 86 92 93 94 95 96 97 98 104 105 106 107 108 109 115 116 117 118 119 125 126 127 128 134 135 136 142 143 149
46 56 57 67 68 69 79 80 81 82 1 92 93 94 95 2 3 104 105 106 107 4 5 6 115 116 117 118 7 8 9 10 125 126 127 128 11 12 13 14 15 134 135 136 137 16 17 18 19 20 21 142 143 144 145 22 23 24 25 26 27 28 149 150 151 152 29 30 31 32 33 34 35 36 155 156 157 158 37 38 39 40 41 42 43 44 45 160 161 162 163 47 48 49 50 51 52 53 54 55 164 165 166 58 59 60 61 62 63 64 65 66 167 168 70 71 72 73 74 75 76 77 78 169 83 84 85 86 87 88 89 90 91 96 97 98 99 100 101 102 103 108 109 110 111 112 113 114 119 120 121 122 123 124 129 130 131 132 133 138 139 140 141 146 147 148 153 154 159
47 57 58 68 69 70 80 81 82 83 92 93 94 95 96 3 104 105 106 107 108 5 6 115 116 117 118 119 8 9 10 125 126 127 128 129 12 13 14 15 134 135 136 137 138 17 18 19 20 21 142 143 144 145 146 23 24 25 26 27 28 149 150 151 152 153 30 31 32 33 34 35 36 155 156 157 158 159 38 39 40 41 42 43 44 45 160 161 162 163 37 48 49 50 51 52 53 54 55 164 165 166 46 59 60 61 62 63 64 65 66 167 168 56 71 72 73 74 75 76 77 78 169 67 84 85 86 87 88 89 90 91 79 97 98 99 100 101 102 103 1 109 110 111 112 113 114 2 120 121 122 123 124 4 130 131 132 133 7 139 140 141 11 147 148 16 154 22 29
48 58 59 69 70 71 81 82 83 84 93 94 95 96 97 104 105 106 107 108 109 6 115 116 117 118 119 120 9 10 125 126 127 128 129 130 13 14 15 134 135 136 137 138 139 18 19 20 21 142 143 144 145 146 147 24 25 26 27 28 149 150 151 152 153 154 31 32 33 34 35 36 155 156 157 158 159 29 39 40 41 42 43 44 45 160 161 162 163 37 38 49 50 51 52 53 54 55 164 165 166 46 47 60 61 62 63 64 65 66 167 168 56 57 72 73 74 75 76 77 78 169 67 68 85 86 87 88 89 90 91 79 80 98 99 100 101 102 103 1 92 110 111 112 113 114 2 3 121 122 123 124 4 5 131 132 133 7 8 140 141 11 12 148 16 17 22 23 30
49 59 60 70 71 72 82 83 84 85 94 95 96 97 98 105 106 107 108 109 110 115 116 117 118 119 120 121 10 125 126 127 128 129 130 131 14 15 134 135 136 137 138 139 140 19 20 21 142 143 144 145 146 147 148 25 26 27 28 149 150 151 152 153 154 22 32 33 34 35 36 155 156 157 158 159 29 30 40 41 42 43 44 45 160 161 162 163 37 38 39 50 51 52 53 54 55 164 165 166 46 47 48 61 62 63 64 65 66 167 168 56 57 58 73 74 75 76 77 78 169 67 68 69 86 87 88 89 90 91 79 80 81 99 100 101 102 103 1 92 93 111 112 113 114 2 3 104 122 123 124 4 5 6 132 133 7 8 9 141 11 12 13 16 17 18 23 24 31
50 60 61 71 72 73 83 84 85 86 95 96 97 98 99 106 107 108 109 110 111 116 117 118 119 120 121 122 125 126 127 128 129 130 131 132 15 134 135 136 137 138 139 140 141 20 21 142 143 144 145 146 147 148 16 26 27 28 149 150 151 152 153 154 22 23 33 34 35 36 155 156 157 158 159 29 30 31 41 42 43 44 45 160 161 162 163 37 38 39 40 51 52 53 54 55 164 165 166 46 47 48 49 62 63 64 65 66 167 168 56 57 58 59 74 75 76 77 78 169 67 68 69 70 87 88 89 90 91 79 80 81 82 100 101 102 103 1 92 93 94 112 113 114 2 3 104 105 123 124 4 5 6 115 133 7 8 9 10 11 12 13 14 17 18 19 24 25 32
51 61 62 72 73 74 84 85 86 87 96 97 98 99 100 107 108 109 110 111 112 117 118 119 120 121 122 123 126 127 128 129 130 131 132 133 134 135 136 137 138 139 140 141 11 21 142 143 144 145 146 147 148 16 17 27 28 149 150 151 152 153 154 22 23 24 34 35 36 155 156 157 158 159 29 30 31 32 42 43 44 45 160 161 162 163 37 38 39 40 41 52 53 54 55 164 165 166 46 47 48 49 50 63 64 65 66 167 168 56 57 58 59 60 75 76 77 78 169 67 68 69 70 71 88 89 90 91 79 80 81 82 83 101 102 103 1 92 93 94 95 113 114 2 3 104 105 106 124 4 5 6 115 116 7 8 9 10 125 12 13 14 15 18 19 20 25 26 33
52 62 63 73 74 75 85 86 87 88 97 98 99 100 101 108 109 110 111 112 113 118 119 120 121 122 123 124 127 128 129 130 131 132 133 7 135 136 137 138 139 140 141 11 12 142 143 144 145 146 147 148 16 17 18 28 149 150 151 152 153 154 22 23 24 25 35 36 155 156 157 158 159 29 30 31 32 33 43 44 45 160 161 162 163 37 38 39 40 41 42 53 54 55 164 165 166 46 47 48 49 50 51 64 65 66 167 168 56 57 58 59 60 61 76 77 78 169 67 68 69 70 71 72 89 90 91 79 80 81 82 83 84 102 103 1 92 93 94 95 96 114 2 3 104 105 106 107 4 5 6 115 116 117 8 9 10 125 126 13 14 15 134 19 20 21 26 27 34
53 63 64 74 75 76 86 87 88 89 98 99 100 101 102 109 110 111 112 113 114 119 120 121 122 123 124 4 128 129 130 131 132 133 7 8 136 137 138 139 140 141 11 12 13 143 144 145 146 147 148 16 17 18 19 149 150 151 152 153 154 22 23 24 25 26 36 155 156 157 158 159 29 30 31 32 33 34 44 45 160 161 162 163 37 38 39 40 41 42 43 54 55 164 165 166 46 47 48 49 50 51 52 65 66 167 168 56 57 58 59 60 61 62 77 78 169 67 68 69 70 71 72 73 90 91 79 80 81 82 83 84 85 103 1 92 93 94 95 96 97 2 3 104 105 106 107 108 5 6 115 116 117 118 9 10 125 126 127 14 15 134 135 20 21 142 27 28 35
54 64 65 75 76 77 87 88 89 90 99 100 101 102 103 110 111 112 113 114 2 120 121 122 123 124 4 5 129 130 131 132 133 7 8 9 137 138 139 140 141 11 12 13 14 144 145 146 147 148 16 17 18 19 20 150 151 152 153 154 22 23 24 25 26 27 155 156 157 158 159 29 30 31 32 33 34 35 45 160 161 162 163 37 38 39 40 41 42 43 44 55 164 165 166 46 47 48 49 50 51 52 53 66 167 168 56 57 58 59 60 61 62 63 78 169 67 68 69 70 71 72 73 74 91 79 80 81 82 83 84 85 86 1 92 93 94 95 96 97 98 3 104 105 106 107 108 109 6 115 116 117 118 119 10 125 126 127 128 15 134 135 136 21 142 143 28 149 36
55 65 66 76 77 78 88 89 90 91 100 101 102 103 1 111 112 113 114 2 3 121 122 123 124 4 5 6 130 131 132 133 7 8 9 10 138 139 140 141 11 12 13 14 15 145 146 147 148 16 17 18 19 20 21 151 152 153 154 22 23 24 25 26 27 28 156 157 158 159 29 30 31 32 33 34 35 36 160 161 162 163 37 38 39 40 41 42 43 44 45 164 165 166 46 47 48 49 50 51 52 53 54 167 168 56 57 58 59 60 61 62 63 64 169 67 68 69 70 71 72 73 74 75 79 80 81 82 83 84 85 86 87 92 93 94 95 96 97 98 99 104 105 106 107 108 109 110 115 116 117 118 119 120 125 126 127 128 129 134 135 136 137 142 143 144 149 150 155
56 67 68 79 80 81 1 92 93 94 2 3 104 105 106 4 5 6 115 116 117 7 8 9 10 125 126 127 11 12 13 14 15 134 135 136 16 17 18 19 20 21 142 143 144 22 23 24 25 26 27 28 149 150 151 29 30 31 32 33 34 35 36 155 156 157 37 38 39 40 41 42 43 44 45 160 161 162 46 47 48 49 50 51 52 53 54 55 164 165 166 57 58 59 60 61 62 63 64 65 66 167 168 69 70 71 72 73 74 75 76 77 78 169 82 83 84 85 86 87 88 89 90 91 95 96 97 98 99 100 101 102 103 107 108 109 110 111 112 113 114 118 119 120 121 122 123 124 128 129 130 131 132 133 137 138 139 140 141 145 146 147 148 152 153 154 158 159 163
57 68 69 80 81 82 92 93 94 95 3 104 105 106 107 5 6 115 116 117 118 8 9 10 125 126 127 128 12 13 14 15 134 135 136 137 17 18 19 20 21 142 143 144 145 23 24 25 26 27 28 149 150 151 152 30 31 32 33 34 35 36 155 156 157 158 38 39 40 41 42 43 44 45 160 161 162 163 47 48 49 50 51 52 53 54 55 164 165 166 46 58 59 60 61 62 63 64 65 66 167 168 56 70 71 72 73 74 75 76 77 78 169 67 83 84 85 86 87 88 89 90 91 79 96 97 98 99 100 101 102 103 1 108 109 110 111 112 113 114 2 119 120 121 122 123 124 4 129 130 131 132 133 7 138 139 140 141 11 146 147 148 16 153 154 22 159 29 37
58 69 70 81 82 83 93 94 95 96 104 105 106 107 108 6 115 116 117 118 119 9 10 125 126 127 128 129 13 14 15 134 135 136 137 138 18 19 20 21 142 143 144 145 146 24 25 26 27 28 149 150 151 152 153 31 32 33 34 35 36 155 156 157 158 159 39 40 41 42 43 44 45 160 161 162 163 37 48 49 50 51 52 53 54 55 164 165 166 46 47 59 60 61 62 63 64 65 66 167 168 56 57 71 72 73 74 75 76 77 78 169 67 68 84 85 86 87 88 89 90 91 79 80 97 98 99 100 101 102 103 1 92 109 110 111 112 113 114 2 3 120 121 122 123 124 4 5 130 131 132 133 7 8 139 140 141 11 12 147 148 16 17 154 22 23 29 30 38
59 70 71 82 83 84 94 95 96 97 105 106 107 108 109 115 116 117 118 119 120 10 125 126 127 128 129 130 14 15 134 135 136 137 138 139 19 20 21 142 143 144 145 146 147 25 26 27 28 149 150 151 152 153 154 32 33 34 35 36 155 156 157 158 159 29 40 41 42 43 44 45 160 161 162 163 37 38 49 50 51 52 53 54 55 164 165 166 46 47 48 60 61 62 63 64 65 66 167 168 56 57 58 72 73 74 75 76 77 78 169 67 68 69 85 86 87 88 89 90 91 79 80 81 98 99 100 101 102 103 1 92 93 110 111 112 113 114 2 3 104 121 122 123 124 4 5 6 131 132 133 7 8 9 140 141 11 12 13 148 16 17 18 22 23 24 30 31 39
60 71 72 83 84 85 95 96 97 98 106 107 108 109 110 116 117 118 119 120 121 125 126 127 128 129 130 131 15 134 135 136 137 138 139 140 20 21 142 143 144 145 146 147 148 26 27 28 149 150 151 152 153 154 22 33 34 35 36 155 156 157 158 159 29 30 41 42 43 44 45 160 161 162 163 37 38 39 50 51 52 53 54 55 164 165 166 46 47 48 49 61 62 63 64 65 66 167 168 56 57 58 59 73 74 75 76 77 78 169 67 68 69 70 86 87 88 89 90 91 79 80 81 82 99 100 101 102 103 1 92 93 94 111 112 113 114 2 3 104 105 122 123 124 4 5 6 115 132 133 7 8 9 10 141 11 12 13 14 16 17 18 19 23 24 25 31 32 40
61 72 73 84 85 86 96 97 98 99 107 108 109 110 111 117 118 119 120 121 122 126 127 128 129 130 131 132 134 135 136 137 138 139 140 141 21 142 143 144 145 146 147 148 16 27 28 149 150 151 152 153 154 22 23 34 35 36 155 156 157 158 159 29 30 31 42 43 44 45 160 161 162 163 37 38 39 40 51 52 53 54 55 164 165 166 46 47 48 49 50 62 63 64 65 66 167 168 56 57 58 59 60 74 75 76 77 78 169 67 68 69 70 71 87 88 89 90 91 79 80 81 82 83 100 101 102 103 1 92 93 94 95 112 113 114 2 3 104 105 106 123 124 4 5 6 115 116 133 7 8 9 10 125 11 12 13 14 15 17 18 19 20 24 25 26 32 33 41
62 73 74 85 86 87 97 98 99 100 108 109 110 111 112 118 119 120 121 122 123 127 128 129 130 131 132 133 135 136 137 138 139 140 141 11 142 143 144 145 146 147 148 16 17 28 149 150 151 152 153 154 22 23 24 35 36 155 156 157 158 159 29 30 31 32 43 44 45 160 161 162 163 37 38 39 40 41 52 53 54 55 164 165 166 46 47 48 49 50 51 63 64 65 66 167 168 56 57 58 59 60 61 75 76 77 78 169 67 68 69 70 71 72 88 89 90 91 79 80 81 82 83 84 101 102 103 1 92 93 94 95 96 113 114 2 3 104 105 106 107 124 4 5 6 115 116 117 7 8 9 10 125 126 12 13 14 15 134 18 19 20 21 25 26 27 33 34 42
63 74 75 86 87 88 98 99 100 101 109 110 111 112 113 119 120 121 122 123 124 128 129 130 131 132 133 7 136 137 138 139 140 141 11 12 143 144 145 146 147 148 16 17 18 149 150 151 152 153 154 22 23 24 25 36 155 156 157 158 159 29 30 31 32 33 44 45 160 161 162 163 37 38 39 40 41 42 53 54 55 164 165 166 46 47 48 49 50 51 52 64 65 66 167 168 56 57 58 59 60 61 62 76 77 78 169 67 68 69 70 71 72 73 89 90 91 79 80 81 82 83 84 85 102 103 1 92 93 94 95 96 97 114 2 3 104 105 106 107 108 4 5 6 115 116 117 118 8 9 10 125 126 127 13 14 15 134 135 19 20 21 142 26 27 28 34 35 43
64 75 76 87 88 89 99 100 101 102 110 111 112 113 114 120 121 122 123 124 4 129 130 131 132 133 7 8 137 138 139 140 141 11 12 13 144 145 146 147 148 16 17 18 19 150 151 152 153 154 22 23 24 25 26 155 156 157 158 159 29 30 31 32 33 34 45 160 161 162 163 37 38 39 40 41 42 43 54 55 164 165 166 46 47 48 49 50 51 52 53 65 66 167 168 56 57 58 59 60 61 62 63 77 78 169 67 68 69 70 71 72 73 74 90 91 79 80 81 82 83 84 85 86 103 1 92 93 94 95 96 97 98 2 3 104 105 106 107 108 109 5 6 115 116 117 118 119 9 10 125 126 127 128 14 15 134 135 136 20 21 142 143 27 28 149 35 36 44
65 76 77 88 89 90 100 101 102 103 111 112 113 114 2 121 122 123 124 4 5 130 131 132 133 7 8 9 138 139 140 141 11 12 13 14 145 146 147 148 16 17 18 19 20 151 152 153 154 22 23 24 25 26 27 156 157 158 159 29 30 31 32 33 34 35 160 161 162 163 37 38 39 40 41 42 43 44 55 164 165 166 46 47 48 49 50 51 52 53 54 66 167 168 56 57 58 59 60 61 62 63 64 78 169 67 68 69 70 71 72 73 74 75 91 79 80 81 82 83 84 85 86 87 1 92 93 94 95 96 97 98 99 3 104 105 106 107 108 109 110 6 115 116 117 118 119 120 10 125 126 127 128 129 15 134 135 136 137 21 142 143 144 28 149 150 36 155 45
66 77 78 89 90 91 101 102 103 1 112 113 114 2 3 122 123 124 4 5 6 131 132 133 7 8 9 10 139 140 141 11 12 13 14 15 146 147 148 16 17 18 19 20 21 152 153 154 22 23 24 25 26 27 28 157 158 159 29 30 31 32 33 34 35 36 161 162 163 37 38 39 40 41 42 43 44 45 164 165 166 46 47 48 49 50 51 52 53 54 55 167 168 56 57 58 59 60 61 62 63 64 65 169 67 68 69 70 71 72 73 74 75 76 79 80 81 82 83 84 85 86 87 88 92 93 94 95 96 97 98 99 100 104 105 106 107 108 109 110 111 115 116 117 118 119 120 121 125 126 127 128 129 130 134 135 136 137 138 142 143 144 145 149 150 151 155 156 160
67 79 80 1 92 93 2 3 104 105 4 5 6 115 116 7 8 9 10 125 126 11 12 13 14 15 134 135 16 17 18 19 20 21 142 143 22 23 24 25 26 27 28 149 150 29 30 31 32 33 34 35 36 155 156 37 38 39 40 41 42 43 44 45 160 161 46 47 48 49 50 51 52 53 54 55 164 165 56 57 58 59 60 61 62 63 64 65 66 167 168 68 69 70 71 72 73 74 75 76 77 78 169 81 82 83 84 85 86 87 88 89 90 91 94 95 96 97 98 99 100 101 102 103 106 107 108 109 110 111 112 113 114 117 118 119 120 121 122 123 124 127 128 129 130 131 132 133 136 137 138 139 140 141 144 145 146 147 148 151 152 153 154 157 158 159 162 163 166
68 80 81 92 93 94 3 104 105 106 5 6 115 116 117 8 9 10 125 126 127 12 13 14 15 134 135 136 17 18 19 20 21 142 143 144 23 24 25 26 27 28 149 150 151 30 31 32 33 34 35 36 155 156 157 38 39 40 41 42 43 44 45 160 161 162 47 48 49 50 51 52 53 54 55 164 165 166 57 58 59 60 61 62 63 64 65 66 167 168 56 69 70 71 72 73 74 75 76 77 78 169 67 82 83 84 85 86 87 88 89 90 91 79 95 96 97 98 99 100 101 102 103 1 107 108 109 110 111 112 113 114 2 118 119 120 121 122 123 124 4 128 129 130 131 132 133 7 137 138 139 140 141 11 145 146 147 148 16 152 153 154 22 158 159 29 163 37 46
69 81 82 93 94 95 104 105 106 107 6 115 116 117 118 9 10 125 126 127 128 13 14 15 134 135 136 137 18 19 20 21 142 143 144 145 24 25 26 27 28 149 150 151 152 31 32 33 34 35 36 155 156 157 158 39 40 41 42 43 44 45 160 161 162 163 48 49 50 51 52 53 54 55 164 165 166 46 58 59 60 61 62 63 64 65 66 167 168 56 57 70 71 72 73 74 75 76 77 78 169 67 68 83 84 85 86 87 88 89 90 91 79 80 96 97 98 99 100 101 102 103 1 92 108 109 110 111 112 113 114 2 3 119 120 121 122 123 124 4 5 129 130 131 132 133 7 8 138 139 140 141 11 12 146 147 148 16 17 153 154 22 23 159 29 30 37 38 47
70 82 83 94 95 96 105 106 107 108 115 116 117 118 119 10 125 126 127 128 129 14 15 134 135 136 137 138 19 20 21 142 143 144 145 146 25 26 27 28 149 150 151 152 153 32 33 34 35 36 155 156 157 158 159 40 41 42 43 44 45 160 161 162 163 37 49 50 51 52 53 54 55 164 165 166 46 47 59 60 61 62 63 64 65 66 167 168 56 57 58 71 72 73 74 75 76 77 78 169 67 68 69 84 85 86 87 88 89 90 91 79 80 81 97 98 99 100 101 102 103 1 92 93 109 110 111 112 113 114 2 3 104 120 121 122 123 124 4 5 6 130 131 132 133 7 8 9 139 140 141 11 12 13 147 148 16 17 18 154 22 23 24 29 30 31 38 39 48
71 83 84 95 96 97 106 107 108 109 116 117 118 119 120 125 126 127 128 129 130 15 134 135 136 137 138 139 20 21 142 143 144 145 146 147 26 27 28 149 150 151 152 153 154 33 34 35 36 155 156 157 158 159 29 41 42 43 44 45 160 161 162 163 37 38 50 51 52 53 54 55 164 165 166 46 47 48 60 61 62 63 64 65 66 167 168 56 57 58 59 72 73 74 75 76 77 78 169 67 68 69 70 85 86 87 88 89 90 91 79 80 81 82 98 99 100 101 102 103 1 92 93 94 110 111 112 113 114 2 3 104 105 121 122 123 124 4 5 6 115 131 132 133 7 8 9 10 140 141 11 12 13 14 148 16 17 18 19 22 23 24 25 30 31 32 39 40 49
72 84 85 96 97 98 107 108 109 110 117 118 119 120 121 126 127 128 129 130 131 134 135 136 137 138 139 140 21 142 143 144 145 146 147 148 27 28 149 150 151 152 153 154 22 34 35 36 155 156 157 158 159 29 30 42 43 44 45 160 161 162 163 37 38 39 51 52 53 54 55 164 165 166 46 47 48 49 61 62 63 64 65 66 167 168 56 57 58 59 60 73 74 75 76 77 78 169 67 68 69 70 71 86 87 88 89 90 91 79 80 81 82 83 99 100 101 102 103 1 92 93 94 95 111 112 113 114 2 3 104 105 106 122 123 124 4 5 6 115 116 132 133 7 8 9 10 125 141 11 12 13 14 15 16 17 18 19 20 23 24 25 26 31 32 33 40 41 50
73 85 86 97 98 99 108 109 110 111 118 119 120 121 122 127 128 129 130 131 132 135 136 137 138 139 140 141 142 143 144 145 146 147 148 16 28 149 150 151 152 153 154 22 23 35 36 155 156 157 158 159 29 30 31 43 44 45 160 161 162 163 37 38 39 40 52 53 54 55 164 165 166 46 47 48 49 50 62 63 64 65 66 167 168 56 57 58 59 60 61 74 75 76 77 78 169 67 68 69 70 71 72 87 88 89 90 91 79 80 81 82 83 84 100 101 102 103 1 92 93 94 95 96 112 113 114 2 3 104 105 106 107 123 124 4 5 6 115 116 117 133 7 8 9 10 125 126 11 12 13 14 15 134 17 18 19 20 21 24 25 26 27 32 33 34 41 42 51
74 86 87 98 99 100 109 110 111 112 119 120 121 122 123 128 129 130 131 132 133 136 137 138 139 140 141 11 143 144 145 146 147 148 16 17 149 150 151 152 153 154 22 23 24 36 155 156 157 158 159 29 30 31 32 44 45 160 161 162 163 37 38 39 40 41 53 54 55 164 165 166 46 47 48 49 50 51 63 64 65 66 167 168 56 57 58 59 60 61 62 75 76 77 78 169 67 68 69 70 71 72 73 88 89 90 91 79 80 81 82 83 84 85 101 102 103 1 92 93 94 95 96 97 113 114 2 3 104 105 106 107 108 124 4 5 6 115 116 117 118 7 8 9 10 125 126 127 12 13 14 15 134 135 18 19 20 21 142 25 26 27 28 33 34 35 42 43 52
75 87 88 99 100 101 110 111 112 113 120 121 122 123 124 129 130 131 132 133 7 137 138 139 140 141 11 12 144 145 146 147 148 16 17 18 150 151 152 153 154 22 23 24 25 155 156 157 158 159 29 30 31 32 33 45 160 161 162 163 37 38 39 40 41 42 54 55 164 165 166 46 47 48 49 50 51 52 64 65 66 167 168 56 57 58 59 60 61 62 63 76 77 78 169 67 68 69 70 71 72 73 74 89 90 91 79 80 81 82 83 84 85 86 102 103 1 92 93 94 95 96 97 98 114 2 3 104 105 106 107 108 109 4 5 6 115 116 117 118 119 8 9 10 125 126 127 128 13 14 15 134 135 136 19 20 21 142 143 26 27 28 149 34 35 36 43 44 53
76 88 89 100 101 102 111 112 113 114 121 122 123 124 4 130 131 132 133 7 8 138 139 140 141 11 12 13 145 146 147 148 16 17 18 19 151 152 153 154 22 23 24 25 26 156 157 158 159 29 30 31 32 33 34 160 161 162 163 37 38 39 40 41 42 43 55 164 165 166 46 47 48 49 50 51 52 53 65 66 167 168 56 57 58 59 60 61 62 63 64 77 78 169 67 68 69 70 71 72 73 74 75 90 91 79 80 81 82 83 84 85 86 87 103 1 92 93 94 95 96 97 98 99 2 3 104 105 106 107 108 109 110 5 6 115 116 117 118 119 120 9 10 125 126 127 128 129 14 15 134 135 136 137 20 21 142 143 144 27 28 149 150 35 36 155 44 45 54
77 89 90 101 102 103 112 113 114 2 122 123 124 4 5 131 132 133 7 8 9 139 140 141 11 12 13 14 146 147 148 16 17 18 19 20 152 153 154 22 23 24 25 26 27 157 158 159 29 30 31 32 33 34 35 161 162 163 37 38 39 40 41 42 43 44 164 165 166 46 47 48 49 50 51 52 53 54 66 167 168 56 57 58 59 60 61 62 63 64 65 78 169 67 68 69 70 71 72 73 74 75 76 91 79 80 81 82 83 84 85 86 87 88 1 92 93 94 95 96 97 98 99 100 3 104 105 106 107 108 109 110 111 6 115 116 117 118 119 120 121 10 125 126 127 128 129 130 15 134 135 136 137 138 21 142 143 144 145 28 149 150 151 36 155 156 45 160 55
78 90 91 102 103 1 113 114 2 3 123 124 4 5 6 132 133 7 8 9 10 140 141 11 12 13 14 15 147 148 16 17 18 19 20 21 153 154 22 23 24 25 26 27 28 158 159 29 30 31 32 33 34 35 36 162 163 37 38 39 40 41 42 43 44 45 165 166 46 47 48 49 50 51 52 53 54 55 167 168 56 57 58 59 60 61 62 63 64 65 66 169 67 68 69 70 71 72 73 74 75 76 77 79 80 81 82 83 84 85 86 87 88 89 92 93 94 95 96 97 98 99 100 101 104 105 106 107 108 109 110 111 112 115 116 117 118 119 120 121 122 125 126 127 128 129 130 131 134 135 136 137 138 139 142 143 144 145 146 149 150 151 152 155 156 157 160 161 164
79 1 92 2 3 104 4 5 6 115 7 8 9 10 125 11 12 13 14 15 134 16 17 18 19 20 21 142 22 23 24 25 26 27 28 149 29 30 31 32 33 34 35 36 155 37 38 39 40 41 42 43 44 45 160 46 47 48 49 50 51 52 53 54 55 164 56 57 58 59 60 61 62 63 64 65 66 167 67 68 69 70 71 72 73 74 75 76 77 78 169 80 81 82 83 84 85 86 87 88 89 90 91 93 94 95 96 97 98 99 100 101 102 103 105 106 107 108 109 110 111 112 113 114 116 117 118 119 120 121 122 123 124 126 127 128 129 130 131 132 133 135 136 137 138 139 140 141 143 144 145 146 147 148 150 151 152 153 154 156 157 158 159 161 162 163 165 166 168
80 92 93 3 104 105 5 6 115 116 8 9 10 125 126 12 13 14 15 134 135 17 18 19 20 21 142 143 23 24 25 26 27 28 149 150 30 31 32 33 34 35 36 155 156 38 39 40 41 42 43 44 45 160 161 47 48 49 50 51 52 53 54 55 164 165 57 58 59 60 61 62 63 64 65 66 167 168 68 69 70 71 72 73 74 75 76 77 78 169 67 81 82 83 84 85 86 87 88 89 90 91 79 94 95 96 97 98 99 100 101 102 103 1 106 107 108 109 110 111 112 113 114 2 117 118 119 120 121 122 123 124 4 127 128 129 130 131 132 133 7 136 137 138 139 140 141 11 144 145 146 147 148 16 151 152 153 154 22 157 158 159 29 162 163 37 166 46 56
81 93 94 104 105 106 6 115 116 117 9 10 125 126 127 13 14 15 134 135 136 18 19 20 21 142 143 144 24 25 26 27 28 149 150 151 31 32 33 34 35 36 155 156 157 39 40 41 42 43 44 45 160 161 162 48 49 50 51 52 53 54 55 164 165 166 58 59 60 61 62 63 64 65 66 167 168 56 69 70 71 72 73 74 75 76 77 78 169 67 68 82 83 84 85 86 87 88 89 90 91 79 80 95 96 97 98 99 100 101 102 103 1 92 107 108 109 110 111 112 113 114 2 3 118 119 120 121 122 123 124 4 5 128 129 130 131 132 133 7 8 137 138 139 140 141 11 12 145 146 147 148 16 17 152 153 154 22 23 158 159 29 30 163 37 38 46 47 57
82 94 95 105 106 107 115 116 117 118 10 125 126 127 128 14 15 134 135 136 137 19 20 21 142 143 144 145 25 26 27 28 149 150 151 152 32 33 34 35 36 155 156 157 158 40 41 42 43 44 45 160 161 162 163 49 50 51 52 53 54 55 164 165 166 46 59 60 61 62 63 64 65 66 167 168 56 57 70 71 72 73 74 75 76 77 78 169 67 68 69 83 84 85 86 87 88 89 90 91 79 80 81 96 97 98 99 100 101 102 103 1 92 93 108 109 110 111 112 113 114 2 3 104 119 120 121 122 123 124 4 5 6 129 130 131 132 133 7 8 9 138 139 140 141 11 12 13 146 147 148 16 17 18 153 154 22 23 24 159 29 30 31 37 38 39 47 48 58
83 95 96 106 107 108 116 117 118 119 125 126 127 128 129 15 134 135 136 137 138 20 21 142 143 144 145 146 26 27 28 149 150 151 152 153 33 34 35 36 155 156 157 158 159 41 42 43 44 45 160 161 162 163 37 50 51 52 53 54 55 164 165 166 46 47 60 61 62 63 64 65 66 167 168 56 57 58 71 72 73 74 75 76 77 78 169 67 68 69 70 84 85 86 87 88 89 90 91 79 80 81 82 97 98 99 100 101 102 103 1 92 93 94 109 110 111 112 113 114 2 3 104 105 120 121 122 123 124 4 5 6 115 130 131 132 133 7 8 9 10 139 140 141 11 12 13 14 147 148 16 17 18 19 154 22 23 24 25 29 30 31 32 38 39 40 48 49 59
84 96 97 107 108 109 117 118 119 120 126 127 128 129 130 134 135 136 137 138 139 21 142 143 144 145 146 147 27 28 149 150 151 152 153 154 34 35 36 155 156 157 158 159 29 42 43 44 45 160 161 162 163 37 38 51 52 53 54 55 164 165 166 46 47 48 61 62 63 64 65 66 167 168 56 57 58 59 72 73 74 75 76 77 78 169 67 68 69 70 71 85 86 87 88 89 90 91 79 80 81 82 83 98 99 100 101 102 103 1 92 93 94 95 110 111 112 113 114 2 3 104 105 106 121 122 123 124 4 5 6 115 116 131 132 133 7 8 9 10 125 140 141 11 12 13 14 15 148 16 17 18 19 20 22 23 24 25 26 30 31 32 33 39 40 41 49 50 60
85 97 98 108 109 110 118 119 120 121 127 128 129 130 131 135 136 137 138 139 140 142 143 144 145 146 147 148 28 149 150 151 152 153 154 22 35 36 155 156 157 158 159 29 30 43 44 45 160 161 162 163 37 38 39 52 53 54 55 164 165 166 46 47 48 49 62 63 64 65 66 167 168 56 57 58 59 60 73 74 75 76 77 78 169 67 68 69 70 71 72 86 87 88 89 90 91 79 80 81 82 83 84 99 100 101 102 103 1 92 93 94 95 96 111 112 113 114 2 3 104 105 106 107 122 123 124 4 5 6 115 116 117 132 133 7 8 9 10 125 126 141 11 12 13 14 15 134 16 17 18 19 20 21 23 24 25 26 27 31 32 33 34 40 41 42 50 51 61
86 98 99 109 110 111 119 120 121 122 128 129 130 131 132 136 137 138 139 140 141 143 144 145 146 147 148 16 149 150 151 152 153 154 22 23 36 155 156 157 158 159 29 30 31 44 45 160 161 162 163 37 38 39 40 53 54 55 164 165 166 46 47 48 49 50 63 64 65 66 167 168 56 57 58 59 60 61 74 75 76 77 78 169 67 68 69 70 71 72 73 87 88 89 90 91 79 80 81 82 83 84 85 100 101 102 103 1 92 93 94 95 96 97 112 113 114 2 3 104 105 106 107 108 123 124 4 5 6 115 116 117 118 133 7 8 9 10 125 126 127 11 12 13 14 15 134 135 17 18 19 20 21 142 24 25 26 27 28 32 33 34 35 41 42 43 51 52 62
87 99 100 110 111 112 120 121 122 123 129 130 131 132 133 137 138 139 140 141 11 144 145 146 147 148 16 17 150 151 152 153 154 22 23 24 155 156 157 158 159 29 30 31 32 45 160 161 162 163 37 38 39 40 41 54 55 164 165 166 46 47 48 49 50 51 64 65 66 167 168 56 57 58 59 60 61 62 75 76 77 78 169 67 68 69 70 71 72 73 74 88 89 90 91 79 80 81 82 83 84 85 86 101 102 103 1 92 93 94 95 96 97 98 113 114 2 3 104 105 106 107 108 109 124 4 5 6 115 116 117 118 119 7 8 9 10 125 126 127 128 12 13 14 15 134 135 136 18 19 20 21 142 143 25 26 27 28 149 33 34 35 36 42 43 44 52 53 63
88 100 101 111 112 113 121 122 123 124 130 131 132 133 7 138 139 140 141 11 12 145 146 147 148 16 17 18 151 152 153 154 22 23 24 25 156 157 158 159 29 30 31 32 33 160 161 162 163 37 38 39 40 41 42 55 164 165 166 46 47 48 49 50 51 52 65 66 167 168 56 57 58 59 60 61 62 63 76 77 78 169 67 68 69 70 71 72 73 74 75 89 90 91 79 80 81 82 83 84 85 86 87 102 103 1 92 93 94 95 96 97 98 99 114 2 3 104 105 106 107 108 109 110 4 5 6 115 116 117 118 119 120 8 9 10 125 126 127 128 129 13 14 15 134 135 136 137 19 20 21 142 143 144 26 27 28 149 150 34 35 36 155 43 44 45 53 54 64
89 101 102 112 113 114 122 123 124 4 131 132 133 7 8 139 140 141 11 12 13 146 147 148 16 17 18 19 152 153 154 22 23 24 25 26 157 158 159 29 30 31 32 33 34 161 162 163 37 38 39 40 41 42 43 164 165 166 46 47 48 49 50 51 52 53 66 167 168 56 57 58 59 60 61 62 63 64 77 78 169 67 68 69 70 71 72 73 74 75 76 90 91 79 80 81 82 83 84 85 86 87 88 103 1 92 93 94 95 96 97 98 99 100 2 3 104 105 106 107 108 109 110 111 5 6 115 116 117 118 119 120 121 9 10 125 126 127 128 129 130 14 15 134 135 136 137 138 20 21 142 143 144 145 27 28 149 150 151 35 36 155 156 44 45 160 54 55 65
90 102 103 113 114 2 123 124 4 5 132 133 7 8 9 140 141 11 12 13 14 147 148 16 17 18 19 20 153 154 22 23 24 25 26 27 158 159 29 30 31 32 33 34 35 162 163 37 38 39 40 41 42 43 44 165 166 46 47 48 49 50 51 52 53 54 167 168 56 57 58 59 60 61 62 63 64 65 78 169 67 68 69 70 71 72 73 74 75 76 77 91 79 80 81 82 83 84 85 86 87 88 89 1 92 93 94 95 96 97 98 99 100 101 3 104 105 106 107 108 109 110 111 112 6 115 116 117 118 119 120 121 122 10 125 126 127 128 129 130 131 15 134 135 136 137 138 139 21 142 143 144 145 146 28 149 150 151 152 36 155 156 157 45 160 161 55 164 66
91 103 1 114 2 3 124 4 5 6 133 7 8 9 10 141 11 12 13 14 15 148 16 17 18 19 20 21 154 22 23 24 25 26 27 28 159 29 30 31 32 33 34 35 36 163 37 38 39 40 41 42 43 44 45 166 46 47 48 49 50 51 52 53 54 55 168 56 57 58 59 60 61 62 63 64 65 66 169 67 68 69 70 71 72 73 74 75 76 77 78 79 80 81 82 83 84 85 86 87 88 89 90 92 93 94 95 96 97 98 99 100 101 102 104 105 106 107 108 109 110 111 112 113 115 116 117 118 119 120 121 122 123 125 126 127 128 129 130 131 132 134 135 136 137 138 139 140 142 143 144 145 146 147 149 150 151 152 153 155 156 157 158 160 161 162 164 165 167
92 3 104 5 6 115 8 9 10 125 12 13 14 15 134 17 18 19 20 21 142 23 24 25 26 27 28 149 30 31 32 33 34 35 36 155 38 39 40 41 42 43 44 45 160 47 48 49 50 51 52 53 54 55 164 57 58 59 60 61 62 63 64 65 66 167 68 69 70 71 72 73 74 75 76 77 78 169 80 81 82 83 84 85 86 87 88 89 90 91 79 93 94 95 96 97 98 99 100 101 102 103 1 105 106 107 108 109 110 111 112 113 114 2 116 117 118 119 120 121 122 123 124 4 126 127 128 129 130 131 132 133 7 135 136 137 138 139 140 141 11 143 144 145 146 147 148 16 150 151 152 153 154 22 156 157 158 159 29 161 162 163 37 165 166 46 168 56 67
93 104 105 6 115 116 9 10 125 126 13 14 15 134 135 18 19 20 21 142 143 24 25 26 27 28 149 150 31 32 33 34 35 36 155 156 39 40 41 42 43 44 45 160 161 48 49 50 51 52 53 54 55 164 165 58 59 60 61 62 63 64 65 66 167 168 69 70 71 72 73 74 75 76 77 78 169 67 81 82 83 84 85 86 87 88 89 90 91 79 80 94 95 96 97 98 99 100 101 102 103 1 92 106 107 108 109 110 111 112 113 114 2 3 117 118 119 120 121 122 123 124 4 5 127 128 129 130 131 132 133 7 8 136 137 138 139 140 141 11 12 144 145 146 147 148 16 17 151 152 153 154 22 23 157 158 159 29 30 162 163 37 38 166 46 47 56 57 68
94 105 106 115 116 117 10 125 126 127 14 15 134 135 136 19 20 21 142 143 144 25 26 27 28 149 150 151 32 33 34 35 36 155 156 157 40 41 42 43 44 45 160 161 162 49 50 51 52 53 54 55 164 165 166 59 60 61 62 63 64 65 66 167 168 56 70 71 72 73 74 75 76 77 78 169 67 68 82 83 84 85 86 87 88 89 90 91 79 80 81 95 96 97 98 99 100 101 102 103 1 92 93 107 108 109 110 111 112 113 114 2 3 104 118 119 120 121 122 123 124 4 5 6 128 129 130 131 132 133 7 8 9 137 138 139 140 141 11 12 13 145 146 147 148 16 17 18 152 153 154 22 23 24 158 159 29 30 31 163 37 38 39 46 47 48 57 58 69
95 106 107 116 117 118 125 126 127 128 15 134 135 136 137 20 21 142 143 144 145 26 27 28 149 150 151 152 33 34 35 36 155 156 157 158 41 42 43 44 45 160 161 162 163 50 51 52 53 54 55 164 165 166 46 60 61 62 63 64 65 66 167 168 56 57 71 72 73 74 75 76 77 78 169 67 68 69 83 84 85 86 87 88 89 90 91 79 80 81 82 96 97 98 99 100 101 102 103 1 92 93 94 108 109 110 111 112 113 114 2 3 104 105 119 120 121 122 123 124 4 5 6 115 129 130 131 132 133 7 8 9 10 138 139 140 141 11 12 13 14 146 147 148 16 17 18 19 153 154 22 23 24 25 159 29 30 31 32 37 38 39 40 47 48 49 58 59 70
96 107 108 117 118 119 126 127 128 129 134 135 136 137 138 21 142 143 144 145 146 27 28 149 150 151 152 153 34 35 36 155 156 157 158 159 42 43 44 45 160 161 162 163 37 51 52 53 54 55 164 165 166 46 47 61 62 63 64 65 66 167 168 56 57 58 72 73 74 75 76 77 78 169 67 68 69 70 84 85 86 87 88 89 90 91 79 80 81 82 83 97 98 99 100 101 102 103 1 92 93 94 95 109 110 111 112 113 114 2 3 104 105 106 120 121 122 123 124 4 5 6 115 116 130 131 132 133 7 8 9 10 125 139 140 141 11 12 13 14 15 147 148 16 17 18 19 20 154 22 23 24 25 26 29 30 31 32 33 38 39 40 41 48 49 50 59 60 71
97 108 109 118 119 120 127 128 129 130 135 136 137 138 139 142 143 144 145 146 147 28 149 150 151 152 153 154 35 36 155 156 157 158 159 29 43 44 45 160 161 162 163 37 38 52 53 54 55 164 165 166 46 47 48 62 63 64 65 66 167 168 56 57 58 59 73 74 75 76 77 78 169 67 68 69 70 71 85 86 87 88 89 90 91 79 80 81 82 83 84 98 99 100 101 102 103 1 92 93 94 95 96 110 111 112 113 114 2 3 104 105 106 107 121 122 123 124 4 5 6 115 116 117 131 132 133 7 8 9 10 125 126 140 141 11 12 13 14 15 134 148 16 17 18 19 20 21 22 23 24 25 26 27 30 31 32 33 34 39 40 41 42 49 50 51 60 61 72
98 109 110 119 120 121 128 129 130 131 136 137 138 139 140 143 144 145 146 147 148 149 150 151 152 153 154 22 36 155 156 157 158 159 29 30 44 45 160 161 162 163 37 38 39 53 54 55 164 165 166 46 47 48 49 63 64 65 66 167 168 56 57 58 59 60 74 75 76 77 78 169 67 68 69 70 71 72 86 87 88 89 90 91 79 80 81 82 83 84 85 99 100 101 102 103 1 92 93 94 95 96 97 111 112 113 114 2 3 104 105 106 107 108 122 123 124 4 5 6 115 116 117 118 132 133 7 8 9 10 125 126 127 141 11 12 13 14 15 134 135 16 17 18 19 20 21 142 23 24 25 26 27 28 31 32 33 34 35 40 41 42 43 50 51 52 61 62 73
99 110 111 120 121 122 129 130 131 132 137 138 139 140 141 144 145 146 147 148 16 150 151 152 153 154 22 23 155 156 157 158 159 29 30 31 45 160 161 162 163 37 38 39 40 54 55 164 165 166 46 47 48 49 50 64 65 66 167 168 56 57 58 59 60 61 75 76 77 78 169 67 68 69 70 71 72 73 87 88 89 90 91 79 80 81 82 83 84 85 86 100 101 102 103 1 92 93 94 95 96 97 98 112 113 114 2 3 104 105 106 107 108 109 123 124 4 5 6 115 116 117 118 119 133 7 8 9 10 125 126 127 128 11 12 13 14 15 134 135 136 17 18 19 20 21 142 143 24 25 26 27 28 149 32 33 34 35 36 41 42 43 44 51 52 53 62 63 74
100 111 112 121 122 123 130 131 132 133 138 139 140 141 11 145 146 147 148 16 17 151 152 153 154 22 23 24 156 157 158 159 29 30 31 32 160 161 162 163 37 38 39 40 41 55 164 165 166 46 47 48 49 50 51 65 66 167 168 56 57 58 59 60 61 62 76 77 78 169 67 68 69 70 71 72 73 74 88 89 90 91 79 80 81 82 83 84 85 86 87 101 102 103 1 92 93 94 95 96 97 98 99 113 114 2 3 104 105 106 107 108 109 110 124 4 5 6 115 116 117 118 119 120 7 8 9 10 125 126 127 128 129 12 13 14 15 134 135 136 137 18 19 20 21 142 143 144 25 26 27 28 149 150 33 34 35 36 155 42 43 44 45 52 53 54 63 64 75
101 112 113 122 123 124 131 132 133 7 139 140 141 11 12 146 147 148 16 17 18 152 153 154 22 23 24 25 157 158 159 29 30 31 32 33 161 162 163 37 38 39 40 41 42 164 165 166 46 47 48 49 50 51 52 66 167 168 56 57 58 59 60 61 62 63 77 78 169 67 68 69 70 71 72 73 74 75 89 90 91 79 80 81 82 83 84 85 86 87 88 102 103 1 92 93 94 95 96 97 98 99 100 114 2 3 104 105 106 107 108 109 110 111 4 5 6 115 116 117 118 119 120 121 8 9 10 125 126 127 128 129 130 13 14 15 134 135 136 137 138 19 20 21 142 143 144 145 26 27 28 149 150 151 34 35 36 155 156 43 44 45 160 53 54 55 64 65 76
102 113 114 123 124 4 132 133 7 8 140 141 11 12 13 147 148 16 17 18 19 153 154 22 23 24 25 26 158 159 29 30 31 32 33 34 162 163 37 38 39 40 41 42 43 165 166 46 47 48 49 50 51 52 53 167 168 56 57 58 59 60 61 62 63 64 78 169 67 68 69 70 71 72 73 74 75 76 90 91 79 80 81 82 83 84 85 86 87 88 89 103 1 92 93 94 95 96 97 98 99 100 101 2 3 104 105 106 107 108 109 110 111 112 5 6 115 116 117 118 119 120 121 122 9 10 125 126 127 128 129 130 131 14 15 134 135 136 137 138 139 20 21 142 143 144 145 146 27 28 149 150 151 152 35 36 155 156 157 44 45 160 161 54 55 164 65 66 77
103 114 2 124 4 5 133 7 8 9 141 11 12 13 14 148 16 17 18 19 20 154 22 23 24 25 26 27 159 29 30 31 32 33 34 35 163 37 38 39 40 41 42 43 44 166 46 47 48 49 50 51 52 53 54 168 56 57 58 59 60 61 62 63 64 65 169 67 68 69 70 71 72 73 74 75 76 77 91 79 80 81 82 83 84 85 86 87 88 89 90 1 92 93 94 95 96 97 98 99 100 101 102 3 104 105 106 107 108 109 110 111 112 113 6 115 116 117 118 119 120 121 122 123 10 125 126 127 128 129 130 131 132 15 134 135 136 137 138 139 140 21 142 143 144 145 146 147 28 149 150 151 152 153 36 155 156 157 158 45 160 161 162 55 164 165 66 167 78
104 6 115 9 10 125 13 14 15 134 18 19 20 21 142 24 25 26 27 28 149 31 32 33 34 35 36 155 39 40 41 42 43 44 45 160 48 49 50 51 52 53 54 55 164 58 59 60 61 62 63 64 65 66 167 69 70 71 72 73 74 75 76 77 78 169 81 82 83 84 85 86 87 88 89 90 91 79 93 94 95 96 97 98 99 100 101 102 103 1 92 105 106 107 108 109 110 111 112 113 114 2 3 116 117 118 119 120 121 122 123 124 4 5 126 127 128 129 130 131 132 133 7 8 135 136 137 138 139 140 141 11 12 143 144 145 146 147 148 16 17 150 151 152 153 154 22 23 156 157 158 159 29 30 161 162 163 37 38 165 166 46 47 168 56 57 67 68 80
105 115 116 10 125 126 14 15 134 135 19 20 21 142 143 25 26 27 28 149 150 32 33 34 35 36 155 156 40 41 42 43 44 45 160 161 49 50 51 52 53 54 55 164 165 59 60 61 62 63 64 65 66 167 168 70 71 72 73 74 75 76 77 78 169 67 82 83 84 85 86 87 88 89 90 91 79 80 94 95 96 97 98 99 100 101 102 103 1 92 93 106 107 108 109 110 111 112 113 114 2 3 104 117 118 119 120 121 122 123 124 4 5 6 127 128 129 130 131 132 133 7 8 9 136 137 138 139 140 141 11 12 13 144 145 146 147 148 16 17 18 151 152 153 154 22 23 24 157 158 159 29 30 31 162 163 37 38 39 166 46 47 48 56 57 58 68 69 81
106 116 117 125 126 127 15 134 135 136 20 21 142 143 144 26 27 28 149 150 151 33 34 35 36 155 156 157 41 42 43 44 45 160 161 162 50 51 52 53 54 55 164 165 166 60 61 62 63 64 65 66 167 168 56 71 72 73 74 75 76 77 78 169 67 68 83 84 85 86 87 88 89 90 91 79 80 81 95 96 97 98 99 100 101 102 103 1 92 93 94 107 108 109 110 111 112 113 114 2 3 104 105 118 119 120 121 122 123 124 4 5 6 115 128 129 130 131 132 133 7 8 9 10 137 138 139 140 141 11 12 13 14 145 146 147 148 16 17 18 19 152 153 154 22 23 24 25 158 159 29 30 31 32 163 37 38 39 40 46 47 48 49 57 58 59 69 70 82
107 117 118 126 127 128 134 135 136 137 21 142 143 144 145 27 28 149 150 151 152 34 35 36 155 156 157 158 42 43 44 45 160 161 162 163 51 52 53 54 55 164 165 166 46 61 62 63 64 65 66 167 168 56 57 72 73 74 75 76 77 78 169 67 68 69 84 85 86 87 88 89 90 91 79 80 81 82 96 97 98 99 100 101 102 103 1 92 93 94 95 108 109 110 111 112 113 114 2 3 104 105 106 119 120 121 122 123 124 4 5 6 115 116 129 130 131 132 133 7 8 9 10 125 138 139 140 141 11 12 13 14 15 146 147 148 16 17 18 19 20 153 154 22 23 24 25 26 159 29 30 31 32 33 37 38 39 40 41 47 48 49 50 58 59 60 70 71 83
108 118 119 127 128 129 135 136 137 138 142 143 144 145 146 28 149 150 151 152 153 35 36 155 156 157 158 159 43 44 45 160 161 162 163 37 52 53 54 55 164 165 166 46 47 62 63 64 65 66 167 168 56 57 58 73 74 75 76 77 78 169 67 68 69 70 85 86 87 88 89 90 91 79 80 81 82 83 97 98 99 100 101 102 103 1 92 93 94 95 96 109 110 111 112 113 114 2 3 104 105 106 107 120 121 122 123 124 4 5 6 115 116 117 130 131 132 133 7 8 9 10 125 126 139 140 141 11 12 13 14 15 134 147 148 16 17 18 19 20 21 154 22 23 24 25 26 27 29 30 31 32 33 34 38 39 40 41 42 48 49 50 51 59 60 61 71 72 84
109 119 120 128 129 130 136 137 138 139 143 144 145 146 147 149 150 151 152 153 154 36 155 156 157 158 159 29 44 45 160 161 162 163 37 38 53 54 55 164 165 166 46 47 48 63 64 65 66 167 168 56 57 58 59 74 75 76 77 78 169 67 68 69 70 71 86 87 88 89 90 91 79 80 81 82 83 84 98 99 100 101 102 103 1 92 93 94 95 96 97 110 111 112 113 114 2 3 104 105 106 107 108 121 122 123 124 4 5 6 115 116 117 118 131 132 133 7 8 9 10 125 126 127 140 141 11 12 13 14 15 134 135 148 16 17 18 19 20 21 142 22 23 24 25 26 27 28 30 31 32 33 34 35 39 40 41 42 43 49 50 51 52 60 61 62 72 73 85
110 120 121 129 130 131 137 138 139 140 144 145 146 147 148 150 151 152 153 154 22 155 156 157 158 159 29 30 45 160 161 162 163 37 38 39 54 55 164 165 166 46 47 48 49 64 65 66 167 168 56 57 58 59 60 75 76 77 78 169 67 68 69 70 71 72 87 88 89 90 91 79 80 81 82 83 84 85 99 100 101 102 103 1 92 93 94 95 96 97 98 111 112 113 114 2 3 104 105 106 107 108 109 122 123 124 4 5 6 115 116 117 118 119 132 133 7 8 9 10 125 126 127 128 141 11 12 13 14 15 134 135 136 16 17 18 19 20 21 142 143 23 24 25 26 27 28 149 31 32 33 34 35 36 40 41 42 43 44 50 51 52 53 61 62 63 73 74 86
111 121 122 130 131 132 138 139 140 141 145 146 147 148 16 151 152 153 154 22 23 156 157 158 159 29 30 31 160 161 162 163 37 38 39 40 55 164 165 166 46 47 48 49 50 65 66 167 168 56 57 58 59 60 61 76 77 78 169 67 68 69 70 71 72 73 88 89 90 91 79 80 81 82 83 84 85 86 100 101 102 103 1 92 93 94 95 96 97 98 99 112 113 114 2 3 104 105 106 107 108 109 110 123 124 4 5 6 115 116 117 118 119 120 133 7 8 9 10 125 126 127 128 129 11 12 13 14 15 134 135 136 137 17 18 19 20 21 142 143 144 24 25 26 27 28 149 150 32 33 34 35 36 155 41 42 43 44 45 51 52 53 54 62 63 64 74 75 87
112 122 123 131 132 133 139 140 141 11 146 147 148 16 17 152 153 154 22 23 24 157 158 159 29 30 31 32 161 162 163 37 38 39 40 41 164 165 166 46 47 48 49 50 51 66 167 168 56 57 58 59 60 61 62 77 78 169 67 68 69 70 71 72 73 74 89 90 91 79 80 81 82 83 84 85 86 87 101 102 103 1 92 93 94 95 96 97 98 99 100 113 114 2 3 104 105 106 107 108 109 110 111 124 4 5 6 115 116 117 118 119 120 121 7 8 9 10 125 126 127 128 129 130 12 13 14 15 134 135 136 137 138 18 19 20 21 142 143 144 145 25 26 27 28 149 150 151 33 34 35 36 155 156 42 43 44 45 160 52 53 54 55 63 64 65 75 76 88
113 123 124 132 133 7 140 141 11 12 147 148 16 17 18 153 154 22 23 24 25 158 159 29 30 31 32 33 162 163 37 38 39 40 41 42 165 166 46 47 48 49 50 51 52 167 168 56 57 58 59 60 61 62 63 78 169 67 68 69 70 71 72 73 74 75 90 91 79 80 81 82 83 84 85 86 87 88 102 103 1 92 93 94 95 96 97 98 99 100 101 114 2 3 104 105 106 107 108 109 110 111 112 4 5 6 115 116 117 118 119 120 121 122 8 9 10 125 126 127 128 129 130 131 13 14 15 134 135 136 137 138 139 19 20 21 142 143 144 145 146 26 27 28 149 150 151 152 34 35 36 155 156 157 43 44 45 160 161 53 54 55 164 64 65 66 76 77 89
114 124 4 133 7 8 141 11 12 13 148 16 17 18 19 154 22 23 24 25 26 159 29 30 31 32 33 34 163 37 38 39 40 41 42 43 166 46 47 48 49 50 51 52 53 168 56 57 58 59 60 61 62 63 64 169 67 68 69 70 71 72 73 74 75 76 91 79 80 81 82 83 84 85 86 87 88 89 103 1 92 93 94 95 96 97 98 99 100 101 102 2 3 104 105 106 107 108 109 110 111 112 113 5 6 115 116 117 118 119 120 121 122 123 9 10 125 126 127 128 129 130 131 132 14 15 134 135 136 137 138 139 140 20 21 142 143 144 145 146 147 27 28 149 150 151 152 153 35 36 155 156 157 158 44 45 160 161 162 54 55 164 165 65 66 167 77 78 90
115 10 125 14 15 134 19 20 21 142 25 26 27 28 149 32 33 34 35 36 155 40 41 42 43 44 45 160 49 50 51 52 53 54 55 164 59 60 61 62 63 64 65 66 167 70 71 72 73 74 75 76 77 78 169 82 83 84 85 86 87 88 89 90 91 79 94 95 96 97 98 99 100 101 102 103 1 92 105 106 107 108 109 110 111 112 113 114 2 3 104 116 117 118 119 120 121 122 123 124 4 5 6 126 127 128 129 130 131 132 133 7 8 9 135 136 137 138 139 140 141 11 12 13 143 144 145 146 147 148 16 17 18 150 151 152 153 154 22 23 24 156 157 158 159 29 30 31 161 162 163 37 38 39 165 166 46 47 48 168 56 57 58 67 68 69 80 81 93
116 125 126 15 134 135 20 21 142 143 26 27 28 149 150 33 34 35 36 155 156 41 42 43 44 45 160 161 50 51 52 53 54 55 164 165 60 61 62 63 64 65 66 167 168 71 72 73 74 75 76 77 78 169 67 83 84 85 86 87 88 89 90 91 79 80 95 96 97 98 99 100 101 102 103 1 92 93 106 107 108 109 110 111 112 113 114 2 3 104 105 117 118 119 120 121 122 123 124 4 5 6 115 127 128 129 130 131 132 133 7 8 9 10 136 137 138 139 140 141 11 12 13 14 144 145 146 147 148 16 17 18 19 151 152 153 154 22 23 24 25 157 158 159 29 30 31 32 162 163 37 38 39 40 166 46 47 48 49 56 57 58 59 68 69 70 81 82 94
117 126 127 134 135 136 21 142 143 144 27 28 149 150 151 34 35 36 155 156 157 42 43 44 45 160 161 162 51 52 53 54 55 164 165 166 61 62 63 64 65 66 167 168 56 72 73 74 75 76 77 78 169 67 68 84 85 86 87 88 89 90 91 79 80 81 96 97 98 99 100 101 102 103 1 92 93 94 107 108 109 110 111 112 113 114 2 3 104 105 106 118 119 120 121 122 123 124 4 5 6 115 116 128 129 130 131 132 133 7 8 9 10 125 137 138 139 140 141 11 12 13 14 15 145 146 147 148 16 17 18 19 20 152 153 154 22 23 24 25 26 158 159 29 30 31 32 33 163 37 38 39 40 41 46 47 48 49 50 57 58 59 60 69 70 71 82 83 95
118 127 128 135 136 137 142 143 144 145 28 149 150 151 152 35 36 155 156 157 158 43 44 45 160 161 162 163 52 53 54 55 164 165 166 46 62 63 64 65 66 167 168 56 57 73 74 75 76 77 78 169 67 68 69 85 86 87 88 89 90 91 79 80 81 82 97 98 99 100 101 102 103 1 92 93 94 95 108 109 110 111 112 113 114 2 3 104 105 106 107 119 120 121 122 123 124 4 5 6 115 116 117 129 130 131 132 133 7 8 9 10 125 126 138 139 140 141 11 12 13 14 15 134 146 147 148 16 17 18 19 20 21 153 154 22 23 24 25 26 27 159 29 30 31 32 33 34 37 38 39 40 41 42 47 48 49 50 51 58 59 60 61 70 71 72 83 84 96
119 128 129 136 137 138 143 144 145 146 149 150 151 152 153 36 155 156 157 158 159 44 45 160 161 162 163 37 53 54 55 164 165 166 46 47 63 64 65 66 167 168 56 57 58 74 75 76 77 78 169 67 68 69 70 86 87 88 89 90 91 79 80 81 82 83 98 99 100 101 102 103 1 92 93 94 95 96 109 110 111 112 113 114 2 3 104 105 106 107 108 120 121 122 123 124 4 5 6 115 116 117 118 130 131 132 133 7 8 9 10 125 126 127 139 140 141 11 12 13 14 15 134 135 147 148 16 17 18 19 20 21 142 154 22 23 24 25 26 27 28 29 30 31 32 33 34 35 38 39 40 41 42 43 48 49 50 51 52 59 60 61 62 71 72 73 84 85 97
120 129 130 137 138 139 144 145 146 147 150 151 152 153 154 155 156 157 158 159 29 45 160 161 162 163 37 38 54 55 164 165 166 46 47 48 64 65 66 167 168 56 57 58 59 75 76 77 78 169 67 68 69 70 71 87 88 89 90 91 79 80 81 82 83 84 99 100 101 102 103 1 92 93 94 95 96 97 110 111 112 113 114 2 3 104 105 106 107 108 109 121 122 123 124 4 5 6 115 116 117 118 119 131 132 133 7 8 9 10 125 126 127 128 140 141 11 12 13 14 15 134 135 136 148 16 17 18 19 20 21 142 143 22 23 24 25 26 27 28 149 30 31 32 33 34 35 36 39 40 41 42 43 44 49 50 51 52 53 60 61 62 63 72 73 74 85 86 98
121 130 131 138 139 140 145 146 147 148 151 152 153 154 22 156 157 158 159 29 30 160 161 162 163 37 38 39 55 164 165 166 46 47 48 49 65 66 167 168 56 57 58 59 60 76 77 78 169 67 68 69 70 71 72 88 89 90 91 79 80 81 82 83 84 85 100 101 102 103 1 92 93 94 95 96 97 98 111 112 113 114 2 3 104 105 106 107 108 109 110 122 123 124 4 5 6 115 116 117 118 119 120 132 133 7 8 9 10 125 126 127 128 129 141 11 12 13 14 15 134 135 136 137 16 17 18 19 20 21 142 143 144 23 24 25 26 27 28 149 150 31 32 33 34 35 36 155 40 41 42 43 44 45 50 51 52 53 54 61 62 63 64 73 74 75 86 87 99
122 131 132 139 140 141 146 147 148 16 152 153 154 22 23 157 158 159 29 30 31 161 162 163 37 38 39 40 164 165 166 46 47 48 49 50 66 167 168 56 57 58 59 60 61 77 78 169 67 68 69 70 71 72 73 89 90 91 79 80 81 82 83 84 85 86 101 102 103 1 92 93 94 95 96 97 98 99 112 113 114 2 3 104 105 106 107 108 109 110 111 123 124 4 5 6 115 116 117 118 119 120 121 133 7 8 9 10 125 126 127 128 129 130 11 12 13 14 15 134 135 136 137 138 17 18 19 20 21 142 143 144 145 24 25 26 27 28 149 150 151 32 33 34 35 36 155 156 41 42 43 44 45 160 51 52 53 54 55 62 63 64 65 74 75 76 87 88 100
123 132 133 140 141 11 147 148 16 17 153 154 22 23 24 158 159 29 30 31 32 162 163 37 38 39 40 41 165 166 46 47 48 49 50 51 167 168 56 57 58 59 60 61 62 78 169 67 68 69 70 71 72 73 74 90 91 79 80 81 82 83 84 85 86 87 102 103 1 92 93 94 95 96 97 98 99 100 113 114 2 3 104 105 106 107 108 109 110 111 112 124 4 5 6 115 116 117 118 119 120 121 122 7 8 9 10 125 126 127 128 129 130 131 12 13 14 15 134 135 136 137 138 139 18 19 20 21 142 143 144 145 146 25 26 27 28 149 150 151 152 33 34 35 36 155 156 157 42 43 44 45 160 161 52 53 54 55 164 63 64 65 66 75 76 77 88 89 101
124 133 7 141 11 12 148 16 17 18 154 22 23 24 25 159 29 30 31 32 33 163 37 38 39 40 41 42 166 46 47 48 49 50 51 52 168 56 57 58 59 60 61 62 63 169 67 68 69 70 71 72 73 74 75 91 79 80 81 82 83 84 85 86 87 88 103 1 92 93 94 95 96 97 98 99 100 101 114 2 3 104 105 106 107 108 109 110 111 112 113 4 5 6 115 116 117 118 119 120 121 122 123 8 9 10 125 126 127 128 129 130 131 132 13 14 15 134 135 136 137 138 139 140 19 20 21 142 143 144 145 146 147 26 27 28 149 150 151 152 153 34 35 36 155 156 157 158 43 44 45 160 161 162 53 54 55 164 165 64 65 66 167 76 77 78 89 90 102
125 15 134 20 21 142 26 27 28 149 33 34 35 36 155 41 42 43 44 45 160 50 51 52 53 54 55 164 60 61 62 63 64 65 66 167 71 72 73 74 75 76 77 78 169 83 84 85 86 87 88 89 90 91 79 95 96 97 98 99 100 101 102 103 1 92 106 107 108 109 110 111 112 113 114 2 3 104 116 117 118 119 120 121 122 123 124 4 5 6 115 126 127 128 129 130 131 132 133 7 8 9 10 135 136 137 138 139 140 141 11 12 13 14 143 144 145 146 147 148 16 17 18 19 150 151 152 153 154 22 23 24 25 156 157 158 159 29 30 31 32 161 162 163 37 38 39 40 165 166 46 47 48 49 168 56 57 58 59 67 68 69 70 80 81 82 93 94 105
126 134 135 21 142 143 27 28 149 150 34 35 36 155 156 42 43 44 45 160 161 51 52 53 54 55 164 165 61 62 63 64 65 66 167 168 72 73 74 75 76 77 78 169 67 84 85 86 87 88 89 90 91 79 80 96 97 98 99 100 101 102 103 1 92 93 107 108 109 110 111 112 113 114 2 3 104 105 117 118 119 120 121 122 123 124 4 5 6 115 116 127 128 129 130 131 132 133 7 8 9 10 125 136 137 138 139 140 141 11 12 13 14 15 144 145 146 147 148 16 17 18 19 20 151 152 153 154 22 23 24 25 26 157 158 159 29 30 31 32 33 162 163 37 38 39 40 41 166 46 47 48 49 50 56 57 58 59 60 68 69 70 71 81 82 83 94 95 106
127 135 136 142 143 144 28 149 150 151 35 36 155 156 157 43 44 45 160 161 162 52 53 54 55 164 165 166 62 63 64 65 66 167 168 56 73 74 75 76 77 78 169 67 68 85 86 87 88 89 90 91 79 80 81 97 98 99 100 101 102 103 1 92 93 94 108 109 110 111 112 113 114 2 3 104 105 106 118 119 120 121 122 123 124 4 5 6 115 116 117 128 129 130 131 132 133 7 8 9 10 125 126 137 138 139 140 141 11 12 13 14 15 134 145 146 147 148 16 17 18 19 20 21 152 153 154 22 23 24 25 26 27 158 159 29 30 31 32 33 34 163 37 38 39 40 41 42 46 47 48 49 50 51 57 58 59 60 61 69 70 71 72 82 83 84 95 96 107
128 136 137 143 144 145 149 150 151 152 36 155 156 157 158 44 45 160 161 162 163 53 54 55 164 165 166 46 63 64 65 66 167 168 56 57 74 75 76 77 78 169 67 68 69 86 87 88 89 90 91 79 80 81 82 98 99 100 101 102 103 1 92 93 94 95 109 110 111 112 113 114 2 3 104 105 106 107 119 120 121 122 123 124 4 5 6 115 116 117 118 129 130 131 132 133 7 8 9 10 125 126 127 138 139 140 141 11 12 13 14 15 134 135 146 147 148 16 17 18 19 20 21 142 153 154 22 23 24 25 26 27 28 159 29 30 31 32 33 34 35 37 38 39 40 41 42 43 47 48 49 50 51 52 58 59 60 61 62 70 71 72 73 83 84 85 96 97 108
129 137 138 144 145 146 150 151 152 153 155 156 157 158 159 45 160 161 162 163 37 54 55 164 165 166 46 47 64 65 66 167 168 56 57 58 75 76 77 78 169 67 68 69 70 87 88 89 90 91 79 80 81 82 83 99 100 101 102 103 1 92 93 94 95 96 110 111 112 113 114 2 3 104 105 106 107 108 120 121 122 123 124 4 5 6 115 116 117 118 119 130 131 132 133 7 8 9 10 125 126 127 128 139 140 141 11 12 13 14 15 134 135 136 147 148 16 17 18 19 20 21 142 143 154 22 23 24 25 26 27 28 149 29 30 31 32 33 34 35 36 38 39 40 41 42 43 44 48 49 50 51 52 53 59 60 61 62 63 71 72 73 74 84 85 86 97 98 109
130 138 139 145 146 147 151 152 153 154 156 157 158 159 29 160 161 162 163 37 38 55 164 165 166 46 47 48 65 66 167 168 56 57 58 59 76 77 78 169 67 68 69 70 71 88 89 90 91 79 80 81 82 83 84 100 101 102 103 1 92 93 94 95 96 97 111 112 113 114 2 3 104 105 106 107 108 109 121 122 123 124 4 5 6 115 116 117 118 119 120 131 132 133 7 8 9 10 125 126 127 128 129 140 141 11 12 13 14 15 134 135 136 137 148 16 17 18 19 20 21 142 143 144 22 23 24 25 26 27 28 149 150 30 31 32 33 34 35 36 155 39 40 41 42 43 44 45 49 50 51 52 53 54 60 61 62 63 64 72 73 74 75 85 86 87 98 99 110
131 139 140 146 147 148 152 153 154 22 157 158 159 29 30 161 162 163 37 38 39 164 165 166 46 47 48 49 66 167 168 56 57 58 59 60 77 78 169 67 68 69 70 71 72 89 90 91 79 80 81 82 83 84 85 101 102 103 1 92 93 94 95 96 97 98 112 113 114 2 3 104 105 106 107 108 109 110 122 123 124 4 5 6 115 116 117 118 119 120 121 132 133 7 8 9 10 125 126 127 128 129 130 141 11 12 13 14 15 134 135 136 137 138 16 17 18 19 20 21 142 143 144 145 23 24 25 26 27 28 149 150 151 31 32 33 34 35 36 155 156 40 41 42 43 44 45 160 50 51 52 53 54 55 61 62 63 64 65 73 74 75 76 86 87 88 99 100 111
132 140 141 147 148 16 153 154 22 23 158 159 29 30 31 162 163 37 38 39 40 165 166 46 47 48 49 50 167 168 56 57 58 59 60 61 78 169 67 68 69 70 71 72 73 90 91 79 80 81 82 83 84 85 86 102 103 1 92 93 94 95 96 97 98 99 113 114 2 3 104 105 106 107 108 109 110 111 123 124 4 5 6 115 116 117 118 119 120 121 122 133 7 8 9 10 125 126 127 128 129 130 131 11 12 13 14 15 134 135 136 137 138 139 17 18 19 20 21 142 143 144 145 146 24 25 26 27 28 149 150 151 152 32 33 34 35 36 155 156 157 41 42 43 44 45 160 161 51 52 53 54 55 164 62 63 64 65 66 74 75 76 77 87 88 89 100 101 112
133 141 11 148 16 17 154 22 23 24 159 29 30 31 32 163 37 38 39 40 41 166 46 47 48 49 50 51 168 56 57 58 59 60 61 62 169 67 68 69 70 71 72 73 74 91 79 80 81 82 83 84 85 86 87 103 1 92 93 94 95 96 97 98 99 100 114 2 3 104 105 106 107 108 109 110 111 112 124 4 5 6 115 116 117 118 119 120 121 122 123 7 8 9 10 125 126 127 128 129 130 131 132 12 13 14 15 134 135 136 137 138 139 140 18 19 20 21 142 143 144 145 146 147 25 26 27 28 149 150 151 152 153 33 34 35 36 155 156 157 158 42 43 44 45 160 161 162 52 53 54 55 164 165 63 64 65 66 167 75 76 77 78 88 89 90 101 102 113
134 21 142 27 28 149 34 35 36 155 42 43 44 45 160 51 52 53 54 55 164 61 62 63 64 65 66 167 72 73 74 75 76 77 78 169 84 85 86 87 88 89 90 91 79 96 97 98 99 100 101 102 103 1 92 107 108 109 110 111 112 113 114 2 3 104 117 118 119 120 121 122 123 124 4 5 6 115 126 127 128 129 130 131 132 133 7 8 9 10 125 135 136 137 138 139 140 141 11 12 13 14 15 143 144 145 146 147 148 16 17 18 19 20 150 151 152 153 154 22 23 24 25 26 156 157 158 159 29 30 31 32 33 161 162 163 37 38 39 40 41 165 166 46 47 48 49 50 168 56 57 58 59 60 67 68 69 70 71 80 81 82 83 93 94 95 105 106 116
135 142 143 28 149 150 35 36 155 156 43 44 45 160 161 52 53 54 55 164 165 62 63 64 65 66 167 168 73 74 75 76 77 78 169 67 85 86 87 88 89 90 91 79 80 97 98 99 100 101 102 103 1 92 93 108 109 110 111 112 113 114 2 3 104 105 118 119 120 121 122 123 124 4 5 6 115 116 127 128 129 130 131 132 133 7 8 9 10 125 126 136 137 138 139 140 141 11 12 13 14 15 134 144 145 146 147 148 16 17 18 19 20 21 151 152 153 154 22 23 24 25 26 27 157 158 159 29 30 31 32 33 34 162 163 37 38 39 40 41 42 166 46 47 48 49 50 51 56 57 58 59 60 61 68 69 70 71 72 81 82 83 84 94 95 96 106 107 117
136 143 144 149 150 151 36 155 156 157 44 45 160 161 162 53 54 55 164 165 166 63 64 65 66 167 168 56 74 75 76 77 78 169 67 68 86 87 88 89 90 91 79 80 81 98 99 100 101 102 103 1 92 93 94 109 110 111 112 113 114 2 3 104 105 106 119 120 121 122 123 124 4 5 6 115 116 117 128 129 130 131 132 133 7 8 9 10 125 126 127 137 138 139 140 141 11 12 13 14 15 134 135 145 146 147 148 16 17 18 19 20 21 142 152 153 154 22 23 24 25 26 27 28 158 159 29 30 31 32 33 34 35 163 37 38 39 40 41 42 43 46 47 48 49 50 51 52 57 58 59 60 61 62 69 70 71 72 73 82 83 84 85 95 96 97 107 108 118
137 144 145 150 151 152 155 156 157 158 45 160 161 162 163 54 55 164 165 166 46 64 65 66 167 168 56 57 75 76 77 78 169 67 68 69 87 88 89 90 91 79 80 81 82 99 100 101 102 103 1 92 93 94 95 110 111 112 113 114 2 3 104 105 106 107 120 121 122 123 124 4 5 6 115 116 117 118 129 130 131 132 133 7 8 9 10 125 126 127 128 138 139 140 141 11 12 13 14 15 134 135 136 146 147 148 16 17 18 19 20 21 142 143 153 154 22 23 24 25 26 27 28 149 159 29 30 31 32 33 34 35 36 37 38 39 40 41 42 43 44 47 48 49 50 51 52 53 58 59 60 61 62 63 70 71 72 73 74 83 84 85 86 96 97 98 108 109 119
138 145 146 151 152 153 156 157 158 159 160 161 162 163 37 55 164 165 166 46 47 65 66 167 168 56 57 58 76 77 78 169 67 68 69 70 88 89 90 91 79 80 81 82 83 100 101 102 103 1 92 93 94 95 96 111 112 113 114 2 3 104 105 106 107 108 121 122 123 124 4 5 6 115 116 117 118 119 130 131 132 133 7 8 9 10 125 126 127 128 129 139 140 141 11 12 13 14 15 134 135 136 137 147 148 16 17 18 19 20 21 142 143 144 154 22 23 24 25 26 27 28 149 150 29 30 31 32 33 34 35 36 155 38 39 40 41 42 43 44 45 48 49 50 51 52 53 54 59 60 61 62 63 64 71 72 73 74 75 84 85 86 87 97 98 99 109 110 120
139 146 147 152 153 154 157 158 159 29 161 162 163 37 38 164 165 166 46 47 48 66 167 168 56 57 58 59 77 78 169 67 68 69 70 71 89 90 91 79 80 81 82 83 84 101 102 103 1 92 93 94 95 96 97 112 113 114 2 3 104 105 106 107 108 109 122 123 124 4 5 6 115 116 117 118 119 120 131 132 133 7 8 9 10 125 126 127 128 129 130 140 141 11 12 13 14 15 134 135 136 137 138 148 16 17 18 19 20 21 142 143 144 145 22 23 24 25 26 27 28 149 150 151 30 31 32 33 34 35 36 155 156 39 40 41 42 43 44 45 160 49 50 51 52 53 54 55 60 61 62 63 64 65 72 73 74 75 76 85 86 87 88 98 99 100 110 111 121
140 147 148 153 154 22 158 159 29 30 162 163 37 38 39 165 166 46 47 48 49 167 168 56 57 58 59 60 78 169 67 68 69 70 71 72 90 91 79 80 81 82 83 84 85 102 103 1 92 93 94 95 96 97 98 113 114 2 3 104 105 106 107 108 109 110 123 124 4 5 6 115 116 117 118 119 120 121 132 133 7 8 9 10 125 126 127 128 129 130 131 141 11 12 13 14 15 134 135 136 137 138 139 16 17 18 19 20 21 142 143 144 145 146 23 24 25 26 27 28 149 150 151 152 31 32 33 34 35 36 155 156 157 40 41 42 43 44 45 160 161 50 51 52 53 54 55 164 61 62 63 64 65 66 73 74 75 76 77 86 87 88 89 99 100 101 111 112 122
141 148 16 154 22 23 159 29 30 31 163 37 38 39 40 166 46 47 48 49 50 168 56 57 58 59 60 61 169 67 68 69 70 71 72 73 91 79 80 81 82 83 84 85 86 103 1 92 93 94 95 96 97 98 99 114 2 3 104 105 106 107 108 109 110 111 124 4 5 6 115 116 117 118 119 120 121 122 133 7 8 9 10 125 126 127 128 129 130 131 132 11 12 13 14 15 134 135 136 137 138 139 140 17 18 19 20 21 142 143 144 145 146 147 24 25 26 27 28 149 150 151 152 153 32 33 34 35 36 155 156 157 158 41 42 43 44 45 160 161 162 51 52 53 54 55 164 165 62 63 64 65 66 167 74 75 76 77 78 87 88 89 90 100 101 102 112 113 123
142 28 149 35 36 155 43 44 45 160 52 53 54 55 164 62 63 64 65 66 167 73 74 75 76 77 78 169 85 86 87 88 89 90 91 79 97 98 99 100 101 102 103 1 92 108 109 110 111 112 113 114 2 3 104 118 119 120 121 122 123 124 4 5 6 115 127 128 129 130 131 132 133 7 8 9 10 125 135 136 137 138 139 140 141 11 12 13 14 15 134 143 144 145 146 147 148 16 17 18 19 20 21 150 151 152 153 154 22 23 24 25 26 27 156 157 158 159 29 30 31 32 33 34 161 162 163 37 38 39 40 41 42 165 166 46 47 48 49 50 51 168 56 57 58 59 60 61 67 68 69 70 71 72 80 81 82 83 84 93 94 95 96 105 106 107 116 117 126
143 149 150 36 155 156 44 45 160 161 53 54 55 164 165 63 64 65 66 167 168 74 75 76 77 78 169 67 86 87 88 89 90 91 79 80 98 99 100 101 102 103 1 92 93 109 110 111 112 113 114 2 3 104 105 119 120 121 122 123 124 4 5 6 115 116 128 129 130 131 132 133 7 8 9 10 125 126 136 137 138 139 140 141 11 12 13 14 15 134 135 144 145 146 147 148 16 17 18 19 20 21 142 151 152 153 154 22 23 24 25 26 27 28 157 158 159 29 30 31 32 33 34 35 162 163 37 38 39 40 41 42 43 166 46 47 48 49 50 51 52 56 57 58 59 60 61 62 68 69 70 71 72 73 81 82 83 84 85 94 95 96 97 106 107 108 117 118 127
144 150 151 155 156 157 45 160 161 162 54 55 164 165 166 64 65 66 167 168 56 75 76 77 78 169 67 68 87 88 89 90 91 79 80 81 99 100 101 102 103 1 92 93 94 110 111 112 113 114 2 3 104 105 106 120 121 122 123 124 4 5 6 115 116 117 129 130 131 132 133 7 8 9 10 125 126 127 137 138 139 140 141 11 12 13 14 15 134 135 136 145 146 147 148 16 17 18 19 20 21 142 143 152 153 154 22 23 24 25 26 27 28 149 158 159 29 30 31 32 33 34 35 36 163 37 38 39 40 41 42 43 44 46 47 48 49 50 51 52 53 57 58 59 60 61 62 63 69 70 71 72 73 74 82 83 84 85 86 95 96 97 98 107 108 109 118 119 128
145 151 152 156 157 158 160 161 162 163 55 164 165 166 46 65 66 167 168 56 57 76 77 78 169 67 68 69 88 89 90 91 79 80 81 82 100 101 102 103 1 92 93 94 95 111 112 113 114 2 3 104 105 106 107 121 122 123 124 4 5 6 115 116 117 118 130 131 132 133 7 8 9 10 125 126 127 128 138 139 140 141 11 12 13 14 15 134 135 136 137 146 147 148 16 17 18 19 20 21 142 143 144 153 154 22 23 24 25 26 27 28 149 150 159 29 30 31 32 33 34 35 36 155 37 38 39 40 41 42 43 44 45 47 48 49 50 51 52 53 54 58 59 60 61 62 63 64 70 71 72 73 74 75 83 84 85 86 87 96 97 98 99 108 109 110 119 120 129
146 152 153 157 158 159 161 162 163 37 164 165 166 46 47 66 167 168 56 57 58 77 78 169 67 68 69 70 89 90 91 79 80 81 82 83 101 102 103 1 92 93 94 95 96 112 113 114 2 3 104 105 106 107 108 122 123 124 4 5 6 115 116 117 118 119 131 132 133 7 8 9 10 125 126 127 128 129 139 140 141 11 12 13 14 15 134 135 136 137 138 147 148 16 17 18 19 20 21 142 143 144 145 154 22 23 24 25 26 27 28 149 150 151 29 30 31 32 33 34 35 36 155 156 38 39 40 41 42 43 44 45 160 48 49 50 51 52 53 54 55 59 60 61 62 63 64 65 71 72 73 74 75 76 84 85 86 87 88 97 98 99 100 109 110 111 120 121 130
147 153 154 158 159 29 162 163 37 38 165 166 46 47 48 167 168 56 57 58 59 78 169 67 68 69 70 71 90 91 79 80 81 82 83 84 102 103 1 92 93 94 95 96 97 113 114 2 3 104 105 106 107 108 109 123 124 4 5 6 115 116 117 118 119 120 132 133 7 8 9 10 125 126 127 128 129 130 140 141 11 12 13 14 15 134 135 136 137 138 139 148 16 17 18 19 20 21 142 143 144 145 146 22 23 24 25 26 27 28 149 150 151 152 30 31 32 33 34 35 36 155 156 157 39 40 41 42 43 44 45 160 161 49 50 51 52 53 54 55 164 60 61 62 63 64 65 66 72 73 74 75 76 77 85 86 87 88 89 98 99 100 101 110 111 112 121 122 131
148 154 22 159 29 30 163 37 38 39 166 46 47 48 49 168 56 57 58 59 60 169 67 68 69 70 71 72 91 79 80 81 82 83 84 85 103 1 92 93 94 95 96 97 98 114 2 3 104 105 106 107 108 109 110 124 4 5 6 115 116 117 118 119 120 121 133 7 8 9 10 125 126 127 128 129 130 131 141 11 12 13 14 15 134 135 136 137 138 139 140 16 17 18 19 20 21 142 143 144 145 146 147 23 24 25 26 27 28 149 150 151 152 153 31 32 33 34 35 36 155 156 157 158 40 41 42 43 44 45 160 161 162 50 51 52 53 54 55 164 165 61 62 63 64 65 66 167 73 74 75 76 77 78 86 87 88 89 90 99 100 101 102 111 112 113 122 123 132
149 36 155 44 45 160 53 54 55 164 63 64 65 66 167 74 75 76 77 78 169 86 87 88 89 90 91 79 98 99 100 101 102 103 1 92 109 110 111 112 113 114 2 3 104 119 120 121 122 123 124 4 5 6 115 128 129 130 131 132 133 7 8 9 10 125 136 137 138 139 140 141 11 12 13 14 15 134 143 144 145 146 147 148 16 17 18 19 20 21 142 150 151 152 153 154 22 23 24 25 26 27 28 156 157 158 159 29 30 31 32 33 34 35 161 162 163 37 38 39 40 41 42 43 165 166 46 47 48 49 50 51 52 168 56 57 58 59 60 61 62 67 68 69 70 71 72 73 80 81 82 83 84 85 93 94 95 96 97 105 106 107 108 116 117 118 126 127 135
150 155 156 45 160 161 54 55 164 165 64 65 66 167 168 75 76 77 78 169 67 87 88 89 90 91 79 80 99 100 101 102 103 1 92 93 110 111 112 113 114 2 3 104 105 120 121 122 123 124 4 5 6 115 116 129 130 131 132 133 7 8 9 10 125 126 137 138 139 140 141 11 12 13 14 15 134 135 144 145 146 147 148 16 17 18 19 20 21 142 143 151 152 153 154 22 23 24 25 26 27 28 149 157 158 159 29 30 31 32 33 34 35 36 162 163 37 38 39 40 41 42 43 44 166 46 47 48 49 50 51 52 53 56 57 58 59 60 61 62 63 68 69 70 71 72 73 74 81 82 83 84 85 86 94 95 96 97 98 106 107 108 109 117 118 119 127 128 136
151 156 157 160 161 162 55 164 165 166 65 66 167 168 56 76 77 78 169 67 68 88 89 90 91 79 80 81 100 101 102 103 1 92 93 94 111 112 113 114 2 3 104 105 106 121 122 123 124 4 5 6 115 116 117 130 131 132 133 7 8 9 10 125 126 127 138 139 140 141 11 12 13 14 15 134 135 136 145 146 147 148 16 17 18 19 20 21 142 143 144 152 153 154 22 23 24 25 26 27 28 149 150 158 159 29 30 31 32 33 34 35 36 155 163 37 38 39 40 41 42 43 44 45 46 47 48 49 50 51 52 53 54 57 58 59 60 61 62 63 64 69 70 71 72 73 74 75 82 83 84 85 86 87 95 96 97 98 99 107 108 109 110 118 119 120 128 129 137
152 157 158 161 162 163 164 165 166 46 66 167 168 56 57 77 78 169 67 68 69 89 90 91 79 80 81 82 101 102 103 1 92 93 94 95 112 113 114 2 3 104 105 106 107 122 123 124 4 5 6 115 116 117 118 131 132 133 7 8 9 10 125 126 127 128 139 140 141 11 12 13 14 15 134 135 136 137 146 147 148 16 17 18 19 20 21 142 143 144 145 153 154 22 23 24 25 26 27 28 149 150 151 159 29 30 31 32 33 34 35 36 155 156 37 38 39 40 41 42 43 44 45 160 47 48 49 50 51 52 53 54 55 58 59 60 61 62 63 64 65 70 71 72 73 74 75 76 83 84 85 86 87 88 96 97 98 99 100 108 109 110 111 119 120 121 129 130 138
153 158 159 162 163 37 165 166 46 47 167 168 56 57 58 78 169 67 68 69 70 90 91 79 80 81 82 83 102 103 1 92 93 94 95 96 113 114 2 3 104 105 106 107 108 123 124 4 5 6 115 116 117 118 119 132 133 7 8 9 10 125 126 127 128 129 140 141 11 12 13 14 15 134 135 136 137 138 147 148 16 17 18 19 20 21 142 143 144 145 146 154 22 23 24 25 26 27 28 149 150 151 152 29 30 31 32 33 34 35 36 155 156 157 38 39 40 41 42 43 44 45 160 161 48 49 50 51 52 53 54 55 164 59 60 61 62 63 64 65 66 71 72 73 74 75 76 77 84 85 86 87 88 89 97 98 99 100 101 109 110 111 112 120 121 122 130 131 139
154 159 29 163 37 38 166 46 47 48 168 56 57 58 59 169 67 68 69 70 71 91 79 80 81 82 83 84 103 1 92 93 94 95 96 97 114 2 3 104 105 106 107 108 109 124 4 5 6 115 116 117 118 119 120 133 7 8 9 10 125 126 127 128 129 130 141 11 12 13 14 15 134 135 136 137 138 139 148 16 17 18 19 20 21 142 143 144 145 146 147 22 23 24 25 26 27 28 149 150 151 152 153 30 31 32 33 34 35 36 155 156 157 158 39 40 41 42 43 44 45 160 161 162 49 50 51 52 53 54 55 164 165 60 61 62 63 64 65 66 167 72 73 74 75 76 77 78 85 86 87 88 89 90 98 99 100 101 102 110 111 112 113 121 122 123 131 132 140
155 45 160 54 55 164 64 65 66 167 75 76 77 78 169 87 88 89 90 91 79 99 100 101 102 103 1 92 110 111 112 113 114 2 3 104 120 121 122 123 124 4 5 6 115 129 130 131 132 133 7 8 9 10 125 137 138 139 140 141 11 12 13 14 15 134 144 145 146 147 148 16 17 18 19 20 21 142 150 151 152 153 154 22 23 24 25 26 27 28 149 156 157 158 159 29 30 31 32 33 34 35 36 161 162 163 37 38 39 40 41 42 43 44 165 166 46 47 48 49 50 51 52 53 168 56 57 58 59 60 61 62 63 67 68 69 70 71 72 73 74 80 81 82 83 84 85 86 93 94 95 96 97 98 105 106 107 108 109 116 117 118 119 126 127 128 135 136 143
156 160 161 55 164 165 65 66 167 168 76 77 78 169 67 88 89 90 91 79 80 100 101 102 103 1 92 93 111 112 113 114 2 3 104 105 121 122 123 124 4 5 6 115 116 130 131 132 133 7 8 9 10 125 126 138 139 140 141 11 12 13 14 15 134 135 145 146 147 148 16 17 18 19 20 21 142 143 151 152 153 154 22 23 24 25 26 27 28 149 150 157 158 159 29 30 31 32 33 34 35 36 155 162 163 37 38 39 40 41 42 43 44 45 166 46 47 48 49 50 51 52 53 54 56 57 58 59 60 61 62 63 64 68 69 70 71 72 73 74 75 81 82 83 84 85 86 87 94 95 96 97 98 99 106 107 108 109 110 117 118 119 120 127 128 129 136 137 144
157 161 162 164 165 166 66 167 168 56 77 78 169 67 68 89 90 91 79 80 81 101 102 103 1 92 93 94 112 113 114 2 3 104 105 106 122 123 124 4 5 6 115 116 117 131 132 133 7 8 9 10 125 126 127 139 140 141 11 12 13 14 15 134 135 136 146 147 148 16 17 18 19 20 21 142 143 144 152 153 154 22 23 24 25 26 27 28 149 150 151 158 159 29 30 31 32 33 34 35 36 155 156 163 37 38 39 40 41 42 43 44 45 160 46 47 48 49 50 51 52 53 54 55 57 58 59 60 61 62 63 64 65 69 70 71 72 73 74 75 76 82 83 84 85 86 87 88 95 96 97 98 99 100 107 108 109 110 111 118 119 120 121 128 129 130 137 138 145
158 162 163 165 166 46 167 168 56 57 78 169 67 68 69 90 91 79 80 81 82 102 103 1 92 93 94 95 113 114 2 3 104 105 106 107 123 124 4 5 6 115 116 117 118 132 133 7 8 9 10 125 126 127 128 140 141 11 12 13 14 15 134 135 136 137 147 148 16 17 18 19 20 21 142 143 144 145 153 154 22 23 24 25 26 27 28 149 150 151 152 159 29 30 31 32 33 34 35 36 155 156 157 37 38 39 40 41 42 43 44 45 160 161 47 48 49 50 51 52 53 54 55 164 58 59 60 61 62 63 64 65 66 70 71 72 73 74 75 76 77 83 84 85 86 87 88 89 96 97 98 99 100 101 108 109 110 111 112 119 120 121 122 129 130 131 138 139 146
159 163 37 166 46 47 168 56 57 58 169 67 68 69 70 91 79 80 81 82 83 103 1 92 93 94 95 96 114 2 3 104 105 106 107 108 124 4 5 6 115 116 117 118 119 133 7 8 9 10 125 126 127 128 129 141 11 12 13 14 15 134 135 136 137 138 148 16 17 18 19 20 21 142 143 144 145 146 154 22 23 24 25 26 27 28 149 150 151 152 153 29 30 31 32 33 34 35 36 155 156 157 158 38 39 40 41 42 43 44 45 160 161 162 48 49 50 51 52 53 54 55 164 165 59 60 61 62 63 64 65 66 167 71 72 73 74 75 76 77 78 84 85 86 87 88 89 90 97 98 99 100 101 102 109 110 111 112 113 120 121 122 123 130 131 132 139 140 147
160 55 164 65 66 167 76 77 78 169 88 89 90 91 79 100 101 102 103 1 92 111 112 113 114 2 3 104 121 122 123 124 4 5 6 115 130 131 132 133 7 8 9 10 125 138 139 140 141 11 12 13 14 15 134 145 146 147 148 16 17 18 19 20 21 142 151 152 153 154 22 23 24 25 26 27 28 149 156 157 158 159 29 30 31 32 33 34 35 36 155 161 162 163 37 38 39 40 41 42 43 44 45 165 166 46 47 48 49 50 51 52 53 54 168 56 57 58 59 60 61 62 63 64 67 68 69 70 71 72 73 74 75 80 81 82 83 84 85 86 87 93 94 95 96 97 98 99 105 106 107 108 109 110 116 117 118 119 120 126 127 128 129 135 136 137 143 144 150
161 164 165 66 167 168 77 78 169 67 89 90 91 79 80 101 102 103 1 92 93 112 113 114 2 3 104 105 122 123 124 4 5 6 115 116 131 132 133 7 8 9 10 125 126 139 140 141 11 12 13 14 15 134 135 146 147 148 16 17 18 19 20 21 142 143 152 153 154 22 23 24 25 26 27 28 149 150 157 158 159 29 30 31 32 33 34 35 36 155 156 162 163 37 38 39 40 41 42 43 44 45 160 166 46 47 48 49 50 51 52 53 54 55 56 57 58 59 60 61 62 63 64 65 68 69 70 71 72 73 74 75 76 81 82 83 84 85 86 87 88 94 95 96 97 98 99 100 106 107 108 109 110 111 117 118 119 120 121 127 128 129 130 136 137 138 144 145 151
162 165 166 167 168 56 78 169 67 68 90 91 79 80 81 102 103 1 92 93 94 113 114 2 3 104 105 106 123 124 4 5 6 115 116 117 132 133 7 8 9 10 125 126 127 140 141 11 12 13 14 15 134 135 136 147 148 16 17 18 19 20 21 142 143 144 153 154 22 23 24 25 26 27 28 149 150 151 158 159 29 30 31 32 33 34 35 36 155 156 157 163 37 38 39 40 41 42 43 44 45 160 161 46 47 48 49 50 51 52 53 54 55 164 57 58 59 60 61 62 63 64 65 66 69 70 71 72 73 74 75 76 77 82 83 84 85 86 87 88 89 95 96 97 98 99 100 101 107 108 109 110 111 112 118 119 120 121 122 128 129 130 131 137 138 139 145 146 152
163 166 46 168 56 57 169 67 68 69 91 79 80 81 82 103 1 92 93 94 95 114 2 3 104 105 106 107 124 4 5 6 115 116 117 118 133 7 8 9 10 125 126 127 128 141 11 12 13 14 15 134 135 136 137 148 16 17 18 19 20 21 142 143 144 145 154 22 23 24 25 26 27 28 149 150 151 152 159 29 30 31 32 33 34 35 36 155 156 157 158 37 38 39 40 41 42 43 44 45 160 161 162 47 48 49 50 51 52 53 54 55 164 165 58 59 60 61 62 63 64 65 66 167 70 71 72 73 74 75 76 77 78 83 84 85 86 87 88 89 90 96 97 98 99 100 101 102 108 109 110 111 112 113 119 120 121 122 123 129 130 131 132 138 139 140 146 147 153
164 66 167 77 78 169 89 90 91 79 101 102 103 1 92 112 113 114 2 3 104 122 123 124 4 5 6 115 131 132 133 7 8 9 10 125 139 140 141 11 12 13 14 15 134 146 147 148 16 17 18 19 20 21 142 152 153 154 22 23 24 25 26 27 28 149 157 158 159 29 30 31 32 33 34 35 36 155 161 162 163 37 38 39 40 41 42 43 44 45 160 165 166 46 47 48 49 50 51 52 53 54 55 168 56 57 58 59 60 61 62 63 64 65 67 68 69 70 71 72 73 74 75 76 80 81 82 83 84 85 86 87 88 93 94 95 96 97 98 99 100 105 106 107 108 109 110 111 116 117 118 119 120 121 126 127 128 129 130 135 136 137 138 143 144 145 150 151 156
165 167 168 78 169 67 90 91 79 80 102 103 1 92 93 113 114 2 3 104 105 123 124 4 5 6 115 116 132 133 7 8 9 10 125 126 140 141 11 12 13 14 15 134 135 147 148 16 17 18 19 20 21 142 143 153 154 22 23 24 25 26 27 28 149 150 158 159 29 30 31 32 33 34 35 36 155 156 162 163 37 38 39 40 41 42 43 44 45 160 161 166 46 47 48 49 50 51 52 53 54 55 164 56 57 58 59 60 61 62 63 64 65 66 68 69 70 71 72 73 74 75 76 77 81 82 83 84 85 86 87 88 89 94 95 96 97 98 99 100 101 106 107 108 109 110 111 112 117 118 119 120 121 122 127 128 129 130 131 136 137 138 139 144 145 146 151 152 157
166 168 56 169 67 68 91 79 80 81 103 1 92 93 94 114 2 3 104 105 106 124 4 5 6 115 116 117 133 7 8 9 10 125 126 127 141 11 12 13 14 15 134 135 136 148 16 17 18 19 20 21 142 143 144 154 22 23 24 25 26 27 28 149 150 151 159 29 30 31 32 33 34 35 36 155 156 157 163 37 38 39 40 41 42 43 44 45 160 161 162 46 47 48 49 50 51 52 53 54 55 164 165 57 58 59 60 61 62 63 64 65 66 167 69 70 71 72 73 74 75 76 77 78 82 83 84 85 86 87 88 89 90 95 96 97 98 99 100 101 102 107 108 109 110 111 112 113 118 119 120 121 122 123 128 129 130 131 132 137 138 139 140 145 146 147 152 153 158
167 78 169 90 91 79 102 103 1 92 113 114 2 3 104 123 124 4 5 6 115 132 133 7 8 9 10 125 140 141 11 12 13 14 15 134 147 148 16 17 18 19 20 21 142 153 154 22 23 24 25 26 27 28 149 158 159 29 30 31 32 33 34 35 36 155 162 163 37 38 39 40 41 42 43 44 45 160 165 166 46 47 48 49 50 51 52 53 54 55 164 168 56 57 58 59 60 61 62 63 64 65 66 67 68 69 70 71 72 73 74 75 76 77 80 81 82 83 84 85 86 87 88 89 93 94 95 96 97 98 99 100 101 105 106 107 108 109 110 111 112 116 117 118 119 120 121 122 126 127 128 129 130 131 135 136 137 138 139 143 144 145 146 150 151 152 156 157 161
168 169 67 91 79 80 103 1 92 93 114 2 3 104 105 124 4 5 6 115 116 133 7 8 9 10 125 126 141 11 12 13 14 15 134 135 148 16 17 18 19 20 21 142 143 154 22 23 24 25 26 27 28 149 150 159 29 30 31 32 33 34 35 36 155 156 163 37 38 39 40 41 42 43 44 45 160 161 166 46 47 48 49 50 51 52 53 54 55 164 165 56 57 58 59 60 61 62 63 64 65 66 167 68 69 70 71 72 73 74 75 76 77 78 81 82 83 84 85 86 87 88 89 90 94 95 96 97 98 99 100 101 102 106 107 108 109 110 111 112 113 117 118 119 120 121 122 123 127 128 129 130 131 132 136 137 138 139 140 144 145 146 147 151 152 153 157 158 162
169 91 79 103 1 92 114 2 3 104 124 4 5 6 115 133 7 8 9 10 125 141 11 12 13 14 15 134 148 16 17 18 19 20 21 142 154 22 23 24 25 26 27 28 149 159 29 30 31 32 33 34 35 36 155 163 37 38 39 40 41 42 43 44 45 160 166 46 47 48 49 50 51 52 53 54 55 164 168 56 57 58 59 60 61 62 63 64 65 66 167 67 68 69 70 71 72 73 74 75 76 77 78 80 81 82 83 84 85 86 87 88 89 90 93 94 95 96 97 98 99 100 101 102 105 106 107 108 109 110 111 112 113 116 117 118 119 120 121 122 123 126 127 128 129 130 131 132 135 136 137 138 139 140 143 144 145 146 147 150 151 152 153 156 157 158 161 162 165
